AT score 122.1  123.3  123.3  123.3  123.1  122.5  122.5  123.6  124.0  124.2
P4Approach4 1.04922588032 122.1964  123.5475  123.4468  123.3657  123.2243  122.4614  122.6575  123.6313  123.9021  124.1436
 - (0.4591)  (0.3348)  (0.3398)  (0.3416)  (0.3354)  (0.337)  (0.3306)  (0.4629)  (0.3258)  (0.3252)
P4Approach2 1.0334183285 122.1474  123.5793  123.4778  123.3657  123.2434  122.4614  122.6575  123.6313  123.8837  124.1288
 - (0.4591)  (0.3348)  (0.3398)  (0.3416)  (0.3354)  (0.337)  (0.3306)  (0.4629)  (0.3258)  (0.3252)
P4Approach5 0.940673951802 122.2189  123.7290  123.5978  123.4244  123.2546  122.3193  122.6134  123.6073  123.8679  124.0927
 - (0.4591)  (0.3348)  (0.3398)  (0.3416)  (0.3354)  (0.337)  (0.3306)  (0.4629)  (0.3258)  (0.3252)
P4Approach3 0.794362667064 122.2659  123.8946  123.7332  123.4832  123.2753  122.1771  122.5693  123.5833  123.8428  124.0492
 - (0.4591)  (0.3348)  (0.3398)  (0.3416)  (0.3354)  (0.337)  (0.3306)  (0.4629)  (0.3258)  (0.3252)
P4Approach1 0.794362667064 122.2659  123.8946  123.7332  123.4832  123.2753  122.1771  122.5693  123.5833  123.8428  124.0492
 - (0.4591)  (0.3348)  (0.3398)  (0.3416)  (0.3354)  (0.337)  (0.3306)  (0.4629)  (0.3258)  (0.3252)
BE score 122.2  122.7  123.0  123.0  123.1  121.7  123.6  122.8  123.1  123.0
P4Approach5 0.989010770557 122.2436  122.1829  122.9652  122.9282  123.1577  121.4856  123.5159  123.0714  123.3266  123.3433
 - (0.3017)  (0.2393)  (0.242)  (0.2398)  (0.2381)  (0.2319)  (0.2404)  (0.2906)  (0.2405)  (0.2436)
P4Approach10 0.989010770557 122.2436  122.1829  122.9652  122.9282  123.1577  121.4856  123.5159  123.0714  123.3266  123.3433
 - (0.3017)  (0.2393)  (0.242)  (0.2398)  (0.2381)  (0.2319)  (0.2404)  (0.2906)  (0.2405)  (0.2436)
P4Approach9 0.974327156911 122.2162  122.1581  122.9905  123.0086  123.2330  121.4415  123.5743  123.1108  123.2892  123.2902
 - (0.3017)  (0.2393)  (0.242)  (0.2398)  (0.2381)  (0.2319)  (0.2404)  (0.2906)  (0.2405)  (0.2436)
P4Approach4 0.974327156911 122.2162  122.1581  122.9905  123.0086  123.2330  121.4415  123.5743  123.1108  123.2892  123.2902
 - (0.3017)  (0.2393)  (0.242)  (0.2398)  (0.2381)  (0.2319)  (0.2404)  (0.2906)  (0.2405)  (0.2436)
P4Approach2 0.9704198393 122.2162  122.1581  122.9905  123.0086  123.2330  121.4766  123.5743  123.1108  123.2892  123.3281
 - (0.3017)  (0.2393)  (0.242)  (0.2398)  (0.2381)  (0.2319)  (0.2404)  (0.2906)  (0.2405)  (0.2436)
P4Approach7 0.9704198393 122.2162  122.1581  122.9905  123.0086  123.2330  121.4766  123.5743  123.1108  123.2892  123.3281
 - (0.3017)  (0.2393)  (0.242)  (0.2398)  (0.2381)  (0.2319)  (0.2404)  (0.2906)  (0.2405)  (0.2436)
P4Approach8 0.968089728325 122.2710  122.2077  122.9399  122.8479  123.0825  121.5121  123.4574  123.0320  123.3641  123.3775
 - (0.3017)  (0.2393)  (0.242)  (0.2398)  (0.2381)  (0.2319)  (0.2404)  (0.2906)  (0.2405)  (0.2436)
P4Approach3 0.968089728325 122.2710  122.2077  122.9399  122.8479  123.0825  121.5121  123.4574  123.0320  123.3641  123.3775
 - (0.3017)  (0.2393)  (0.242)  (0.2398)  (0.2381)  (0.2319)  (0.2404)  (0.2906)  (0.2405)  (0.2436)
P4Approach1 0.968089728325 122.2710  122.2077  122.9399  122.8479  123.0825  121.5121  123.4574  123.0320  123.3641  123.3775
 - (0.3017)  (0.2393)  (0.242)  (0.2398)  (0.2381)  (0.2319)  (0.2404)  (0.2906)  (0.2405)  (0.2436)
P4Approach6 0.968089728325 122.2710  122.2077  122.9399  122.8479  123.0825  121.5121  123.4574  123.0320  123.3641  123.3775
 - (0.3017)  (0.2393)  (0.242)  (0.2398)  (0.2381)  (0.2319)  (0.2404)  (0.2906)  (0.2405)  (0.2436)
BG score 142.3  141.6  141.4  141.3  141.2  142.6  142.6  141.4  141.2  141.0
P4Approach3 0.340995160326 142.5211  142.3397  141.3334  141.4014  141.3638  141.2099  142.2311  142.2311  141.7278  141.6493
 - (0.5864)  (0.5063)  (0.4589)  (0.4548)  (0.4509)  (0.4473)  (0.4809)  (0.7281)  (0.502)  (0.5224)
P4Approach1 0.340995160326 142.5211  142.3397  141.3334  141.4014  141.3638  141.2099  142.2311  142.2311  141.7278  141.6493
 - (0.5864)  (0.5063)  (0.4589)  (0.4548)  (0.4509)  (0.4473)  (0.4809)  (0.7281)  (0.502)  (0.5224)
P4Approach5 0.333971023259 142.7524  142.2934  141.4724  141.2441  141.1075  141.3047  142.6772  142.6624  141.3996  141.8998
 - (0.5864)  (0.5063)  (0.4589)  (0.4548)  (0.4509)  (0.4473)  (0.4809)  (0.7281)  (0.502)  (0.5224)
P4Approach2 0.263544343957 142.9837  142.0563  141.5704  141.0913  140.8513  141.3995  143.1234  143.0937  141.0714  142.1504
 - (0.5864)  (0.5063)  (0.4589)  (0.4548)  (0.4509)  (0.4473)  (0.4809)  (0.7281)  (0.502)  (0.5224)
P4Approach4 0.237166922848 142.9837  142.4377  141.6525  141.0821  140.8513  141.3995  143.1234  143.0937  141.0714  142.1504
 - (0.5864)  (0.5063)  (0.4589)  (0.4548)  (0.4509)  (0.4473)  (0.4809)  (0.7281)  (0.502)  (0.5224)
CY score 111.7  112.7  113.2  114.5  114.8  116.0  116.5  115.8  114.6  113.3
P4Approach2 0.28635872376 113.3066  112.5714  113.3100  114.2107  115.0302  114.1796  116.3724  116.0359  115.2032  113.7928
 - (1.4774)  (0.9421)  (0.9508)  (0.9425)  (0.9408)  (0.9553)  (0.9976)  (1.4653)  (0.9939)  (1.0017)
P4Approach4 0.274186312215 113.3395  112.5714  113.1584  114.2107  114.8745  114.1796  116.3358  115.8068  115.7702  113.6530
 - (1.4774)  (0.9421)  (0.9508)  (0.9425)  (0.9408)  (0.9553)  (0.9976)  (1.4653)  (0.9939)  (1.0017)
P4Approach5 0.232896325463 112.7215  112.5896  113.3814  114.0310  114.6841  113.6878  116.1008  116.2756  116.1314  114.0060
 - (1.4774)  (0.9421)  (0.9508)  (0.9425)  (0.9408)  (0.9553)  (0.9976)  (1.4653)  (0.9939)  (1.0017)
P4Approach3 0.173929645158 112.1199  112.6079  113.4376  113.8513  114.3531  113.1496  115.9305  116.3978  116.6853  114.2891
 - (1.4774)  (0.9421)  (0.9508)  (0.9425)  (0.9408)  (0.9553)  (0.9976)  (1.4653)  (0.9939)  (1.0017)
P4Approach1 0.166872945193 112.1199  112.6079  113.6194  113.8513  114.4787  113.2426  115.7646  116.8618  116.8670  114.2891
 - (1.4774)  (0.9421)  (0.9508)  (0.9425)  (0.9408)  (0.9553)  (0.9976)  (1.4653)  (0.9939)  (1.0017)
CZ score 120.3  120.3  121.0  120.8  120.7  121.3  121.0  120.8  121.0  121.5
P4Approach1 0.614684470316 120.1618  120.0433  120.3077  121.2264  120.9624  120.8002  121.1672  120.6947  120.9609  120.9644
 - (0.4449)  (0.5588)  (0.4998)  (0.3332)  (0.3357)  (0.3213)  (0.3375)  (0.4771)  (0.3323)  (0.2966)
P4Approach3 0.611757364245 120.0444  120.4509  120.3077  121.2264  120.9624  120.8002  121.1672  120.6947  120.9609  120.9644
 - (0.4449)  (0.5588)  (0.4998)  (0.3332)  (0.3357)  (0.3213)  (0.3375)  (0.4771)  (0.3323)  (0.2966)
P4Approach5 0.521571370449 119.7433  120.3228  120.4284  121.2145  120.8961  120.7306  121.1910  120.9514  120.9244  120.8126
 - (0.4449)  (0.5588)  (0.4998)  (0.3332)  (0.3357)  (0.3213)  (0.3375)  (0.4771)  (0.3323)  (0.2966)
P4Approach2 0.395508627426 119.3878  120.4140  120.5601  121.1906  120.8149  120.6553  121.2018  121.1493  120.9164  120.6723
 - (0.4449)  (0.5588)  (0.4998)  (0.3332)  (0.3357)  (0.3213)  (0.3375)  (0.4771)  (0.3323)  (0.2966)
P4Approach4 0.370206413672 119.3791  120.3829  120.5380  121.2148  120.8447  120.6667  121.2278  121.2669  120.8593  120.6491
 - (0.4449)  (0.5588)  (0.4998)  (0.3332)  (0.3357)  (0.3213)  (0.3375)  (0.4771)  (0.3323)  (0.2966)
DE score 115.0  116.0  115.2  115.6  115.5  116.2  116.2  116.2  116.2  116.4
P4Approach5 0.8299236536 115.4947  115.5089  115.6202  115.4127  115.5346  115.9271  116.2327  116.1328  116.0854  116.2646
 - (0.2374)  (0.2435)  (0.2355)  (0.236)  (0.2355)  (0.2344)  (0.2327)  (0.2407)  (0.2287)  (0.227)
P4Approach20 0.8299236536 115.4947  115.5089  115.6202  115.4127  115.5346  115.9271  116.2327  116.1328  116.0854  116.2646
 - (0.2374)  (0.2435)  (0.2355)  (0.236)  (0.2355)  (0.2344)  (0.2327)  (0.2407)  (0.2287)  (0.227)
P4Approach10 0.8299236536 115.4947  115.5089  115.6202  115.4127  115.5346  115.9271  116.2327  116.1328  116.0854  116.2646
 - (0.2374)  (0.2435)  (0.2355)  (0.236)  (0.2355)  (0.2344)  (0.2327)  (0.2407)  (0.2287)  (0.227)
P4Approach8 0.821337319537 115.5266  115.5093  115.5612  115.3958  115.6654  116.0013  116.2252  116.0750  116.0482  116.2400
 - (0.2374)  (0.2435)  (0.2355)  (0.236)  (0.2355)  (0.2344)  (0.2327)  (0.2407)  (0.2287)  (0.227)
P4Approach3 0.821337319537 115.5266  115.5093  115.5612  115.3958  115.6654  116.0013  116.2252  116.0750  116.0482  116.2400
 - (0.2374)  (0.2435)  (0.2355)  (0.236)  (0.2355)  (0.2344)  (0.2327)  (0.2407)  (0.2287)  (0.227)
P4Approach1 0.821337319537 115.5266  115.5093  115.5612  115.3958  115.6654  116.0013  116.2252  116.0750  116.0482  116.2400
 - (0.2374)  (0.2435)  (0.2355)  (0.236)  (0.2355)  (0.2344)  (0.2327)  (0.2407)  (0.2287)  (0.227)
P4Approach6 0.821337319537 115.5266  115.5093  115.5612  115.3958  115.6654  116.0013  116.2252  116.0750  116.0482  116.2400
 - (0.2374)  (0.2435)  (0.2355)  (0.236)  (0.2355)  (0.2344)  (0.2327)  (0.2407)  (0.2287)  (0.227)
P4Approach18 0.821337319537 115.5266  115.5093  115.5612  115.3958  115.6654  116.0013  116.2252  116.0750  116.0482  116.2400
 - (0.2374)  (0.2435)  (0.2355)  (0.236)  (0.2355)  (0.2344)  (0.2327)  (0.2407)  (0.2287)  (0.227)
P4Approach16 0.821337319537 115.5266  115.5093  115.5612  115.3958  115.6654  116.0013  116.2252  116.0750  116.0482  116.2400
 - (0.2374)  (0.2435)  (0.2355)  (0.236)  (0.2355)  (0.2344)  (0.2327)  (0.2407)  (0.2287)  (0.227)
P4Approach9 0.790466363815 115.4405  115.5040  115.6689  115.3962  115.3912  115.8436  116.2478  116.1820  116.1224  116.2780
 - (0.2374)  (0.2435)  (0.2355)  (0.236)  (0.2355)  (0.2344)  (0.2327)  (0.2407)  (0.2287)  (0.227)
P4Approach4 0.790466363815 115.4405  115.5040  115.6689  115.3962  115.3912  115.8436  116.2478  116.1820  116.1224  116.2780
 - (0.2374)  (0.2435)  (0.2355)  (0.236)  (0.2355)  (0.2344)  (0.2327)  (0.2407)  (0.2287)  (0.227)
P4Approach19 0.790466363815 115.4405  115.5040  115.6689  115.3962  115.3912  115.8436  116.2478  116.1820  116.1224  116.2780
 - (0.2374)  (0.2435)  (0.2355)  (0.236)  (0.2355)  (0.2344)  (0.2327)  (0.2407)  (0.2287)  (0.227)
P4Approach2 0.786843230323 115.4852  115.5129  115.6897  115.4629  115.4164  115.8620  116.2326  116.1991  116.1228  116.3005
 - (0.2374)  (0.2435)  (0.2355)  (0.236)  (0.2355)  (0.2344)  (0.2327)  (0.2407)  (0.2287)  (0.227)
P4Approach7 0.786843230323 115.4852  115.5129  115.6897  115.4629  115.4164  115.8620  116.2326  116.1991  116.1228  116.3005
 - (0.2374)  (0.2435)  (0.2355)  (0.236)  (0.2355)  (0.2344)  (0.2327)  (0.2407)  (0.2287)  (0.227)
P4Approach17 0.786843230323 115.4852  115.5129  115.6897  115.4629  115.4164  115.8620  116.2326  116.1991  116.1228  116.3005
 - (0.2374)  (0.2435)  (0.2355)  (0.236)  (0.2355)  (0.2344)  (0.2327)  (0.2407)  (0.2287)  (0.227)
P5Approach16 0.0 115.4888  100.8791  100.8770  100.7138  100.7236  101.2674  101.5448  101.4878  101.5756  101.5939
 - (0.2433)  (0.1812)  (0.1834)  (0.1808)  (0.1849)  (0.1877)  (0.183)  (0.1838)  (0.1886)  (0.1847)
P5Approach17 0.0 115.4422  100.8869  100.8762  100.7196  100.7401  101.3047  101.5449  101.4841  101.5777  101.5980
 - (0.1897)  (0.1705)  (0.1789)  (0.1733)  (0.1751)  (0.1793)  (0.173)  (0.1723)  (0.1748)  (0.1752)
P5Approach14 0.0 115.4321  100.8876  100.8821  100.7195  100.7320  101.2819  101.5526  101.4958  101.5959  101.6086
 - (0.2221)  (0.1706)  (0.1738)  (0.1735)  (0.1746)  (0.1758)  (0.1729)  (0.1726)  (0.1763)  (0.1756)
P5Approach15 0.0 115.4530  100.8737  100.8666  100.7156  100.7184  101.2638  101.5417  101.4906  101.5857  101.5824
 - (0.2231)  (0.1709)  (0.1739)  (0.1733)  (0.1748)  (0.1757)  (0.1725)  (0.1724)  (0.1762)  (0.1744)
P5Approach12 0.0 115.4068  100.8806  100.8743  100.7122  100.7226  101.2856  101.5564  101.5053  101.5931  101.6097
 - (0.2198)  (0.1708)  (0.174)  (0.1732)  (0.1749)  (0.1761)  (0.1729)  (0.1726)  (0.1763)  (0.1756)
P5Approach13 0.0 115.4597  100.8744  100.8733  100.7257  100.7270  101.2749  101.5508  101.5034  101.5962  101.6050
 - (0.2232)  (0.1698)  (0.1737)  (0.1734)  (0.1748)  (0.176)  (0.1725)  (0.1725)  (0.1761)  (0.1756)
P5Approach10 0.0 115.4270  100.8515  100.8412  100.7063  100.7070  101.2471  101.5243  101.4838  101.5812  101.5989
 - (0.2222)  (0.1701)  (0.1727)  (0.1727)  (0.1741)  (0.1736)  (0.1711)  (0.1721)  (0.1761)  (0.1755)
P5Approach11 0.0 115.4291  100.8648  100.8636  100.7074  100.7124  101.2607  101.5429  101.4953  101.5878  101.6284
 - (0.2226)  (0.1708)  (0.1739)  (0.1732)  (0.1747)  (0.1758)  (0.1727)  (0.1726)  (0.1763)  (0.175)
P5Approach4 0.0 115.4443  100.8717  100.8572  100.7030  100.7091  101.2524  101.5257  101.4880  101.5915  101.5970
 - (0.2232)  (0.1709)  (0.1739)  (0.1732)  (0.1747)  (0.1755)  (0.1719)  (0.1725)  (0.1763)  (0.1755)
P5Approach5 0.0 115.4217  100.8871  100.8659  100.6970  100.7233  101.2482  101.5198  101.4971  101.5776  101.6127
 - (0.2224)  (0.1708)  (0.1739)  (0.173)  (0.1749)  (0.1754)  (0.1717)  (0.1726)  (0.1761)  (0.1756)
P5Approach6 0.0 115.4639  100.8770  100.8735  100.7240  100.7254  101.2796  101.5567  101.5011  101.5929  101.6063
 - (0.2221)  (0.1705)  (0.1739)  (0.1733)  (0.1749)  (0.176)  (0.1729)  (0.1726)  (0.1761)  (0.1755)
P5Approach7 0.0 115.4651  100.9069  100.8679  100.7418  100.7647  101.3494  101.5588  101.4660  101.5681  101.5827
 - (0.223)  (0.1681)  (0.1707)  (0.1712)  (0.1723)  (0.1736)  (0.1727)  (0.17)  (0.173)  (0.1732)
P5Approach1 0.0 115.7180  100.8183  100.9563  100.6968  100.7482  101.2104  101.5643  101.4020  101.4789  101.4858
 - (0.347)  (0.238)  (0.241)  (0.2389)  (0.2378)  (0.2392)  (0.2385)  (0.2364)  (0.2423)  (0.2361)
P5Approach2 0.0 115.8516  100.9853  100.9371  100.7012  100.6813  101.2088  101.5160  101.4878  101.5064  101.5780
 - (0.305)  (0.2031)  (0.2055)  (0.2048)  (0.2351)  (0.2345)  (0.2357)  (0.2354)  (0.2349)  (0.205)
P5Approach3 0.0 115.4443  100.8738  100.8723  100.7225  100.7293  101.2829  101.5572  101.5024  101.5920  101.6053
 - (0.2224)  (0.1705)  (0.174)  (0.1734)  (0.1747)  (0.176)  (0.1729)  (0.1726)  (0.1763)  (0.1756)
P5Approach8 0.0 115.4592  100.8583  100.8574  100.7106  100.7236  101.2815  101.5514  101.4996  101.5940  101.6024
 - (0.2224)  (0.1703)  (0.1733)  (0.1728)  (0.1749)  (0.1761)  (0.1727)  (0.1724)  (0.1755)  (0.1754)
P5Approach9 0.0 115.4564  100.8755  100.8658  100.7230  100.7300  101.2844  101.5530  101.4994  101.5934  101.6054
 - (0.2233)  (0.1709)  (0.1739)  (0.1735)  (0.1749)  (0.176)  (0.1728)  (0.1726)  (0.1763)  (0.1756)
DK score 117.4  117.4  117.5  117.7  117.7  117.9  117.5  117.4  117.5  117.4
P4Approach9 0.769890793274 117.6182  117.8765  117.4827  117.5000  117.7173  117.7000  117.7346  118.1481  117.3822  117.2538
 - (0.3145)  (0.1932)  (0.2172)  (0.2156)  (0.2173)  (0.2157)  (0.2189)  (0.3137)  (0.2399)  (0.2433)
P4Approach4 0.769890793274 117.6182  117.8765  117.4827  117.5000  117.7173  117.7000  117.7346  118.1481  117.3822  117.2538
 - (0.3145)  (0.1932)  (0.2172)  (0.2156)  (0.2173)  (0.2157)  (0.2189)  (0.3137)  (0.2399)  (0.2433)
P4Approach19 0.769890793274 117.6182  117.8765  117.4827  117.5000  117.7173  117.7000  117.7346  118.1481  117.3822  117.2538
 - (0.3145)  (0.1932)  (0.2172)  (0.2156)  (0.2173)  (0.2157)  (0.2189)  (0.3137)  (0.2399)  (0.2433)
P4Approach2 0.720937919714 117.6182  117.9134  117.3680  117.5756  117.7120  117.7010  117.7601  118.1586  117.3184  117.3168
 - (0.3145)  (0.1932)  (0.2172)  (0.2156)  (0.2173)  (0.2157)  (0.2189)  (0.3137)  (0.2399)  (0.2433)
P4Approach7 0.720937919714 117.6182  117.9134  117.3680  117.5756  117.7120  117.7010  117.7601  118.1586  117.3184  117.3168
 - (0.3145)  (0.1932)  (0.2172)  (0.2156)  (0.2173)  (0.2157)  (0.2189)  (0.3137)  (0.2399)  (0.2433)
P4Approach17 0.720937919714 117.6182  117.9134  117.3680  117.5756  117.7120  117.7010  117.7601  118.1586  117.3184  117.3168
 - (0.3145)  (0.1932)  (0.2172)  (0.2156)  (0.2173)  (0.2157)  (0.2189)  (0.3137)  (0.2399)  (0.2433)
P4Approach5 0.698214637917 117.7020  117.8432  117.4236  117.5375  117.6691  117.5775  117.7603  118.2070  117.3666  117.2868
 - (0.3145)  (0.1932)  (0.2172)  (0.2156)  (0.2173)  (0.2157)  (0.2189)  (0.3137)  (0.2399)  (0.2433)
P4Approach20 0.698214637917 117.7020  117.8432  117.4236  117.5375  117.6691  117.5775  117.7603  118.2070  117.3666  117.2868
 - (0.3145)  (0.1932)  (0.2172)  (0.2156)  (0.2173)  (0.2157)  (0.2189)  (0.3137)  (0.2399)  (0.2433)
P4Approach10 0.698214637917 117.7020  117.8432  117.4236  117.5375  117.6691  117.5775  117.7603  118.2070  117.3666  117.2868
 - (0.3145)  (0.1932)  (0.2172)  (0.2156)  (0.2173)  (0.2157)  (0.2189)  (0.3137)  (0.2399)  (0.2433)
P4Approach8 0.614830611906 117.7857  117.7914  117.4218  117.5373  117.6235  117.4544  117.7732  118.2607  117.3830  117.2883
 - (0.3145)  (0.1932)  (0.2172)  (0.2156)  (0.2173)  (0.2157)  (0.2189)  (0.3137)  (0.2399)  (0.2433)
P4Approach3 0.614830611906 117.7857  117.7914  117.4218  117.5373  117.6235  117.4544  117.7732  118.2607  117.3830  117.2883
 - (0.3145)  (0.1932)  (0.2172)  (0.2156)  (0.2173)  (0.2157)  (0.2189)  (0.3137)  (0.2399)  (0.2433)
P4Approach1 0.614830611906 117.7857  117.7914  117.4218  117.5373  117.6235  117.4544  117.7732  118.2607  117.3830  117.2883
 - (0.3145)  (0.1932)  (0.2172)  (0.2156)  (0.2173)  (0.2157)  (0.2189)  (0.3137)  (0.2399)  (0.2433)
P4Approach6 0.614830611906 117.7857  117.7914  117.4218  117.5373  117.6235  117.4544  117.7732  118.2607  117.3830  117.2883
 - (0.3145)  (0.1932)  (0.2172)  (0.2156)  (0.2173)  (0.2157)  (0.2189)  (0.3137)  (0.2399)  (0.2433)
P4Approach18 0.614830611906 117.7857  117.7914  117.4218  117.5373  117.6235  117.4544  117.7732  118.2607  117.3830  117.2883
 - (0.3145)  (0.1932)  (0.2172)  (0.2156)  (0.2173)  (0.2157)  (0.2189)  (0.3137)  (0.2399)  (0.2433)
P4Approach16 0.614830611906 117.7857  117.7914  117.4218  117.5373  117.6235  117.4544  117.7732  118.2607  117.3830  117.2883
 - (0.3145)  (0.1932)  (0.2172)  (0.2156)  (0.2173)  (0.2157)  (0.2189)  (0.3137)  (0.2399)  (0.2433)
EA score 115.8  117.3  117.4  117.6  117.6  117.0  117.3  117.7  117.8  117.7  118.1
P4Approach5 1.53541350474 116.1813  117.1366  117.5241  117.4479  117.5616  116.8069  117.2471  117.7821  117.8655  117.6614  117.9922
 - (0.2455)  (0.1806)  (0.1845)  (0.1847)  (0.1865)  (0.1774)  (0.1892)  (0.2549)  (0.188)  (0.1878)  (0.1863)
P4Approach20 1.53541350474 116.1813  117.1366  117.5241  117.4479  117.5616  116.8069  117.2471  117.7821  117.8655  117.6614  117.9922
 - (0.2455)  (0.1806)  (0.1845)  (0.1847)  (0.1865)  (0.1774)  (0.1892)  (0.2549)  (0.188)  (0.1878)  (0.1863)
P4Approach15 1.53541350474 116.1813  117.1366  117.5241  117.4479  117.5616  116.8069  117.2471  117.7821  117.8655  117.6614  117.9922
 - (0.2455)  (0.1806)  (0.1845)  (0.1847)  (0.1865)  (0.1774)  (0.1892)  (0.2549)  (0.188)  (0.1878)  (0.1863)
P4Approach10 1.53541350474 116.1813  117.1366  117.5241  117.4479  117.5616  116.8069  117.2471  117.7821  117.8655  117.6614  117.9922
 - (0.2455)  (0.1806)  (0.1845)  (0.1847)  (0.1865)  (0.1774)  (0.1892)  (0.2549)  (0.188)  (0.1878)  (0.1863)
P4Approach8 1.50618526608 116.1117  117.1769  117.4878  117.4502  117.5152  116.7088  117.1645  117.7147  117.8838  117.6977  118.0369
 - (0.2455)  (0.1806)  (0.1845)  (0.1847)  (0.1865)  (0.1774)  (0.1892)  (0.2549)  (0.188)  (0.1878)  (0.1863)
P4Approach3 1.50618526608 116.1117  117.1769  117.4878  117.4502  117.5152  116.7088  117.1645  117.7147  117.8838  117.6977  118.0369
 - (0.2455)  (0.1806)  (0.1845)  (0.1847)  (0.1865)  (0.1774)  (0.1892)  (0.2549)  (0.188)  (0.1878)  (0.1863)
P4Approach18 1.50618526608 116.1117  117.1769  117.4878  117.4502  117.5152  116.7088  117.1645  117.7147  117.8838  117.6977  118.0369
 - (0.2455)  (0.1806)  (0.1845)  (0.1847)  (0.1865)  (0.1774)  (0.1892)  (0.2549)  (0.188)  (0.1878)  (0.1863)
P4Approach13 1.50618526608 116.1117  117.1769  117.4878  117.4502  117.5152  116.7088  117.1645  117.7147  117.8838  117.6977  118.0369
 - (0.2455)  (0.1806)  (0.1845)  (0.1847)  (0.1865)  (0.1774)  (0.1892)  (0.2549)  (0.188)  (0.1878)  (0.1863)
P4Approach1 1.50403608445 116.1117  117.1769  117.4793  117.4020  117.4897  116.7409  117.1645  117.7147  117.8838  117.6977  118.0369
 - (0.2455)  (0.1806)  (0.1845)  (0.1847)  (0.1865)  (0.1774)  (0.1892)  (0.2549)  (0.188)  (0.1878)  (0.1863)
P4Approach6 1.50403608445 116.1117  117.1769  117.4793  117.4020  117.4897  116.7409  117.1645  117.7147  117.8838  117.6977  118.0369
 - (0.2455)  (0.1806)  (0.1845)  (0.1847)  (0.1865)  (0.1774)  (0.1892)  (0.2549)  (0.188)  (0.1878)  (0.1863)
P4Approach16 1.50403608445 116.1117  117.1769  117.4793  117.4020  117.4897  116.7409  117.1645  117.7147  117.8838  117.6977  118.0369
 - (0.2455)  (0.1806)  (0.1845)  (0.1847)  (0.1865)  (0.1774)  (0.1892)  (0.2549)  (0.188)  (0.1878)  (0.1863)
P4Approach11 1.50403608445 116.1117  117.1769  117.4793  117.4020  117.4897  116.7409  117.1645  117.7147  117.8838  117.6977  118.0369
 - (0.2455)  (0.1806)  (0.1845)  (0.1847)  (0.1865)  (0.1774)  (0.1892)  (0.2549)  (0.188)  (0.1878)  (0.1863)
P4Approach9 1.47950180061 116.1909  117.0850  117.5686  117.4631  117.6436  116.8791  117.3164  117.8394  117.8578  117.6315  117.9447
 - (0.2455)  (0.1806)  (0.1845)  (0.1847)  (0.1865)  (0.1774)  (0.1892)  (0.2549)  (0.188)  (0.1878)  (0.1863)
P4Approach4 1.47950180061 116.1909  117.0850  117.5686  117.4631  117.6436  116.8791  117.3164  117.8394  117.8578  117.6315  117.9447
 - (0.2455)  (0.1806)  (0.1845)  (0.1847)  (0.1865)  (0.1774)  (0.1892)  (0.2549)  (0.188)  (0.1878)  (0.1863)
P4Approach19 1.47950180061 116.1909  117.0850  117.5686  117.4631  117.6436  116.8791  117.3164  117.8394  117.8578  117.6315  117.9447
 - (0.2455)  (0.1806)  (0.1845)  (0.1847)  (0.1865)  (0.1774)  (0.1892)  (0.2549)  (0.188)  (0.1878)  (0.1863)
P4Approach14 1.47950180061 116.1909  117.0850  117.5686  117.4631  117.6436  116.8791  117.3164  117.8394  117.8578  117.6315  117.9447
 - (0.2455)  (0.1806)  (0.1845)  (0.1847)  (0.1865)  (0.1774)  (0.1892)  (0.2549)  (0.188)  (0.1878)  (0.1863)
P4Approach2 1.39913012615 116.3109  117.1075  117.5608  117.4761  117.5980  116.8990  117.3431  117.8595  117.8366  117.6186  117.9505
 - (0.2455)  (0.1806)  (0.1845)  (0.1847)  (0.1865)  (0.1774)  (0.1892)  (0.2549)  (0.188)  (0.1878)  (0.1863)
P4Approach7 1.39913012615 116.3109  117.1075  117.5608  117.4761  117.5980  116.8990  117.3431  117.8595  117.8366  117.6186  117.9505
 - (0.2455)  (0.1806)  (0.1845)  (0.1847)  (0.1865)  (0.1774)  (0.1892)  (0.2549)  (0.188)  (0.1878)  (0.1863)
P4Approach17 1.39913012615 116.3109  117.1075  117.5608  117.4761  117.5980  116.8990  117.3431  117.8595  117.8366  117.6186  117.9505
 - (0.2455)  (0.1806)  (0.1845)  (0.1847)  (0.1865)  (0.1774)  (0.1892)  (0.2549)  (0.188)  (0.1878)  (0.1863)
P4Approach12 1.39913012615 116.3109  117.1075  117.5608  117.4761  117.5980  116.8990  117.3431  117.8595  117.8366  117.6186  117.9505
 - (0.2455)  (0.1806)  (0.1845)  (0.1847)  (0.1865)  (0.1774)  (0.1892)  (0.2549)  (0.188)  (0.1878)  (0.1863)
P5Approach14 0.0 116.1587  100.7276  101.1298  101.1887  101.1206  100.4827  100.8580  101.2979  101.3927  101.2514  101.4723
 - (0.4785)  (0.118)  (0.1215)  (0.1191)  (0.13)  (0.1254)  (0.1262)  (0.1168)  (0.1229)  (0.1254)  (0.1209)
P5Approach15 0.0 115.9759  100.7289  101.1286  101.2077  101.1077  100.4746  100.8414  101.2997  101.3856  101.2671  101.4941
 - (0.1287)  (0.1133)  (0.1136)  (0.1084)  (0.1213)  (0.1148)  (0.1156)  (0.1092)  (0.1161)  (0.1153)  (0.1167)
P5Approach12 0.0 115.9734  100.7178  101.1154  101.1929  101.1002  100.4625  100.8410  101.2773  101.3733  101.2556  101.4666
 - (0.1611)  (0.1125)  (0.1143)  (0.1072)  (0.1204)  (0.1151)  (0.1154)  (0.1108)  (0.1161)  (0.115)  (0.1147)
P5Approach13 0.0 115.9966  100.7312  101.1435  101.2158  101.1158  100.4882  100.8704  101.3100  101.3994  101.2718  101.4902
 - (0.1586)  (0.1134)  (0.1119)  (0.1071)  (0.1214)  (0.1138)  (0.1138)  (0.1097)  (0.1157)  (0.1153)  (0.114)
P5Approach10 0.0 115.9583  100.7306  101.1335  101.2015  101.1024  100.4635  100.8397  101.2962  101.3831  101.2662  101.4776
 - (0.1612)  (0.1125)  (0.1115)  (0.1078)  (0.1216)  (0.1151)  (0.1154)  (0.1077)  (0.1163)  (0.1153)  (0.1147)
P5Approach11 0.0 115.9530  100.7339  101.1081  101.2273  101.0919  100.4715  100.8387  101.3088  101.3866  101.2740  101.4772
 - (0.1632)  (0.1133)  (0.1141)  (0.1067)  (0.1214)  (0.1148)  (0.1154)  (0.1084)  (0.1163)  (0.115)  (0.1135)
P5Approach4 0.0 116.0168  100.7117  101.1336  101.1907  101.1017  100.4761  100.8510  101.2907  101.3873  101.2618  101.5132
 - (0.1549)  (0.1134)  (0.1131)  (0.108)  (0.1216)  (0.1142)  (0.1148)  (0.1108)  (0.116)  (0.1155)  (0.1135)
P5Approach5 0.0 115.9635  100.7219  101.1138  101.1956  101.1037  100.4621  100.8396  101.2803  101.3774  101.2610  101.4727
 - (0.1633)  (0.1133)  (0.1137)  (0.108)  (0.1212)  (0.1149)  (0.1152)  (0.111)  (0.1165)  (0.1152)  (0.115)
P5Approach6 0.0 115.9319  100.7324  101.1176  101.2157  101.1130  100.4696  100.8378  101.2944  101.3968  101.2752  101.4759
 - (0.1614)  (0.1132)  (0.1127)  (0.1069)  (0.1215)  (0.1149)  (0.1154)  (0.1107)  (0.1153)  (0.115)  (0.1149)
P5Approach7 0.0 115.9501  100.7420  101.1056  101.2072  101.1061  100.4551  100.8291  101.2879  101.3693  101.2676  101.4856
 - (0.1611)  (0.1129)  (0.1141)  (0.1079)  (0.1216)  (0.1135)  (0.1152)  (0.1111)  (0.1146)  (0.1154)  (0.1144)
P5Approach1 0.0 117.1952  100.7372  101.1916  101.1091  101.1989  100.5596  100.9325  101.3140  101.4280  101.1480  101.4127
 - (0.2167)  (0.1345)  (0.1358)  (0.1363)  (0.1379)  (0.1349)  (0.1319)  (0.1319)  (0.1375)  (0.1375)  (0.1335)
P5Approach2 0.0 117.2571  100.7269  101.1884  101.1103  101.2078  100.5819  100.9680  101.3504  101.4597  101.1880  101.4495
 - (0.2313)  (0.1464)  (0.1483)  (0.1491)  (0.1491)  (0.1488)  (0.1479)  (0.148)  (0.1484)  (0.1485)  (0.148)
P5Approach3 0.0 115.9500  100.7182  101.1191  101.1969  101.1033  100.4605  100.8371  101.2937  101.3749  101.2630  101.4661
 - (0.1537)  (0.1131)  (0.1127)  (0.1079)  (0.1215)  (0.1145)  (0.1149)  (0.1093)  (0.1164)  (0.1155)  (0.1134)
P5Approach8 0.0 115.9451  100.7352  101.1187  101.2091  101.1216  100.4706  100.8418  101.2951  101.3900  101.2742  101.4871
 - (0.1624)  (0.1125)  (0.1142)  (0.1073)  (0.1196)  (0.1146)  (0.1154)  (0.1101)  (0.1152)  (0.1144)  (0.1135)
P5Approach9 0.0 115.9718  100.7192  101.0990  101.1816  101.1017  100.4536  100.8268  101.2738  101.3791  101.2616  101.4649
 - (0.1575)  (0.1136)  (0.1138)  (0.1079)  (0.1216)  (0.1149)  (0.1149)  (0.1108)  (0.1165)  (0.1155)  (0.1148)
EE score 140.8  141.8  141.9  142.5  142.9  143.2  143.4  143.4  142.3  142.1
P4Approach1 0.384179597946 139.3112  141.2170  142.5997  142.4837  142.7919  143.1600  143.4263  143.6372  143.4825  142.0055
 - (0.8643)  (0.5464)  (0.5531)  (0.566)  (0.5609)  (0.5612)  (0.5508)  (0.931)  (0.5422)  (0.5622)
P4Approach2 0.381754221134 139.8398  141.5959  142.4989  142.2194  142.8236  142.9431  143.3124  143.2616  143.7683  141.7787
 - (0.8643)  (0.5464)  (0.5531)  (0.566)  (0.5609)  (0.5612)  (0.5508)  (0.931)  (0.5422)  (0.5622)
P4Approach5 0.380323677419 139.5822  141.3714  142.5920  142.2837  142.8304  143.0395  143.3912  143.5009  143.6523  141.8744
 - (0.8643)  (0.5464)  (0.5531)  (0.566)  (0.5609)  (0.5612)  (0.5508)  (0.931)  (0.5422)  (0.5622)
P4Approach4 0.359908717136 139.8663  141.4558  142.6697  142.1952  142.7773  142.8948  143.2496  143.1323  143.7476  141.7078
 - (0.8643)  (0.5464)  (0.5531)  (0.566)  (0.5609)  (0.5612)  (0.5508)  (0.931)  (0.5422)  (0.5622)
P4Approach3 0.353130125926 139.3112  141.2170  142.5997  142.2365  142.9287  143.1600  143.5762  143.9725  143.6111  142.0055
 - (0.8643)  (0.5464)  (0.5531)  (0.566)  (0.5609)  (0.5612)  (0.5508)  (0.931)  (0.5422)  (0.5622)
EL score 113.2  114.4  115.1  115.1  116.6  115.1  115.2  116.0  116.2  114.4
P4Approach5 0.313990805593 113.3742  115.4458  115.1573  114.8581  115.7274  114.9278  114.6111  116.1394  116.5731  116.0800
 - (1.0139)  (0.7371)  (0.742)  (0.7354)  (0.7289)  (0.7444)  (0.7458)  (1.0276)  (0.7808)  (0.7618)
P4Approach2 0.286643664446 114.3333  115.4833  115.0588  114.5544  116.2883  115.3584  115.6392  116.3607  116.6184  116.2932
 - (1.0139)  (0.7371)  (0.742)  (0.7354)  (0.7289)  (0.7444)  (0.7458)  (1.0276)  (0.7808)  (0.7618)
P4Approach4 0.271480597363 114.5188  115.3460  114.6695  114.8185  115.9167  115.5679  115.5998  116.4088  116.4725  116.3605
 - (1.0139)  (0.7371)  (0.742)  (0.7354)  (0.7289)  (0.7444)  (0.7458)  (1.0276)  (0.7808)  (0.7618)
P4Approach1 0.233222393529 112.3224  115.4770  115.4506  115.0298  115.3523  114.3924  113.6028  115.8940  116.5807  115.8332
 - (1.0139)  (0.7371)  (0.742)  (0.7354)  (0.7289)  (0.7444)  (0.7458)  (1.0276)  (0.7808)  (0.7618)
P4Approach3 0.232605227076 112.3224  115.4770  115.4506  115.0298  115.3523  114.3924  113.6028  115.8940  116.6210  115.8332
 - (1.0139)  (0.7371)  (0.742)  (0.7354)  (0.7289)  (0.7444)  (0.7458)  (1.0276)  (0.7808)  (0.7618)
ES score 116.0  118.4  119.0  119.4  119.4  117.8  117.9  118.6  119.1  119.4
P4Approach4 0.870396874454 116.0288  118.2235  119.1727  119.3433  119.4773  117.4238  117.9300  118.9781  119.1705  119.2752
 - (0.5394)  (0.3956)  (0.4004)  (0.398)  (0.3943)  (0.3361)  (0.3905)  (0.509)  (0.3854)  (0.3544)
P4Approach2 0.863976698851 116.0263  118.1404  119.1727  119.2740  119.4874  117.4406  117.9281  118.9991  119.0889  119.3385
 - (0.5394)  (0.3956)  (0.4004)  (0.398)  (0.3943)  (0.3361)  (0.3905)  (0.509)  (0.3854)  (0.3544)
P4Approach5 0.856541344409 116.0267  118.2095  119.2165  119.3342  119.4418  117.4044  117.8946  119.0043  119.2362  119.3397
 - (0.5394)  (0.3956)  (0.4004)  (0.398)  (0.3943)  (0.3361)  (0.3905)  (0.509)  (0.3854)  (0.3544)
P4Approach3 0.833315084924 116.0259  118.2370  119.2603  119.3597  119.4012  117.3766  117.8602  119.0200  119.3426  119.3725
 - (0.5394)  (0.3956)  (0.4004)  (0.398)  (0.3943)  (0.3361)  (0.3905)  (0.509)  (0.3854)  (0.3544)
P4Approach1 0.833315084924 116.0259  118.2370  119.2603  119.3597  119.4012  117.3766  117.8602  119.0200  119.3426  119.3725
 - (0.5394)  (0.3956)  (0.4004)  (0.398)  (0.3943)  (0.3361)  (0.3905)  (0.509)  (0.3854)  (0.3544)
EU score 118.4  119.6  119.7  119.9  119.9  119.5  119.7  119.9  120.1  120.1
P4Approach9 1.5546441733 118.5421  119.3997  119.9409  119.7825  119.8907  119.2806  119.6910  120.1189  120.1065  119.9824
 - (0.2335)  (0.162)  (0.1604)  (0.1591)  (0.1602)  (0.2015)  (0.1658)  (0.2321)  (0.1657)  (0.1602)
P4Approach4 1.5546441733 118.5421  119.3997  119.9409  119.7825  119.8907  119.2806  119.6910  120.1189  120.1065  119.9824
 - (0.2335)  (0.162)  (0.1604)  (0.1591)  (0.1602)  (0.2015)  (0.1658)  (0.2321)  (0.1657)  (0.1602)
P4Approach19 1.5546441733 118.5421  119.3997  119.9409  119.7825  119.8907  119.2806  119.6910  120.1189  120.1065  119.9824
 - (0.2335)  (0.162)  (0.1604)  (0.1591)  (0.1602)  (0.2015)  (0.1658)  (0.2321)  (0.1657)  (0.1602)
P4Approach14 1.5546441733 118.5421  119.3997  119.9409  119.7825  119.8907  119.2806  119.6910  120.1189  120.1065  119.9824
 - (0.2335)  (0.162)  (0.1604)  (0.1591)  (0.1602)  (0.2015)  (0.1658)  (0.2321)  (0.1657)  (0.1602)
P4Approach20 1.48762186147 118.7114  119.4323  119.8701  119.7449  119.7953  119.2242  119.5936  120.0154  120.1100  120.0101
 - (0.2335)  (0.162)  (0.1604)  (0.1591)  (0.1602)  (0.2015)  (0.1658)  (0.2321)  (0.1657)  (0.1602)
P4Approach5 1.48762186147 118.7114  119.4323  119.8701  119.7449  119.7953  119.2242  119.5936  120.0154  120.1100  120.0101
 - (0.2335)  (0.162)  (0.1604)  (0.1591)  (0.1602)  (0.2015)  (0.1658)  (0.2321)  (0.1657)  (0.1602)
P4Approach15 1.48762186147 118.7114  119.4323  119.8701  119.7449  119.7953  119.2242  119.5936  120.0154  120.1100  120.0101
 - (0.2335)  (0.162)  (0.1604)  (0.1591)  (0.1602)  (0.2015)  (0.1658)  (0.2321)  (0.1657)  (0.1602)
P4Approach10 1.48762186147 118.7114  119.4323  119.8701  119.7449  119.7953  119.2242  119.5936  120.0154  120.1100  120.0101
 - (0.2335)  (0.162)  (0.1604)  (0.1591)  (0.1602)  (0.2015)  (0.1658)  (0.2321)  (0.1657)  (0.1602)
P4Approach2 1.40782458267 118.6654  119.3997  119.9338  119.7694  119.8503  119.2693  119.7276  120.1827  120.0433  119.9707
 - (0.2335)  (0.162)  (0.1604)  (0.1591)  (0.1602)  (0.2015)  (0.1658)  (0.2321)  (0.1657)  (0.1602)
P4Approach7 1.40782458267 118.6654  119.3997  119.9338  119.7694  119.8503  119.2693  119.7276  120.1827  120.0433  119.9707
 - (0.2335)  (0.162)  (0.1604)  (0.1591)  (0.1602)  (0.2015)  (0.1658)  (0.2321)  (0.1657)  (0.1602)
P4Approach17 1.40782458267 118.6654  119.3997  119.9338  119.7694  119.8503  119.2693  119.7276  120.1827  120.0433  119.9707
 - (0.2335)  (0.162)  (0.1604)  (0.1591)  (0.1602)  (0.2015)  (0.1658)  (0.2321)  (0.1657)  (0.1602)
P4Approach12 1.40782458267 118.6654  119.3997  119.9338  119.7694  119.8503  119.2693  119.7276  120.1827  120.0433  119.9707
 - (0.2335)  (0.162)  (0.1604)  (0.1591)  (0.1602)  (0.2015)  (0.1658)  (0.2321)  (0.1657)  (0.1602)
P4Approach8 1.26468738832 118.8190  119.4791  119.8028  119.7138  119.7200  119.1735  119.4779  119.8799  120.1466  120.0436
 - (0.2335)  (0.162)  (0.1604)  (0.1591)  (0.1602)  (0.2015)  (0.1658)  (0.2321)  (0.1657)  (0.1602)
P4Approach3 1.26468738832 118.8190  119.4791  119.8028  119.7138  119.7200  119.1735  119.4779  119.8799  120.1466  120.0436
 - (0.2335)  (0.162)  (0.1604)  (0.1591)  (0.1602)  (0.2015)  (0.1658)  (0.2321)  (0.1657)  (0.1602)
P4Approach18 1.26468738832 118.8190  119.4791  119.8028  119.7138  119.7200  119.1735  119.4779  119.8799  120.1466  120.0436
 - (0.2335)  (0.162)  (0.1604)  (0.1591)  (0.1602)  (0.2015)  (0.1658)  (0.2321)  (0.1657)  (0.1602)
P4Approach13 1.26468738832 118.8190  119.4791  119.8028  119.7138  119.7200  119.1735  119.4779  119.8799  120.1466  120.0436
 - (0.2335)  (0.162)  (0.1604)  (0.1591)  (0.1602)  (0.2015)  (0.1658)  (0.2321)  (0.1657)  (0.1602)
P4Approach1 1.2470685994 118.8190  119.4509  119.8028  119.7138  119.7200  119.1735  119.4779  119.8799  120.1437  120.0436
 - (0.2335)  (0.162)  (0.1604)  (0.1591)  (0.1602)  (0.2015)  (0.1658)  (0.2321)  (0.1657)  (0.1602)
P4Approach6 1.2470685994 118.8190  119.4509  119.8028  119.7138  119.7200  119.1735  119.4779  119.8799  120.1437  120.0436
 - (0.2335)  (0.162)  (0.1604)  (0.1591)  (0.1602)  (0.2015)  (0.1658)  (0.2321)  (0.1657)  (0.1602)
P4Approach16 1.2470685994 118.8190  119.4509  119.8028  119.7138  119.7200  119.1735  119.4779  119.8799  120.1437  120.0436
 - (0.2335)  (0.162)  (0.1604)  (0.1591)  (0.1602)  (0.2015)  (0.1658)  (0.2321)  (0.1657)  (0.1602)
P4Approach11 1.2470685994 118.8190  119.4509  119.8028  119.7138  119.7200  119.1735  119.4779  119.8799  120.1437  120.0436
 - (0.2335)  (0.162)  (0.1604)  (0.1591)  (0.1602)  (0.2015)  (0.1658)  (0.2321)  (0.1657)  (0.1602)
FI score 120.7  121.2  121.5  121.3  121.2  121.1  121.3  121.5  121.6  121.7
P4Approach9 1.20175249553 120.6145  120.8645  121.2072  121.3789  121.2513  120.9627  121.2950  121.6635  121.7876  121.6144
 - (0.3495)  (0.2375)  (0.2381)  (0.2376)  (0.2367)  (0.2439)  (0.244)  (0.352)  (0.2442)  (0.2372)
P4Approach2 1.20175249553 120.6145  120.8645  121.2072  121.3789  121.2513  120.9627  121.2950  121.6635  121.7876  121.6144
 - (0.3495)  (0.2375)  (0.2381)  (0.2376)  (0.2367)  (0.2439)  (0.244)  (0.352)  (0.2442)  (0.2372)
P4Approach7 1.20175249553 120.6145  120.8645  121.2072  121.3789  121.2513  120.9627  121.2950  121.6635  121.7876  121.6144
 - (0.3495)  (0.2375)  (0.2381)  (0.2376)  (0.2367)  (0.2439)  (0.244)  (0.352)  (0.2442)  (0.2372)
P4Approach4 1.20175249553 120.6145  120.8645  121.2072  121.3789  121.2513  120.9627  121.2950  121.6635  121.7876  121.6144
 - (0.3495)  (0.2375)  (0.2381)  (0.2376)  (0.2367)  (0.2439)  (0.244)  (0.352)  (0.2442)  (0.2372)
P4Approach19 1.20175249553 120.6145  120.8645  121.2072  121.3789  121.2513  120.9627  121.2950  121.6635  121.7876  121.6144
 - (0.3495)  (0.2375)  (0.2381)  (0.2376)  (0.2367)  (0.2439)  (0.244)  (0.352)  (0.2442)  (0.2372)
P4Approach17 1.20175249553 120.6145  120.8645  121.2072  121.3789  121.2513  120.9627  121.2950  121.6635  121.7876  121.6144
 - (0.3495)  (0.2375)  (0.2381)  (0.2376)  (0.2367)  (0.2439)  (0.244)  (0.352)  (0.2442)  (0.2372)
P4Approach5 1.17293629959 120.8638  120.9123  121.2593  121.4004  121.2514  120.7962  121.2599  121.7065  121.7434  121.5787
 - (0.3495)  (0.2375)  (0.2381)  (0.2376)  (0.2367)  (0.2439)  (0.244)  (0.352)  (0.2442)  (0.2372)
P4Approach20 1.17293629959 120.8638  120.9123  121.2593  121.4004  121.2514  120.7962  121.2599  121.7065  121.7434  121.5787
 - (0.3495)  (0.2375)  (0.2381)  (0.2376)  (0.2367)  (0.2439)  (0.244)  (0.352)  (0.2442)  (0.2372)
P4Approach10 1.17293629959 120.8638  120.9123  121.2593  121.4004  121.2514  120.7962  121.2599  121.7065  121.7434  121.5787
 - (0.3495)  (0.2375)  (0.2381)  (0.2376)  (0.2367)  (0.2439)  (0.244)  (0.352)  (0.2442)  (0.2372)
P4Approach8 1.01935122498 121.1131  120.9602  121.3114  121.4219  121.2515  120.6298  121.2248  121.7494  121.6992  121.5431
 - (0.3495)  (0.2375)  (0.2381)  (0.2376)  (0.2367)  (0.2439)  (0.244)  (0.352)  (0.2442)  (0.2372)
P4Approach3 1.01935122498 121.1131  120.9602  121.3114  121.4219  121.2515  120.6298  121.2248  121.7494  121.6992  121.5431
 - (0.3495)  (0.2375)  (0.2381)  (0.2376)  (0.2367)  (0.2439)  (0.244)  (0.352)  (0.2442)  (0.2372)
P4Approach1 1.01935122498 121.1131  120.9602  121.3114  121.4219  121.2515  120.6298  121.2248  121.7494  121.6992  121.5431
 - (0.3495)  (0.2375)  (0.2381)  (0.2376)  (0.2367)  (0.2439)  (0.244)  (0.352)  (0.2442)  (0.2372)
P4Approach6 1.01935122498 121.1131  120.9602  121.3114  121.4219  121.2515  120.6298  121.2248  121.7494  121.6992  121.5431
 - (0.3495)  (0.2375)  (0.2381)  (0.2376)  (0.2367)  (0.2439)  (0.244)  (0.352)  (0.2442)  (0.2372)
P4Approach18 1.01935122498 121.1131  120.9602  121.3114  121.4219  121.2515  120.6298  121.2248  121.7494  121.6992  121.5431
 - (0.3495)  (0.2375)  (0.2381)  (0.2376)  (0.2367)  (0.2439)  (0.244)  (0.352)  (0.2442)  (0.2372)
P4Approach16 1.01935122498 121.1131  120.9602  121.3114  121.4219  121.2515  120.6298  121.2248  121.7494  121.6992  121.5431
 - (0.3495)  (0.2375)  (0.2381)  (0.2376)  (0.2367)  (0.2439)  (0.244)  (0.352)  (0.2442)  (0.2372)
FR score 113.9  114.8  114.9  115.2  115.2  114.8  115.5  115.1  115.0  114.9
P4Approach9 1.4071487257 114.3221  114.7725  114.8897  115.1474  115.2701  114.7065  115.4583  115.1190  115.1404  114.8291
 - (0.3123)  (0.2407)  (0.2379)  (0.2373)  (0.2389)  (0.2371)  (0.2368)  (0.3134)  (0.2338)  (0.2153)
P4Approach4 1.4071487257 114.3221  114.7725  114.8897  115.1474  115.2701  114.7065  115.4583  115.1190  115.1404  114.8291
 - (0.3123)  (0.2407)  (0.2379)  (0.2373)  (0.2389)  (0.2371)  (0.2368)  (0.3134)  (0.2338)  (0.2153)
P4Approach2 1.35153744458 114.3221  114.8459  114.8703  115.1231  115.2770  114.6198  115.3773  114.9755  115.1168  114.8314
 - (0.3123)  (0.2407)  (0.2379)  (0.2373)  (0.2389)  (0.2371)  (0.2368)  (0.3134)  (0.2338)  (0.2153)
P4Approach7 1.35153744458 114.3221  114.8459  114.8703  115.1231  115.2770  114.6198  115.3773  114.9755  115.1168  114.8314
 - (0.3123)  (0.2407)  (0.2379)  (0.2373)  (0.2389)  (0.2371)  (0.2368)  (0.3134)  (0.2338)  (0.2153)
P4Approach5 1.26511925686 114.4068  114.7557  114.8023  115.0491  115.2139  114.6391  115.3498  114.9682  115.1618  114.9091
 - (0.3123)  (0.2407)  (0.2379)  (0.2373)  (0.2389)  (0.2371)  (0.2368)  (0.3134)  (0.2338)  (0.2153)
P4Approach10 1.26511925686 114.4068  114.7557  114.8023  115.0491  115.2139  114.6391  115.3498  114.9682  115.1618  114.9091
 - (0.3123)  (0.2407)  (0.2379)  (0.2373)  (0.2389)  (0.2371)  (0.2368)  (0.3134)  (0.2338)  (0.2153)
P4Approach8 1.07639884458 114.4914  114.7132  114.7320  114.9733  115.1647  114.6150  115.2818  114.8892  115.2050  114.9879
 - (0.3123)  (0.2407)  (0.2379)  (0.2373)  (0.2389)  (0.2371)  (0.2368)  (0.3134)  (0.2338)  (0.2153)
P4Approach3 1.07639884458 114.4914  114.7132  114.7320  114.9733  115.1647  114.6150  115.2818  114.8892  115.2050  114.9879
 - (0.3123)  (0.2407)  (0.2379)  (0.2373)  (0.2389)  (0.2371)  (0.2368)  (0.3134)  (0.2338)  (0.2153)
P4Approach1 1.06390358035 114.4914  114.6912  114.7169  114.9525  115.1440  114.6150  115.2818  114.8892  115.1850  114.9879
 - (0.3123)  (0.2407)  (0.2379)  (0.2373)  (0.2389)  (0.2371)  (0.2368)  (0.3134)  (0.2338)  (0.2153)
P4Approach6 1.06390358035 114.4914  114.6912  114.7169  114.9525  115.1440  114.6150  115.2818  114.8892  115.1850  114.9879
 - (0.3123)  (0.2407)  (0.2379)  (0.2373)  (0.2389)  (0.2371)  (0.2368)  (0.3134)  (0.2338)  (0.2153)
P5Approach16 0.0 114.1223  100.6268  100.6409  100.8634  100.8720  100.3733  101.1026  100.7807  100.8794  100.6464
 - (0.1658)  (0.1352)  (0.1397)  (0.1395)  (0.1411)  (0.1386)  (0.146)  (0.1322)  (0.1467)  (0.1396)
P5Approach14 0.0 114.1401  100.6309  100.6466  100.8596  100.8721  100.3777  101.1190  100.7737  100.8850  100.6389
 - (0.1954)  (0.1361)  (0.1399)  (0.1393)  (0.1407)  (0.1374)  (0.1451)  (0.1331)  (0.1466)  (0.14)
P5Approach15 0.0 114.2471  100.6163  100.6513  100.8722  100.8837  100.3930  101.1122  100.7862  100.8841  100.6312
 - (0.3596)  (0.1427)  (0.1468)  (0.1468)  (0.1492)  (0.1533)  (0.1538)  (0.1421)  (0.1511)  (0.1468)
P5Approach12 0.0 114.1310  100.6158  100.6323  100.8339  100.8503  100.3552  101.0906  100.7741  100.8686  100.6373
 - (0.1955)  (0.1358)  (0.1399)  (0.1386)  (0.1402)  (0.1372)  (0.1459)  (0.1331)  (0.1467)  (0.1399)
P5Approach13 0.0 114.1189  100.6389  100.6426  100.8741  100.8817  100.3771  101.0895  100.7971  100.8789  100.6590
 - (0.1922)  (0.134)  (0.1374)  (0.1392)  (0.1404)  (0.1374)  (0.1458)  (0.1292)  (0.1469)  (0.1388)
P5Approach10 0.0 114.0997  100.6325  100.6482  100.8566  100.8781  100.3707  101.1046  100.7704  100.8867  100.6539
 - (0.1958)  (0.1361)  (0.1399)  (0.1392)  (0.1405)  (0.1376)  (0.1459)  (0.133)  (0.1462)  (0.1391)
P5Approach11 0.0 114.0907  100.6280  100.6469  100.8467  100.8706  100.3678  101.0992  100.7693  100.8753  100.6367
 - (0.1947)  (0.1361)  (0.14)  (0.1387)  (0.1407)  (0.1375)  (0.146)  (0.133)  (0.1465)  (0.1393)
P5Approach4 0.0 114.1216  100.6234  100.6388  100.8655  100.8666  100.3667  101.0932  100.7718  100.8706  100.6307
 - (0.1958)  (0.1338)  (0.1395)  (0.1394)  (0.1399)  (0.1373)  (0.1442)  (0.1328)  (0.1466)  (0.1384)
P5Approach5 0.0 114.1435  100.6330  100.6457  100.8687  100.8743  100.3774  101.1096  100.7745  100.8780  100.6367
 - (0.1919)  (0.1358)  (0.1398)  (0.1392)  (0.1406)  (0.137)  (0.1445)  (0.1331)  (0.1468)  (0.1399)
P5Approach6 0.0 114.1246  100.6301  100.6454  100.8649  100.8718  100.3720  101.0990  100.7729  100.8807  100.6465
 - (0.1966)  (0.1361)  (0.1396)  (0.1394)  (0.1407)  (0.1376)  (0.146)  (0.1331)  (0.1459)  (0.1393)
P5Approach7 0.0 114.1244  100.6284  100.6406  100.8656  100.8717  100.3707  101.0977  100.7746  100.8737  100.6402
 - (0.1941)  (0.1359)  (0.1399)  (0.1394)  (0.1406)  (0.1372)  (0.1428)  (0.1331)  (0.1468)  (0.14)
P5Approach1 0.0 114.9946  100.5541  100.7205  100.9448  100.9669  100.5323  101.1914  100.8595  100.9409  100.5642
 - (0.2637)  (0.1624)  (0.1616)  (0.1638)  (0.1624)  (0.1637)  (0.1647)  (0.1615)  (0.164)  (0.1655)
P5Approach2 0.0 115.0288  100.5693  100.7154  100.9362  100.9731  100.5308  101.2149  100.8696  100.9131  100.5650
 - (0.2737)  (0.1736)  (0.1745)  (0.1741)  (0.1743)  (0.1739)  (0.1731)  (0.1737)  (0.1728)  (0.1727)
P5Approach3 0.0 114.1101  100.6238  100.6393  100.8656  100.8675  100.3670  101.0919  100.7711  100.8723  100.6402
 - (0.1917)  (0.1347)  (0.1398)  (0.1387)  (0.14)  (0.137)  (0.1438)  (0.1324)  (0.1468)  (0.14)
P5Approach8 0.0 114.1150  100.6276  100.6441  100.8604  100.8713  100.3799  101.1074  100.7747  100.8798  100.6474
 - (0.1962)  (0.1361)  (0.1399)  (0.1393)  (0.1407)  (0.1374)  (0.1458)  (0.1331)  (0.1459)  (0.1394)
P5Approach9 0.0 114.1166  100.5929  100.6123  100.8687  100.8558  100.3571  101.0621  100.7535  100.8741  100.6396
 - (0.1958)  (0.1346)  (0.1391)  (0.1394)  (0.1405)  (0.1374)  (0.1445)  (0.1323)  (0.1469)  (0.14)
HR score 122.2  122.8  123.5  123.8  123.9  124.0  123.9  123.9  124.0  123.8
P4Approach3 0.0 122.7633  122.2496  122.8199  123.8473  123.8155  99.9522  123.9557  123.6547  123.9967  123.8548
 - (0.7264)  (0.4715)  (0.4717)  (0.3972)  (0.3936)  (0.3096)  (0.3936)  (0.6781)  (0.3896)  (0.3887)
P4Approach2 0.0 122.5355  123.2535  123.5724  123.8902  123.9935  100.3224  124.2936  124.0314  123.8909  123.6853
 - (0.7264)  (0.4715)  (0.4717)  (0.3972)  (0.3936)  (0.3096)  (0.3936)  (0.6781)  (0.3896)  (0.3887)
P4Approach1 0.0 122.7633  122.2496  122.8199  123.8473  123.8155  99.9592  123.9557  123.6547  123.9967  123.8548
 - (0.7264)  (0.4715)  (0.4717)  (0.3972)  (0.3936)  (0.3096)  (0.3936)  (0.6781)  (0.3896)  (0.3887)
P4Approach5 0.0 122.6494  122.7515  123.1962  123.8576  123.9216  100.1391  124.1413  123.8477  123.9250  123.7700
 - (0.7264)  (0.4715)  (0.4717)  (0.3972)  (0.3936)  (0.3096)  (0.3936)  (0.6781)  (0.3896)  (0.3887)
P4Approach4 0.0 122.5355  123.2535  123.5724  123.8454  124.0620  100.3226  124.3603  124.0503  123.8159  123.6853
 - (0.7264)  (0.4715)  (0.4717)  (0.3972)  (0.3936)  (0.3096)  (0.3936)  (0.6781)  (0.3896)  (0.3887)
HU score 145.8  145.9  146.8  146.9  146.8  146.8  146.7  146.6  147.1  147.2
P4Approach2 0.721162819655 146.1600  146.2139  146.4036  147.3442  147.1396  146.7906  146.8336  146.7625  146.9910  147.2604
 - (0.5953)  (0.4995)  (0.4957)  (0.4318)  (0.4314)  (0.3822)  (0.425)  (0.6331)  (0.422)  (0.4261)
P4Approach4 0.705992860249 146.2097  146.2139  146.4036  147.3835  147.0963  146.8493  146.8935  146.9026  147.0394  147.2941
 - (0.5953)  (0.4995)  (0.4957)  (0.4318)  (0.4314)  (0.3822)  (0.425)  (0.6331)  (0.422)  (0.4261)
P4Approach5 0.697894353858 146.4356  146.1666  146.3801  147.3955  147.0325  146.6909  146.6191  146.6553  147.0204  147.3171
 - (0.5953)  (0.4995)  (0.4957)  (0.4318)  (0.4314)  (0.3822)  (0.425)  (0.6331)  (0.422)  (0.4261)
P4Approach1 0.631511993689 146.6864  146.0913  146.3864  147.4270  146.9471  146.5218  146.3747  146.4781  147.0257  147.3569
 - (0.5953)  (0.4995)  (0.4957)  (0.4318)  (0.4314)  (0.3822)  (0.425)  (0.6331)  (0.422)  (0.4261)
P4Approach3 0.629869240143 146.6864  146.1473  146.3268  147.4270  146.9471  146.6020  146.3747  146.4781  147.0257  147.3569
 - (0.5953)  (0.4995)  (0.4957)  (0.4318)  (0.4314)  (0.3822)  (0.425)  (0.6331)  (0.422)  (0.4261)
IE score 106.7  107.2  107.2  107.6  108.2  107.9  108.0  107.4  106.8  106.7
P4Approach2 0.768124278162 107.2310  107.1233  107.0508  107.4554  108.0097  107.9995  108.3882  108.2440  107.1646  106.5632
 - (0.3934)  (0.2619)  (0.2588)  (0.2563)  (0.2563)  (0.2567)  (0.2589)  (0.3976)  (0.2722)  (0.2727)
P4Approach5 0.729438285592 107.0010  107.0885  107.0994  107.3892  107.8729  107.9421  108.3594  108.3262  107.2295  106.6952
 - (0.3934)  (0.2619)  (0.2588)  (0.2563)  (0.2563)  (0.2567)  (0.2589)  (0.3976)  (0.2722)  (0.2727)
P4Approach4 0.718668518122 107.2310  107.0313  107.0076  107.4370  108.0097  108.0215  108.3959  108.2783  107.1803  106.5632
 - (0.3934)  (0.2619)  (0.2588)  (0.2563)  (0.2563)  (0.2567)  (0.2589)  (0.3976)  (0.2722)  (0.2727)
P4Approach3 0.637368206933 106.7711  107.0997  107.1696  107.3322  107.7360  107.8737  108.3267  108.3912  107.2865  106.8272
 - (0.3934)  (0.2619)  (0.2588)  (0.2563)  (0.2563)  (0.2567)  (0.2589)  (0.3976)  (0.2722)  (0.2727)
P4Approach1 0.637368206933 106.7711  107.0997  107.1696  107.3322  107.7360  107.8737  108.3267  108.3912  107.2865  106.8272
 - (0.3934)  (0.2619)  (0.2588)  (0.2563)  (0.2563)  (0.2567)  (0.2589)  (0.3976)  (0.2722)  (0.2727)
IT score 116.4  119.1  119.8  120.1  120.2  117.8  117.7  120.0  120.2  120.0
P4Approach3 1.03869867458 116.8086  119.1535  119.9355  119.9654  120.0409  117.5322  117.5480  119.8800  120.3520  119.7665
 - (0.417)  (0.3161)  (0.3162)  (0.3135)  (0.3121)  (0.2977)  (0.3102)  (0.3342)  (0.3064)  (0.279)
P4Approach1 1.02719933247 116.8086  119.1535  119.9355  119.9000  120.0409  117.5322  117.5480  119.8800  120.3520  119.7665
 - (0.417)  (0.3161)  (0.3162)  (0.3135)  (0.3121)  (0.2977)  (0.3102)  (0.3342)  (0.3064)  (0.279)
P4Approach5 1.02036001709 116.8428  119.0651  119.9590  119.8527  120.1277  117.5523  117.6171  119.9613  120.4159  119.7575
 - (0.417)  (0.3161)  (0.3162)  (0.3135)  (0.3121)  (0.2977)  (0.3102)  (0.3342)  (0.3064)  (0.279)
P4Approach4 0.960855946178 116.9000  118.9332  119.9000  119.9000  120.3000  117.7000  117.8000  120.2000  120.5000  119.6652
 - (0.417)  (0.3161)  (0.3162)  (0.3135)  (0.3121)  (0.2977)  (0.3102)  (0.3342)  (0.3064)  (0.279)
P4Approach2 0.886967228403 116.8542  119.0200  120.0647  119.6454  120.1292  117.4447  117.5722  119.8852  120.4596  119.8316
 - (0.417)  (0.3161)  (0.3162)  (0.3135)  (0.3121)  (0.2977)  (0.3102)  (0.3342)  (0.3064)  (0.279)
P5Approach16 0.0 116.9475  100.6637  101.2446  101.2837  101.3409  99.3201  99.2108  101.4176  101.7806  101.0338
 - (0.222)  (0.1952)  (0.1968)  (0.193)  (0.1836)  (0.1809)  (0.1893)  (0.1989)  (0.1929)  (0.1923)
P5Approach14 0.0 116.9557  100.6679  101.2487  101.2819  101.3454  99.3265  99.2114  101.3876  101.7700  101.0351
 - (0.2533)  (0.1959)  (0.1967)  (0.1931)  (0.184)  (0.1808)  (0.1894)  (0.198)  (0.1931)  (0.1928)
P5Approach15 0.0 117.3132  100.6368  101.2544  101.2949  101.3871  99.3441  99.2458  101.4201  101.7780  101.0413
 - (0.9322)  (0.215)  (0.2066)  (0.2035)  (0.2228)  (0.1962)  (0.2158)  (0.2134)  (0.2009)  (0.2023)
P5Approach12 0.0 116.9486  100.6821  101.2491  101.2917  101.3347  99.3302  99.2125  101.4161  101.7816  101.0511
 - (0.2533)  (0.1956)  (0.1968)  (0.193)  (0.1839)  (0.1809)  (0.1894)  (0.197)  (0.1933)  (0.1925)
P5Approach13 0.0 116.9342  100.6773  101.2449  101.2873  101.3463  99.3329  99.2108  101.3912  101.7771  101.0246
 - (0.2533)  (0.1958)  (0.1968)  (0.193)  (0.1837)  (0.1808)  (0.1894)  (0.1975)  (0.1932)  (0.1925)
P5Approach10 0.0 116.9495  100.6458  101.2490  101.2965  101.3616  99.3307  99.2215  101.3909  101.7796  101.0348
 - (0.2534)  (0.1954)  (0.1968)  (0.193)  (0.1838)  (0.1809)  (0.1892)  (0.198)  (0.1933)  (0.1924)
P5Approach11 0.0 116.9183  100.6579  101.2274  101.2761  101.3464  99.3236  99.2045  101.3889  101.7791  101.0283
 - (0.2518)  (0.1953)  (0.1955)  (0.1928)  (0.1839)  (0.1807)  (0.1893)  (0.198)  (0.1933)  (0.1928)
P5Approach4 0.0 116.9468  100.6702  101.2449  101.2807  101.3409  99.3308  99.2065  101.3879  101.7787  101.0250
 - (0.2534)  (0.1955)  (0.1968)  (0.1924)  (0.184)  (0.1808)  (0.1889)  (0.1979)  (0.1933)  (0.1925)
P5Approach5 0.0 116.9535  100.6537  101.2364  101.2606  101.3394  99.3265  99.2074  101.3798  101.7780  101.0292
 - (0.2534)  (0.1951)  (0.1966)  (0.192)  (0.184)  (0.1807)  (0.1894)  (0.1976)  (0.1932)  (0.1928)
P5Approach6 0.0 116.9633  100.6689  101.2459  101.2768  101.3409  99.3285  99.2116  101.3835  101.7727  101.0276
 - (0.2525)  (0.1959)  (0.1968)  (0.1929)  (0.184)  (0.1808)  (0.1894)  (0.1978)  (0.1931)  (0.1929)
P5Approach7 0.0 116.9474  100.6711  101.2451  101.2820  101.3369  99.3292  99.2101  101.3867  101.7802  101.0294
 - (0.2535)  (0.196)  (0.1968)  (0.1929)  (0.1837)  (0.1808)  (0.1894)  (0.198)  (0.1932)  (0.1928)
P5Approach1 0.0 119.4529  100.4680  101.2776  101.3543  101.6400  99.4415  99.4507  101.5487  101.7817  101.0903
 - (0.3859)  (0.2416)  (0.2442)  (0.2405)  (0.24)  (0.2369)  (0.2384)  (0.2386)  (0.2408)  (0.2471)
P5Approach2 0.0 119.5680  100.4550  101.3627  101.3757  101.6712  99.4606  99.4648  101.5783  101.7618  101.1016
 - (0.3911)  (0.2391)  (0.2443)  (0.2512)  (0.2512)  (0.2511)  (0.2456)  (0.2449)  (0.2438)  (0.2444)
P5Approach3 0.0 116.9434  100.6709  101.2450  101.2844  101.3419  99.3315  99.2062  101.3903  101.7774  101.0276
 - (0.2521)  (0.1959)  (0.1968)  (0.1931)  (0.184)  (0.1809)  (0.189)  (0.1978)  (0.1933)  (0.1927)
P5Approach8 0.0 116.9513  100.6728  101.2454  101.2879  101.3448  99.3328  99.2117  101.3952  101.7852  101.0312
 - (0.2534)  (0.1959)  (0.1968)  (0.1929)  (0.1837)  (0.1808)  (0.1893)  (0.1968)  (0.1923)  (0.1927)
P5Approach9 0.0 116.9522  100.6538  101.2399  101.2932  101.3291  99.2920  99.2113  101.4560  101.7894  101.0419
 - (0.2532)  (0.1936)  (0.1968)  (0.193)  (0.1815)  (0.1782)  (0.1894)  (0.1945)  (0.1912)  (0.1901)
LT score 136.0  137.7  138.7  138.6  138.5  137.6  137.1  138.0  138.5  138.8
P4Approach2 0.432773174188 136.2013  136.4940  138.8313  139.2478  138.6520  138.0613  137.2708  137.9834  138.2635  138.5334
 - (0.8836)  (0.4943)  (0.5209)  (0.5282)  (0.5258)  (0.5318)  (0.5334)  (0.8893)  (0.5277)  (0.6153)
P4Approach4 0.397200304396 135.8694  136.2621  138.6712  139.0239  138.3943  138.1255  137.1728  137.7820  138.2635  138.5334
 - (0.8836)  (0.4943)  (0.5209)  (0.5282)  (0.5258)  (0.5318)  (0.5334)  (0.8893)  (0.5277)  (0.6153)
P4Approach5 0.359440845765 136.4411  136.2213  138.3940  139.0869  138.6403  138.2797  137.2811  137.7232  138.2684  138.5956
 - (0.8836)  (0.4943)  (0.5209)  (0.5282)  (0.5258)  (0.5318)  (0.5334)  (0.8893)  (0.5277)  (0.6153)
P4Approach1 0.326071603344 136.9638  136.1431  138.1157  138.9702  138.5371  138.1962  137.4119  138.1467  138.4122  138.6722
 - (0.8836)  (0.4943)  (0.5209)  (0.5282)  (0.5258)  (0.5318)  (0.5334)  (0.8893)  (0.5277)  (0.6153)
P4Approach3 0.213836225305 136.7299  135.9859  137.9577  139.1056  138.9778  138.7357  137.2689  136.9807  138.1344  138.6433
 - (0.8836)  (0.4943)  (0.5209)  (0.5282)  (0.5258)  (0.5318)  (0.5334)  (0.8893)  (0.5277)  (0.6153)
LU score 126.1  126.0  126.4  126.6  126.7  125.2  127.0  127.0  126.9  127.0
P4Approach5 1.27509209521 126.6651  126.2379  126.3733  126.5686  126.7989  125.3115  126.9567  127.0106  127.0111  127.0009
 - (0.2785)  (0.2315)  (0.2262)  (0.224)  (0.2221)  (0.2375)  (0.2182)  (0.2757)  (0.2147)  (0.2078)
P4Approach20 1.27509209521 126.6651  126.2379  126.3733  126.5686  126.7989  125.3115  126.9567  127.0106  127.0111  127.0009
 - (0.2785)  (0.2315)  (0.2262)  (0.224)  (0.2221)  (0.2375)  (0.2182)  (0.2757)  (0.2147)  (0.2078)
P4Approach10 1.27509209521 126.6651  126.2379  126.3733  126.5686  126.7989  125.3115  126.9567  127.0106  127.0111  127.0009
 - (0.2785)  (0.2315)  (0.2262)  (0.224)  (0.2221)  (0.2375)  (0.2182)  (0.2757)  (0.2147)  (0.2078)
P4Approach2 1.25664931027 126.6798  126.2295  126.3602  126.6002  126.8493  125.1966  126.9588  127.0481  127.0287  127.0023
 - (0.2785)  (0.2315)  (0.2262)  (0.224)  (0.2221)  (0.2375)  (0.2182)  (0.2757)  (0.2147)  (0.2078)
P4Approach7 1.25664931027 126.6798  126.2295  126.3602  126.6002  126.8493  125.1966  126.9588  127.0481  127.0287  127.0023
 - (0.2785)  (0.2315)  (0.2262)  (0.224)  (0.2221)  (0.2375)  (0.2182)  (0.2757)  (0.2147)  (0.2078)
P4Approach17 1.25664931027 126.6798  126.2295  126.3602  126.6002  126.8493  125.1966  126.9588  127.0481  127.0287  127.0023
 - (0.2785)  (0.2315)  (0.2262)  (0.224)  (0.2221)  (0.2375)  (0.2182)  (0.2757)  (0.2147)  (0.2078)
P4Approach9 1.25643122222 126.6798  126.2295  126.3602  126.6002  126.8493  125.1856  126.9588  127.0481  127.0287  127.0023
 - (0.2785)  (0.2315)  (0.2262)  (0.224)  (0.2221)  (0.2375)  (0.2182)  (0.2757)  (0.2147)  (0.2078)
P4Approach4 1.25643122222 126.6798  126.2295  126.3602  126.6002  126.8493  125.1856  126.9588  127.0481  127.0287  127.0023
 - (0.2785)  (0.2315)  (0.2262)  (0.224)  (0.2221)  (0.2375)  (0.2182)  (0.2757)  (0.2147)  (0.2078)
P4Approach19 1.25643122222 126.6798  126.2295  126.3602  126.6002  126.8493  125.1856  126.9588  127.0481  127.0287  127.0023
 - (0.2785)  (0.2315)  (0.2262)  (0.224)  (0.2221)  (0.2375)  (0.2182)  (0.2757)  (0.2147)  (0.2078)
P4Approach8 1.24788460287 126.6504  126.2464  126.3864  126.5370  126.7484  125.4320  126.9546  126.9731  126.9935  126.9994
 - (0.2785)  (0.2315)  (0.2262)  (0.224)  (0.2221)  (0.2375)  (0.2182)  (0.2757)  (0.2147)  (0.2078)
P4Approach3 1.24788460287 126.6504  126.2464  126.3864  126.5370  126.7484  125.4320  126.9546  126.9731  126.9935  126.9994
 - (0.2785)  (0.2315)  (0.2262)  (0.224)  (0.2221)  (0.2375)  (0.2182)  (0.2757)  (0.2147)  (0.2078)
P4Approach1 1.24788460287 126.6504  126.2464  126.3864  126.5370  126.7484  125.4320  126.9546  126.9731  126.9935  126.9994
 - (0.2785)  (0.2315)  (0.2262)  (0.224)  (0.2221)  (0.2375)  (0.2182)  (0.2757)  (0.2147)  (0.2078)
P4Approach6 1.24788460287 126.6504  126.2464  126.3864  126.5370  126.7484  125.4320  126.9546  126.9731  126.9935  126.9994
 - (0.2785)  (0.2315)  (0.2262)  (0.224)  (0.2221)  (0.2375)  (0.2182)  (0.2757)  (0.2147)  (0.2078)
P4Approach18 1.24788460287 126.6504  126.2464  126.3864  126.5370  126.7484  125.4320  126.9546  126.9731  126.9935  126.9994
 - (0.2785)  (0.2315)  (0.2262)  (0.224)  (0.2221)  (0.2375)  (0.2182)  (0.2757)  (0.2147)  (0.2078)
P4Approach16 1.24788460287 126.6504  126.2464  126.3864  126.5370  126.7484  125.4320  126.9546  126.9731  126.9935  126.9994
 - (0.2785)  (0.2315)  (0.2262)  (0.224)  (0.2221)  (0.2375)  (0.2182)  (0.2757)  (0.2147)  (0.2078)
LV score 141.4  142.8  143.4  144.6  144.4  144.1  143.3  143.8  144.5  144.4
P4Approach2 0.461345392504 141.7871  142.2263  143.7045  143.9845  145.0664  143.6892  143.8312  144.1867  143.9571  144.5865
 - (0.8403)  (0.5814)  (0.5742)  (0.5708)  (0.5832)  (0.583)  (0.5781)  (0.9072)  (0.5694)  (0.5642)
P4Approach4 0.451361081954 141.7255  142.2263  143.7045  143.9845  145.0664  143.6892  143.8312  144.1867  143.8568  144.6776
 - (0.8403)  (0.5814)  (0.5742)  (0.5708)  (0.5832)  (0.583)  (0.5781)  (0.9072)  (0.5694)  (0.5642)
P4Approach5 0.439943953228 142.0029  141.9243  143.3544  143.8046  145.0151  143.8453  143.6692  144.0190  144.0212  144.6637
 - (0.8403)  (0.5814)  (0.5742)  (0.5708)  (0.5832)  (0.583)  (0.5781)  (0.9072)  (0.5694)  (0.5642)
P4Approach3 0.392180005204 142.2495  141.6224  143.0043  143.7218  144.9638  144.0469  143.5072  143.8513  144.1355  144.6954
 - (0.8403)  (0.5814)  (0.5742)  (0.5708)  (0.5832)  (0.583)  (0.5781)  (0.9072)  (0.5694)  (0.5642)
P4Approach1 0.369069750178 142.2495  141.6224  143.0043  143.5277  144.9638  143.9560  143.5072  143.8513  144.1355  144.6954
 - (0.8403)  (0.5814)  (0.5742)  (0.5708)  (0.5832)  (0.583)  (0.5781)  (0.9072)  (0.5694)  (0.5642)
MT score 118.4  119.6  123.2  124.6  126.0  125.9  126.5  125.3  124.0  121.1
P4Approach2 0.576768992646 118.7155  119.8428  123.2104  124.5663  125.9531  126.1181  126.3701  125.3560  124.5712  121.1500
 - (0.9739)  (0.6108)  (0.5965)  (0.5908)  (0.5855)  (0.5843)  (0.5836)  (0.9121)  (0.5802)  (0.55)
P4Approach4 0.576768992646 118.7155  119.8428  123.2104  124.5663  125.9531  126.1181  126.3701  125.3560  124.5712  121.1500
 - (0.9739)  (0.6108)  (0.5965)  (0.5908)  (0.5855)  (0.5843)  (0.5836)  (0.9121)  (0.5802)  (0.55)
P4Approach5 0.549255227583 118.4991  119.6969  123.1998  124.5123  125.7331  125.7455  126.0906  125.0332  124.6857  121.2832
 - (0.9739)  (0.6108)  (0.5965)  (0.5908)  (0.5855)  (0.5843)  (0.5836)  (0.9121)  (0.5802)  (0.55)
P4Approach3 0.471747440819 118.2826  119.5712  123.2234  124.4583  125.5289  125.3730  125.8294  124.7502  124.8022  121.4164
 - (0.9739)  (0.6108)  (0.5965)  (0.5908)  (0.5855)  (0.5843)  (0.5836)  (0.9121)  (0.5802)  (0.55)
P4Approach1 0.463629867617 118.2826  119.5307  123.1551  124.4583  125.4971  125.3730  125.7925  124.6707  124.7980  121.4164
 - (0.9739)  (0.6108)  (0.5965)  (0.5908)  (0.5855)  (0.5843)  (0.5836)  (0.9121)  (0.5802)  (0.55)
NL score 115.8  117.6  117.7  117.9  117.1  117.7  118.0  117.4  117.7  117.0
P4Approach5 0.595750601027 116.2065  117.2522  118.2164  117.6505  117.1721  117.5866  117.4092  117.6290  117.7589  116.9881
 - (0.7375)  (0.568)  (0.5579)  (0.5531)  (0.5492)  (0.4576)  (0.5561)  (0.7256)  (0.5705)  (0.5258)
P4Approach2 0.56360146489 115.9400  117.3023  118.5849  117.7686  117.2051  117.9117  117.5231  117.4878  117.5016  116.7884
 - (0.7375)  (0.568)  (0.5579)  (0.5531)  (0.5492)  (0.4576)  (0.5561)  (0.7256)  (0.5705)  (0.5258)
P4Approach4 0.545591873248 115.9359  117.3267  118.5916  117.6383  117.2051  117.9438  117.4019  117.3185  117.5016  116.7884
 - (0.7375)  (0.568)  (0.5579)  (0.5531)  (0.5492)  (0.4576)  (0.5561)  (0.7256)  (0.5705)  (0.5258)
P4Approach1 0.543817778141 116.4750  117.1898  117.8445  117.5975  117.0929  117.2454  117.3560  117.8549  118.0161  117.1878
 - (0.7375)  (0.568)  (0.5579)  (0.5531)  (0.5492)  (0.4576)  (0.5561)  (0.7256)  (0.5705)  (0.5258)
P4Approach3 0.543165241123 116.4750  117.1898  117.8445  117.5975  117.1854  117.2454  117.3560  117.8549  118.0161  117.1878
 - (0.7375)  (0.568)  (0.5579)  (0.5531)  (0.5492)  (0.4576)  (0.5561)  (0.7256)  (0.5705)  (0.5258)
PL score 121.9  122.0  122.3  122.3  122.5  122.1  121.9  121.6  122.1  122.2
P4Approach1 1.17178687841 121.9119  121.9838  122.2431  122.5262  122.2420  122.0189  121.6376  121.7798  121.7914  122.1230
 - (0.3731)  (0.2435)  (0.2307)  (0.2297)  (0.2281)  (0.2289)  (0.2272)  (0.352)  (0.2337)  (0.2346)
P4Approach6 1.17178687841 121.9119  121.9838  122.2431  122.5262  122.2420  122.0189  121.6376  121.7798  121.7914  122.1230
 - (0.3731)  (0.2435)  (0.2307)  (0.2297)  (0.2281)  (0.2289)  (0.2272)  (0.352)  (0.2337)  (0.2346)
P4Approach16 1.17178687841 121.9119  121.9838  122.2431  122.5262  122.2420  122.0189  121.6376  121.7798  121.7914  122.1230
 - (0.3731)  (0.2435)  (0.2307)  (0.2297)  (0.2281)  (0.2289)  (0.2272)  (0.352)  (0.2337)  (0.2346)
P4Approach8 1.16943792317 121.9764  122.0147  122.2431  122.5262  122.2420  122.0189  121.6376  121.7798  121.7914  122.1230
 - (0.3731)  (0.2435)  (0.2307)  (0.2297)  (0.2281)  (0.2289)  (0.2272)  (0.352)  (0.2337)  (0.2346)
P4Approach3 1.16943792317 121.9764  122.0147  122.2431  122.5262  122.2420  122.0189  121.6376  121.7798  121.7914  122.1230
 - (0.3731)  (0.2435)  (0.2307)  (0.2297)  (0.2281)  (0.2289)  (0.2272)  (0.352)  (0.2337)  (0.2346)
P4Approach18 1.16943792317 121.9764  122.0147  122.2431  122.5262  122.2420  122.0189  121.6376  121.7798  121.7914  122.1230
 - (0.3731)  (0.2435)  (0.2307)  (0.2297)  (0.2281)  (0.2289)  (0.2272)  (0.352)  (0.2337)  (0.2346)
P4Approach5 1.16241199522 121.7490  122.0160  122.2339  122.4961  122.2976  122.2077  121.6839  121.7280  121.6981  122.1399
 - (0.3731)  (0.2435)  (0.2307)  (0.2297)  (0.2281)  (0.2289)  (0.2272)  (0.352)  (0.2337)  (0.2346)
P4Approach20 1.16241199522 121.7490  122.0160  122.2339  122.4961  122.2976  122.2077  121.6839  121.7280  121.6981  122.1399
 - (0.3731)  (0.2435)  (0.2307)  (0.2297)  (0.2281)  (0.2289)  (0.2272)  (0.352)  (0.2337)  (0.2346)
P4Approach10 1.16241199522 121.7490  122.0160  122.2339  122.4961  122.2976  122.2077  121.6839  121.7280  121.6981  122.1399
 - (0.3731)  (0.2435)  (0.2307)  (0.2297)  (0.2281)  (0.2289)  (0.2272)  (0.352)  (0.2337)  (0.2346)
P4Approach2 1.02031963961 121.5638  122.0437  122.2272  122.4797  122.3462  122.3811  121.7374  121.6881  121.6027  122.1568
 - (0.3731)  (0.2435)  (0.2307)  (0.2297)  (0.2281)  (0.2289)  (0.2272)  (0.352)  (0.2337)  (0.2346)
P4Approach7 1.02031963961 121.5638  122.0437  122.2272  122.4797  122.3462  122.3811  121.7374  121.6881  121.6027  122.1568
 - (0.3731)  (0.2435)  (0.2307)  (0.2297)  (0.2281)  (0.2289)  (0.2272)  (0.352)  (0.2337)  (0.2346)
P4Approach17 1.02031963961 121.5638  122.0437  122.2272  122.4797  122.3462  122.3811  121.7374  121.6881  121.6027  122.1568
 - (0.3731)  (0.2435)  (0.2307)  (0.2297)  (0.2281)  (0.2289)  (0.2272)  (0.352)  (0.2337)  (0.2346)
P4Approach9 1.0113425042 121.5438  122.0218  122.2219  122.4523  122.3600  122.4119  121.7229  121.6643  121.6070  122.1568
 - (0.3731)  (0.2435)  (0.2307)  (0.2297)  (0.2281)  (0.2289)  (0.2272)  (0.352)  (0.2337)  (0.2346)
P4Approach4 1.0113425042 121.5438  122.0218  122.2219  122.4523  122.3600  122.4119  121.7229  121.6643  121.6070  122.1568
 - (0.3731)  (0.2435)  (0.2307)  (0.2297)  (0.2281)  (0.2289)  (0.2272)  (0.352)  (0.2337)  (0.2346)
P4Approach19 1.0113425042 121.5438  122.0218  122.2219  122.4523  122.3600  122.4119  121.7229  121.6643  121.6070  122.1568
 - (0.3731)  (0.2435)  (0.2307)  (0.2297)  (0.2281)  (0.2289)  (0.2272)  (0.352)  (0.2337)  (0.2346)
PT score 111.7  114.1  114.6  115.0  115.1  114.5  114.5  115.4  115.5  114.3
P4Approach4 0.684024390849 111.6972  113.5939  114.5048  114.8874  114.9598  114.4791  114.4150  115.3089  115.3727  115.0685
 - (0.5719)  (0.4295)  (0.4225)  (0.4227)  (0.4251)  (0.4164)  (0.4238)  (0.5961)  (0.4176)  (0.4165)
P4Approach2 0.660994774897 112.0634  113.5447  114.4968  114.8867  114.9581  114.4791  114.4152  115.3094  115.3731  115.0670
 - (0.5719)  (0.4295)  (0.4225)  (0.4227)  (0.4251)  (0.4164)  (0.4238)  (0.5961)  (0.4176)  (0.4165)
P4Approach5 0.626314114387 112.1886  113.6942  114.3420  114.6942  114.7744  114.4726  114.4243  115.2043  115.2982  115.0750
 - (0.5719)  (0.4295)  (0.4225)  (0.4227)  (0.4251)  (0.4164)  (0.4238)  (0.5961)  (0.4176)  (0.4165)
P4Approach3 0.527313094503 112.4969  113.8191  114.1914  114.5014  114.5899  114.4660  114.4335  115.0994  115.2236  115.0822
 - (0.5719)  (0.4295)  (0.4225)  (0.4227)  (0.4251)  (0.4164)  (0.4238)  (0.5961)  (0.4176)  (0.4165)
P4Approach1 0.525310226842 112.4969  113.8191  114.1751  114.5014  114.5899  114.4660  114.4335  115.0994  115.2236  115.0822
 - (0.5719)  (0.4295)  (0.4225)  (0.4227)  (0.4251)  (0.4164)  (0.4238)  (0.5961)  (0.4176)  (0.4165)
RO score 148.6  148.6  148.5  148.9  148.5  148.4  148.5  148.1  148.7  148.8
P4Approach1 0.397544649273 149.1370  148.5289  148.7087  148.5966  149.0556  148.1613  148.5144  148.5788  148.1876  148.9372
 - (1.3179)  (0.9913)  (0.9759)  (0.8441)  (0.8401)  (0.7901)  (0.8262)  (1.2912)  (0.8128)  (0.8146)
P4Approach3 0.394815050199 149.0737  148.9297  148.9355  148.5966  149.0556  148.4662  148.5144  148.5788  148.1876  148.9372
 - (1.3179)  (0.9913)  (0.9759)  (0.8441)  (0.8401)  (0.7901)  (0.8262)  (1.2912)  (0.8128)  (0.8146)
P4Approach5 0.39287154692 149.3884  148.8392  148.8796  148.6046  149.0370  148.3772  148.4760  148.5725  148.1678  148.8895
 - (1.3179)  (0.9913)  (0.9759)  (0.8441)  (0.8401)  (0.7901)  (0.8262)  (1.2912)  (0.8128)  (0.8146)
P4Approach2 0.391276122243 149.6507  148.9127  148.8843  148.6091  148.8539  148.4879  148.3507  148.4928  148.1675  148.7552
 - (1.3179)  (0.9913)  (0.9759)  (0.8441)  (0.8401)  (0.7901)  (0.8262)  (1.2912)  (0.8128)  (0.8146)
P4Approach4 0.375891962891 149.6923  148.9855  148.9898  148.6158  149.1827  148.3935  148.5245  148.6396  148.1286  148.9284
 - (1.3179)  (0.9913)  (0.9759)  (0.8441)  (0.8401)  (0.7901)  (0.8262)  (1.2912)  (0.8128)  (0.8146)
SE score 114.8  115.4  115.4  115.6  115.4  115.7  115.5  115.6  115.9  115.8
P4Approach5 0.94475283881 114.7448  115.0500  115.5614  115.7698  115.4563  115.3638  115.5261  116.1953  115.9323  115.6471
 - (0.3459)  (0.2902)  (0.2899)  (0.29)  (0.2879)  (0.2889)  (0.2912)  (0.3437)  (0.2966)  (0.2836)
P4Approach4 0.885581637868 114.8110  114.8983  115.5039  115.8437  115.4166  115.6920  115.5734  116.1978  115.7673  115.5147
 - (0.3459)  (0.2902)  (0.2899)  (0.29)  (0.2879)  (0.2889)  (0.2912)  (0.3437)  (0.2966)  (0.2836)
P4Approach2 0.88114920811 114.8166  114.8900  115.4463  115.8632  115.4515  115.6920  115.5720  116.1992  115.8266  115.5032
 - (0.3459)  (0.2902)  (0.2899)  (0.29)  (0.2879)  (0.2889)  (0.2912)  (0.3437)  (0.2966)  (0.2836)
P4Approach3 0.812713912126 114.6759  115.2058  115.6478  115.6862  115.4862  115.0497  115.4794  116.1921  116.0676  115.7853
 - (0.3459)  (0.2902)  (0.2899)  (0.29)  (0.2879)  (0.2889)  (0.2912)  (0.3437)  (0.2966)  (0.2836)
P4Approach1 0.79569678492 114.6759  115.2058  115.6478  115.6862  115.4709  115.0213  115.4794  116.1921  116.0676  115.7853
 - (0.3459)  (0.2902)  (0.2899)  (0.29)  (0.2879)  (0.2889)  (0.2912)  (0.3437)  (0.2966)  (0.2836)
SI score 119.1  120.1  120.3  121.2  121.6  120.5  120.7  120.8  121.4  121.3
P4Approach1 0.561431696882 119.4906  119.6058  120.3474  120.7760  121.1040  121.1095  120.3670  120.5774  121.0900  121.4944
 - (0.723)  (0.6347)  (0.6207)  (0.4106)  (0.4146)  (0.4349)  (0.4253)  (0.6553)  (0.4207)  (0.4349)
P4Approach5 0.537059203003 119.7020  119.5088  120.3052  120.7971  121.1563  121.1629  120.4772  120.7923  120.9749  121.5873
 - (0.723)  (0.6347)  (0.6207)  (0.4106)  (0.4146)  (0.4349)  (0.4253)  (0.6553)  (0.4207)  (0.4349)
P4Approach2 0.52458595638 119.8989  119.5796  120.2693  120.8153  121.2085  121.1066  120.5874  121.0073  120.8597  121.6802
 - (0.723)  (0.6347)  (0.6207)  (0.4106)  (0.4146)  (0.4349)  (0.4253)  (0.6553)  (0.4207)  (0.4349)
P4Approach3 0.519187287633 119.4906  119.1687  120.2046  120.7760  121.1040  121.1095  120.3670  120.5774  121.0900  121.4944
 - (0.723)  (0.6347)  (0.6207)  (0.4106)  (0.4146)  (0.4349)  (0.4253)  (0.6553)  (0.4207)  (0.4349)
P4Approach4 0.486412704266 119.9278  119.6812  120.3996  120.8211  121.2085  121.3259  120.5874  121.0073  120.8597  121.6802
 - (0.723)  (0.6347)  (0.6207)  (0.4106)  (0.4146)  (0.4349)  (0.4253)  (0.6553)  (0.4207)  (0.4349)
SK score 120.7  120.6  121.0  120.9  121.0  120.8  120.6  120.6  120.9  121.1
P4Approach5 0.998007226761 121.1078  120.7819  120.6330  121.2017  120.8332  120.7769  120.6279  120.6927  120.6708  120.9848
 - (0.4278)  (0.2754)  (0.2722)  (0.2793)  (0.277)  (0.2757)  (0.2733)  (0.4585)  (0.269)  (0.2661)
P4Approach10 0.998007226761 121.1078  120.7819  120.6330  121.2017  120.8332  120.7769  120.6279  120.6927  120.6708  120.9848
 - (0.4278)  (0.2754)  (0.2722)  (0.2793)  (0.277)  (0.2757)  (0.2733)  (0.4585)  (0.269)  (0.2661)
P4Approach2 0.924079351391 120.7145  120.9588  120.7411  121.3919  120.8851  120.8086  120.7508  120.8818  120.6942  121.0361
 - (0.4278)  (0.2754)  (0.2722)  (0.2793)  (0.277)  (0.2757)  (0.2733)  (0.4585)  (0.269)  (0.2661)
P4Approach7 0.924079351391 120.7145  120.9588  120.7411  121.3919  120.8851  120.8086  120.7508  120.8818  120.6942  121.0361
 - (0.4278)  (0.2754)  (0.2722)  (0.2793)  (0.277)  (0.2757)  (0.2733)  (0.4585)  (0.269)  (0.2661)
P4Approach9 0.907621547931 120.7396  120.9525  120.7142  121.4077  120.8851  120.8577  120.7508  120.8818  120.6999  121.0361
 - (0.4278)  (0.2754)  (0.2722)  (0.2793)  (0.277)  (0.2757)  (0.2733)  (0.4585)  (0.269)  (0.2661)
P4Approach4 0.907621547931 120.7396  120.9525  120.7142  121.4077  120.8851  120.8577  120.7508  120.8818  120.6999  121.0361
 - (0.4278)  (0.2754)  (0.2722)  (0.2793)  (0.277)  (0.2757)  (0.2733)  (0.4585)  (0.269)  (0.2661)
P4Approach1 0.867568128514 121.4886  120.6081  120.5383  121.0036  120.8019  120.7207  120.5049  120.5036  120.6447  120.9335
 - (0.4278)  (0.2754)  (0.2722)  (0.2793)  (0.277)  (0.2757)  (0.2733)  (0.4585)  (0.269)  (0.2661)
P4Approach6 0.867568128514 121.4886  120.6081  120.5383  121.0036  120.8019  120.7207  120.5049  120.5036  120.6447  120.9335
 - (0.4278)  (0.2754)  (0.2722)  (0.2793)  (0.277)  (0.2757)  (0.2733)  (0.4585)  (0.269)  (0.2661)
P4Approach8 0.857386185126 121.4886  120.6081  120.5383  121.0036  120.7605  120.7207  120.5049  120.5036  120.6447  120.9335
 - (0.4278)  (0.2754)  (0.2722)  (0.2793)  (0.277)  (0.2757)  (0.2733)  (0.4585)  (0.269)  (0.2661)
P4Approach3 0.857386185126 121.4886  120.6081  120.5383  121.0036  120.7605  120.7207  120.5049  120.5036  120.6447  120.9335
 - (0.4278)  (0.2754)  (0.2722)  (0.2793)  (0.277)  (0.2757)  (0.2733)  (0.4585)  (0.269)  (0.2661)
UK score 124.1  124.5  124.5  124.6  124.7  124.6  125.0  125.4  125.4  125.6
P4Approach2 1.24764549314 124.3448  124.2014  124.7124  124.6294  124.6713  124.5013  124.9405  125.0489  125.2894  125.5298
 - (0.3622)  (0.2813)  (0.2167)  (0.2182)  (0.2169)  (0.2883)  (0.2202)  (0.2919)  (0.2982)  (0.2071)
P4Approach7 1.24764549314 124.3448  124.2014  124.7124  124.6294  124.6713  124.5013  124.9405  125.0489  125.2894  125.5298
 - (0.3622)  (0.2813)  (0.2167)  (0.2182)  (0.2169)  (0.2883)  (0.2202)  (0.2919)  (0.2982)  (0.2071)
P4Approach17 1.24764549314 124.3448  124.2014  124.7124  124.6294  124.6713  124.5013  124.9405  125.0489  125.2894  125.5298
 - (0.3622)  (0.2813)  (0.2167)  (0.2182)  (0.2169)  (0.2883)  (0.2202)  (0.2919)  (0.2982)  (0.2071)
P4Approach9 1.18069760034 124.3448  124.1564  124.7124  124.6294  124.6713  124.5013  124.9265  125.0081  125.2451  125.4817
 - (0.3622)  (0.2813)  (0.2167)  (0.2182)  (0.2169)  (0.2883)  (0.2202)  (0.2919)  (0.2982)  (0.2071)
P4Approach4 1.18069760034 124.3448  124.1564  124.7124  124.6294  124.6713  124.5013  124.9265  125.0081  125.2451  125.4817
 - (0.3622)  (0.2813)  (0.2167)  (0.2182)  (0.2169)  (0.2883)  (0.2202)  (0.2919)  (0.2982)  (0.2071)
P4Approach19 1.18069760034 124.3448  124.1564  124.7124  124.6294  124.6713  124.5013  124.9265  125.0081  125.2451  125.4817
 - (0.3622)  (0.2813)  (0.2167)  (0.2182)  (0.2169)  (0.2883)  (0.2202)  (0.2919)  (0.2982)  (0.2071)
P4Approach5 1.10640703712 124.4264  124.2615  124.7754  124.7114  124.6293  124.3348  124.9005  125.0104  125.2813  125.4742
 - (0.3622)  (0.2813)  (0.2167)  (0.2182)  (0.2169)  (0.2883)  (0.2202)  (0.2919)  (0.2982)  (0.2071)
P4Approach20 1.10640703712 124.4264  124.2615  124.7754  124.7114  124.6293  124.3348  124.9005  125.0104  125.2813  125.4742
 - (0.3622)  (0.2813)  (0.2167)  (0.2182)  (0.2169)  (0.2883)  (0.2202)  (0.2919)  (0.2982)  (0.2071)
P4Approach10 1.10640703712 124.4264  124.2615  124.7754  124.7114  124.6293  124.3348  124.9005  125.0104  125.2813  125.4742
 - (0.3622)  (0.2813)  (0.2167)  (0.2182)  (0.2169)  (0.2883)  (0.2202)  (0.2919)  (0.2982)  (0.2071)
P4Approach8 0.930914002521 124.5080  124.3442  124.8385  124.7934  124.5874  124.1682  124.8676  124.9923  125.2954  125.4427
 - (0.3622)  (0.2813)  (0.2167)  (0.2182)  (0.2169)  (0.2883)  (0.2202)  (0.2919)  (0.2982)  (0.2071)
P4Approach3 0.930914002521 124.5080  124.3442  124.8385  124.7934  124.5874  124.1682  124.8676  124.9923  125.2954  125.4427
 - (0.3622)  (0.2813)  (0.2167)  (0.2182)  (0.2169)  (0.2883)  (0.2202)  (0.2919)  (0.2982)  (0.2071)
P4Approach1 0.930914002521 124.5080  124.3442  124.8385  124.7934  124.5874  124.1682  124.8676  124.9923  125.2954  125.4427
 - (0.3622)  (0.2813)  (0.2167)  (0.2182)  (0.2169)  (0.2883)  (0.2202)  (0.2919)  (0.2982)  (0.2071)
P4Approach6 0.930914002521 124.5080  124.3442  124.8385  124.7934  124.5874  124.1682  124.8676  124.9923  125.2954  125.4427
 - (0.3622)  (0.2813)  (0.2167)  (0.2182)  (0.2169)  (0.2883)  (0.2202)  (0.2919)  (0.2982)  (0.2071)
P4Approach18 0.930914002521 124.5080  124.3442  124.8385  124.7934  124.5874  124.1682  124.8676  124.9923  125.2954  125.4427
 - (0.3622)  (0.2813)  (0.2167)  (0.2182)  (0.2169)  (0.2883)  (0.2202)  (0.2919)  (0.2982)  (0.2071)
P4Approach16 0.930914002521 124.5080  124.3442  124.8385  124.7934  124.5874  124.1682  124.8676  124.9923  125.2954  125.4427
 - (0.3622)  (0.2813)  (0.2167)  (0.2182)  (0.2169)  (0.2883)  (0.2202)  (0.2919)  (0.2982)  (0.2071)
P5Approach16 0.0 124.1895  100.3036  100.5979  100.7120  100.6797  100.4022  100.8647  100.9165  101.2499  101.2108
 - (0.2676)  (0.214)  (0.1886)  (0.19)  (0.1853)  (0.1934)  (0.2021)  (0.1909)  (0.1935)  (0.1888)
P5Approach17 0.0 124.1650  100.2712  100.5866  100.7102  100.6945  100.3918  100.8516  100.9031  101.2359  101.2111
 - (0.2112)  (0.1805)  (0.1765)  (0.1826)  (0.1794)  (0.1831)  (0.1783)  (0.1735)  (0.1815)  (0.1823)
P5Approach14 0.0 124.1288  100.3099  100.6107  100.6769  100.6966  100.4007  100.8830  100.8994  101.2695  101.2235
 - (0.2476)  (0.1994)  (0.1723)  (0.18)  (0.1762)  (0.1805)  (0.1745)  (0.1706)  (0.1756)  (0.1807)
P5Approach15 0.0 124.1286  100.2517  100.5788  100.7059  100.6939  100.3941  100.8502  100.8912  101.2231  101.1996
 - (0.2532)  (0.2138)  (0.1768)  (0.1841)  (0.1799)  (0.1835)  (0.1783)  (0.1751)  (0.1816)  (0.1826)
P5Approach12 0.0 124.0822  100.2062  100.5562  100.6946  100.6456  100.3639  100.8204  100.8898  101.1999  101.1658
 - (0.2509)  (0.2113)  (0.1763)  (0.1839)  (0.1781)  (0.1827)  (0.1775)  (0.1751)  (0.1812)  (0.1817)
P5Approach13 0.0 124.1137  100.2462  100.5682  100.6949  100.6628  100.3852  100.8416  100.8875  101.2185  101.1840
 - (0.2504)  (0.2116)  (0.176)  (0.1833)  (0.1776)  (0.1829)  (0.1771)  (0.1746)  (0.1811)  (0.181)
P5Approach10 0.0 124.0924  100.2197  100.5527  100.7005  100.6446  100.3674  100.8158  100.8857  101.1884  101.1861
 - (0.2515)  (0.2101)  (0.1694)  (0.1841)  (0.1724)  (0.1807)  (0.1714)  (0.1732)  (0.1748)  (0.1758)
P5Approach11 0.0 124.1361  100.2770  100.5739  100.7077  100.6893  100.3969  100.8554  100.9010  101.2401  101.2215
 - (0.251)  (0.2138)  (0.1764)  (0.1839)  (0.1795)  (0.1834)  (0.1778)  (0.1748)  (0.1809)  (0.1822)
P5Approach4 0.0 124.1957  100.2960  100.5778  100.7083  100.7014  100.4016  100.8248  100.9064  101.2408  101.2226
 - (0.2496)  (0.2153)  (0.1712)  (0.1795)  (0.1735)  (0.1761)  (0.1652)  (0.1713)  (0.1767)  (0.1747)
P5Approach5 0.0 124.2159  100.3280  100.6085  100.7373  100.7119  100.4147  100.8762  100.9208  101.2485  101.2231
 - (0.2512)  (0.2134)  (0.1755)  (0.1827)  (0.1789)  (0.1827)  (0.1763)  (0.1723)  (0.1797)  (0.1808)
P5Approach6 0.0 124.1742  100.2935  100.5774  100.6990  100.6812  100.3775  100.8075  100.8763  101.2185  101.1862
 - (0.2548)  (0.2144)  (0.1764)  (0.1836)  (0.1789)  (0.1819)  (0.1772)  (0.1748)  (0.1813)  (0.1818)
P5Approach7 0.0 124.1269  100.2477  100.5761  100.7053  100.6866  100.3708  100.8439  100.8852  101.2170  101.1939
 - (0.2524)  (0.213)  (0.1767)  (0.184)  (0.1798)  (0.1825)  (0.1782)  (0.1751)  (0.1817)  (0.1827)
P5Approach1 0.0 124.4408  100.5063  100.7316  100.7919  100.6422  100.5066  101.0981  101.1084  101.3899  101.2900
 - (0.3512)  (0.2948)  (0.205)  (0.2139)  (0.2061)  (0.213)  (0.2183)  (0.2129)  (0.2198)  (0.2154)
P5Approach2 0.0 124.5521  100.5607  100.7252  100.7297  100.6302  100.5263  101.0284  101.0281  101.3265  101.2273
 - (0.3791)  (0.2244)  (0.2251)  (0.2251)  (0.225)  (0.2247)  (0.2241)  (0.2244)  (0.2245)  (0.2249)
P5Approach3 0.0 124.1675  100.2911  100.5806  100.7085  100.6921  100.3931  100.8509  100.8938  101.2262  101.2037
 - (0.2538)  (0.2151)  (0.1767)  (0.1839)  (0.1798)  (0.1828)  (0.1783)  (0.1749)  (0.1817)  (0.1825)
P5Approach8 0.0 124.1750  100.2819  100.5850  100.7087  100.6968  100.3971  100.8526  100.8927  101.2184  101.2004
 - (0.2549)  (0.215)  (0.1768)  (0.1841)  (0.1798)  (0.1836)  (0.1782)  (0.1751)  (0.1814)  (0.1827)
P5Approach9 0.0 124.1126  100.2387  100.5653  100.7116  100.7205  100.3375  100.7220  100.8818  101.3240  101.2339
 - (0.2514)  (0.2129)  (0.1734)  (0.1821)  (0.1768)  (0.1804)  (0.1749)  (0.1732)  (0.1782)  (0.1825)
