AT score 121.3  121.2  122.4  122.5  122.8  122.8  122.1  121.9  123.1  123.6  123.7
P4Approach2 0.381920370984 121.8387  122.5327  122.5803  122.6369  122.7492  122.0934  122.1253  122.9759  123.2780  123.6927  124.2194
 - (0.6076)  (0.4248)  (0.42)  (0.4165)  (0.4115)  (0.4097)  (0.4078)  (0.6103)  (0.4023)  (0.4128)  (0.4108)
P4Approach4 0.373639005785 121.8052  122.5899  122.5655  122.6563  122.7227  122.1065  122.1035  122.9635  123.2052  123.6518  124.2253
 - (0.6076)  (0.4248)  (0.42)  (0.4165)  (0.4115)  (0.4097)  (0.4078)  (0.6103)  (0.4023)  (0.4128)  (0.4108)
P4Approach5 0.290889438848 122.0373  122.8045  122.6556  122.5851  122.6184  121.9793  122.1162  123.0323  123.1779  123.5610  124.1125
 - (0.6076)  (0.4248)  (0.42)  (0.4165)  (0.4115)  (0.4097)  (0.4078)  (0.6103)  (0.4023)  (0.4128)  (0.4108)
P4Approach1 0.206832996514 122.2527  123.0477  122.7383  122.4507  122.5008  121.8587  122.1179  123.0949  123.1142  123.4497  124.0027
 - (0.6076)  (0.4248)  (0.42)  (0.4165)  (0.4115)  (0.4097)  (0.4078)  (0.6103)  (0.4023)  (0.4128)  (0.4108)
P4Approach3 0.206460368802 122.2527  123.0477  122.7383  122.5965  122.5008  121.8587  122.1179  123.0949  123.1142  123.4497  124.0027
 - (0.6076)  (0.4248)  (0.42)  (0.4165)  (0.4115)  (0.4097)  (0.4078)  (0.6103)  (0.4023)  (0.4128)  (0.4108)
BE score 119.7  121.8  122.7  123.0  123.4  123.9  122.5  124.1  123.6  124.1  123.9
P4Approach2 0.0127540594454 122.3686  121.9853  122.8965  123.1383  123.6651  122.2830  124.2300  123.9391  123.7599  124.0916  124.0591
 - (0.4124)  (0.3024)  (0.3143)  (0.3161)  (0.3211)  (0.3176)  (0.3183)  (0.4514)  (0.319)  (0.3414)  (0.3386)
P4Approach17 0.0127540594454 122.3686  121.9853  122.8965  123.1383  123.6651  122.2830  124.2300  123.9391  123.7599  124.0916  124.0591
 - (0.4124)  (0.3024)  (0.3143)  (0.3161)  (0.3211)  (0.3176)  (0.3183)  (0.4514)  (0.319)  (0.3414)  (0.3386)
P4Approach12 0.0127540594454 122.3686  121.9853  122.8965  123.1383  123.6651  122.2830  124.2300  123.9391  123.7599  124.0916  124.0591
 - (0.4124)  (0.3024)  (0.3143)  (0.3161)  (0.3211)  (0.3176)  (0.3183)  (0.4514)  (0.319)  (0.3414)  (0.3386)
P4Approach4 0.0122074662201 122.3941  122.0212  122.8965  123.1383  123.6651  122.2830  124.2300  123.9391  123.7599  124.0916  124.0591
 - (0.4124)  (0.3024)  (0.3143)  (0.3161)  (0.3211)  (0.3176)  (0.3183)  (0.4514)  (0.319)  (0.3414)  (0.3386)
P4Approach19 0.0122074662201 122.3941  122.0212  122.8965  123.1383  123.6651  122.2830  124.2300  123.9391  123.7599  124.0916  124.0591
 - (0.4124)  (0.3024)  (0.3143)  (0.3161)  (0.3211)  (0.3176)  (0.3183)  (0.4514)  (0.319)  (0.3414)  (0.3386)
P4Approach14 0.0122074662201 122.3941  122.0212  122.8965  123.1383  123.6651  122.2830  124.2300  123.9391  123.7599  124.0916  124.0591
 - (0.4124)  (0.3024)  (0.3143)  (0.3161)  (0.3211)  (0.3176)  (0.3183)  (0.4514)  (0.319)  (0.3414)  (0.3386)
P4Approach20 0.00877673347609 122.5456  122.0781  122.7522  123.0516  123.5676  122.2440  124.2690  124.0591  123.8377  124.0557  124.1025
 - (0.4124)  (0.3024)  (0.3143)  (0.3161)  (0.3211)  (0.3176)  (0.3183)  (0.4514)  (0.319)  (0.3414)  (0.3386)
P4Approach5 0.00877673347609 122.5456  122.0781  122.7522  123.0516  123.5676  122.2440  124.2690  124.0591  123.8377  124.0557  124.1025
 - (0.4124)  (0.3024)  (0.3143)  (0.3161)  (0.3211)  (0.3176)  (0.3183)  (0.4514)  (0.319)  (0.3414)  (0.3386)
P4Approach15 0.00877673347609 122.5456  122.0781  122.7522  123.0516  123.5676  122.2440  124.2690  124.0591  123.8377  124.0557  124.1025
 - (0.4124)  (0.3024)  (0.3143)  (0.3161)  (0.3211)  (0.3176)  (0.3183)  (0.4514)  (0.319)  (0.3414)  (0.3386)
P4Approach3 0.00574636920512 122.7100  122.1529  122.6079  122.9649  123.4701  122.2050  124.3079  124.1791  123.9155  124.0197  124.1458
 - (0.4124)  (0.3024)  (0.3143)  (0.3161)  (0.3211)  (0.3176)  (0.3183)  (0.4514)  (0.319)  (0.3414)  (0.3386)
P4Approach1 0.00574636920512 122.7100  122.1529  122.6079  122.9649  123.4701  122.2050  124.3079  124.1791  123.9155  124.0197  124.1458
 - (0.4124)  (0.3024)  (0.3143)  (0.3161)  (0.3211)  (0.3176)  (0.3183)  (0.4514)  (0.319)  (0.3414)  (0.3386)
P4Approach18 0.00574636920512 122.7100  122.1529  122.6079  122.9649  123.4701  122.2050  124.3079  124.1791  123.9155  124.0197  124.1458
 - (0.4124)  (0.3024)  (0.3143)  (0.3161)  (0.3211)  (0.3176)  (0.3183)  (0.4514)  (0.319)  (0.3414)  (0.3386)
P4Approach16 0.00574636920512 122.7100  122.1529  122.6079  122.9649  123.4701  122.2050  124.3079  124.1791  123.9155  124.0197  124.1458
 - (0.4124)  (0.3024)  (0.3143)  (0.3161)  (0.3211)  (0.3176)  (0.3183)  (0.4514)  (0.319)  (0.3414)  (0.3386)
P4Approach13 0.00574636920512 122.7100  122.1529  122.6079  122.9649  123.4701  122.2050  124.3079  124.1791  123.9155  124.0197  124.1458
 - (0.4124)  (0.3024)  (0.3143)  (0.3161)  (0.3211)  (0.3176)  (0.3183)  (0.4514)  (0.319)  (0.3414)  (0.3386)
P4Approach11 0.00574636920512 122.7100  122.1529  122.6079  122.9649  123.4701  122.2050  124.3079  124.1791  123.9155  124.0197  124.1458
 - (0.4124)  (0.3024)  (0.3143)  (0.3161)  (0.3211)  (0.3176)  (0.3183)  (0.4514)  (0.319)  (0.3414)  (0.3386)
BG score 140.6  139.7  138.9  138.6  138.7  138.8  140.2  140.3  139.2  139.1  139.0
P4Approach3 0.643827072477 140.7296  139.7243  138.8686  138.6352  138.6508  138.8288  140.2290  140.2289  139.2387  139.1099  138.9799
 - (0.8117)  (0.5661)  (0.5751)  (0.5699)  (0.5648)  (0.5609)  (0.5897)  (0.8703)  (0.5942)  (0.5898)  (0.585)
P4Approach1 0.643827072477 140.7296  139.7243  138.8686  138.6352  138.6508  138.8288  140.2290  140.2289  139.2387  139.1099  138.9799
 - (0.8117)  (0.5661)  (0.5751)  (0.5699)  (0.5648)  (0.5609)  (0.5897)  (0.8703)  (0.5942)  (0.5898)  (0.585)
P4Approach5 0.623767220325 140.6311  139.5512  138.7262  138.4402  138.4500  138.7655  140.2118  139.8787  139.1234  139.2326  139.0677
 - (0.8117)  (0.5661)  (0.5751)  (0.5699)  (0.5648)  (0.5609)  (0.5897)  (0.8703)  (0.5942)  (0.5898)  (0.585)
P4Approach2 0.54572854294 140.5510  139.4186  138.6106  138.2875  138.2214  138.2605  140.4155  140.1920  139.0097  139.6610  139.1773
 - (0.8117)  (0.5661)  (0.5751)  (0.5699)  (0.5648)  (0.5609)  (0.5897)  (0.8703)  (0.5942)  (0.5898)  (0.585)
P4Approach4 0.508953628484 140.5141  139.3375  138.5570  138.2029  138.2769  139.1440  139.9737  138.8651  139.0066  139.0497  139.1336
 - (0.8117)  (0.5661)  (0.5751)  (0.5699)  (0.5648)  (0.5609)  (0.5897)  (0.8703)  (0.5942)  (0.5898)  (0.585)
CY score 114.6  113.9  114.7  115.2  116.7  117.0  118.2  118.7  118.2  117.2  116.0
P4Approach5 0.333429661643 115.5746  114.7174  115.4364  115.9335  116.8747  116.1496  118.4176  118.6065  118.4611  116.4854  115.5053
 - (1.4107)  (0.8376)  (0.8292)  (0.8215)  (0.8285)  (0.8237)  (0.8855)  (1.4132)  (0.8899)  (0.9614)  (0.9568)
P4Approach2 0.31766464433 115.7473  114.2344  115.4748  115.9624  117.0295  116.4586  118.5924  117.9691  117.8998  116.1082  114.9742
 - (1.4107)  (0.8376)  (0.8292)  (0.8215)  (0.8285)  (0.8237)  (0.8855)  (1.4132)  (0.8899)  (0.9614)  (0.9568)
P4Approach1 0.312085675529 115.4019  114.8981  115.5147  115.7664  116.7108  115.7897  118.2727  119.2716  119.0233  116.8626  115.7664
 - (1.4107)  (0.8376)  (0.8292)  (0.8215)  (0.8285)  (0.8237)  (0.8855)  (1.4132)  (0.8899)  (0.9614)  (0.9568)
P4Approach3 0.311606568317 115.4019  114.8981  115.5147  115.7664  116.5473  115.7897  118.2727  119.2716  119.0233  116.8626  115.7664
 - (1.4107)  (0.8376)  (0.8292)  (0.8215)  (0.8285)  (0.8237)  (0.8855)  (1.4132)  (0.8899)  (0.9614)  (0.9568)
P4Approach4 0.309668420666 115.7473  114.8390  115.2414  116.2390  117.2112  116.5602  118.5325  117.9135  117.8982  116.1082  115.5143
 - (1.4107)  (0.8376)  (0.8292)  (0.8215)  (0.8285)  (0.8237)  (0.8855)  (1.4132)  (0.8899)  (0.9614)  (0.9568)
CZ score 122.8  122.9  122.9  123.7  123.4  123.5  124.0  123.7  123.5  123.8  124.2
P4Approach5 0.859409130419 122.5712  122.9024  123.0385  123.9669  123.4655  123.6173  123.9480  123.7743  123.5188  123.6686  124.3324
 - (0.6015)  (0.4113)  (0.4154)  (0.4244)  (0.424)  (0.4202)  (0.4179)  (0.5893)  (0.412)  (0.4067)  (0.4088)
P4Approach3 0.842071320317 123.0204  122.7322  122.9406  123.8181  123.5330  123.7355  123.8300  123.4494  123.5018  123.6673  124.3788
 - (0.6015)  (0.4113)  (0.4154)  (0.4244)  (0.424)  (0.4202)  (0.4179)  (0.5893)  (0.412)  (0.4067)  (0.4088)
P4Approach1 0.835149221493 123.0486  122.7256  122.9436  123.8022  123.5346  123.7355  123.8097  123.3859  123.4808  123.6673  124.3788
 - (0.6015)  (0.4113)  (0.4154)  (0.4244)  (0.424)  (0.4202)  (0.4179)  (0.5893)  (0.412)  (0.4067)  (0.4088)
P4Approach2 0.765208398154 122.1079  123.0759  123.1348  124.1237  123.3972  123.4991  124.0761  124.1310  123.5462  123.6700  124.2859
 - (0.6015)  (0.4113)  (0.4154)  (0.4244)  (0.424)  (0.4202)  (0.4179)  (0.5893)  (0.412)  (0.4067)  (0.4088)
P4Approach4 0.765208398154 122.1079  123.0759  123.1348  124.1237  123.3972  123.4991  124.0761  124.1310  123.5462  123.6700  124.2859
 - (0.6015)  (0.4113)  (0.4154)  (0.4244)  (0.424)  (0.4202)  (0.4179)  (0.5893)  (0.412)  (0.4067)  (0.4088)
DE score 115.3  115.7  116.8  116.1  116.6  116.7  117.1  117.1  117.1  117.3  117.3
P4Approach4 0.742097583783 116.2944  116.1678  116.6588  116.1517  116.5466  116.9251  117.0724  116.9275  116.9601  117.2984  117.3365
 - (0.3887)  (0.3166)  (0.3338)  (0.3327)  (0.3375)  (0.3346)  (0.3318)  (0.4321)  (0.327)  (0.3377)  (0.3353)
P4Approach19 0.742097583783 116.2944  116.1678  116.6588  116.1517  116.5466  116.9251  117.0724  116.9275  116.9601  117.2984  117.3365
 - (0.3887)  (0.3166)  (0.3338)  (0.3327)  (0.3375)  (0.3346)  (0.3318)  (0.4321)  (0.327)  (0.3377)  (0.3353)
P4Approach14 0.742097583783 116.2944  116.1678  116.6588  116.1517  116.5466  116.9251  117.0724  116.9275  116.9601  117.2984  117.3365
 - (0.3887)  (0.3166)  (0.3338)  (0.3327)  (0.3375)  (0.3346)  (0.3318)  (0.4321)  (0.327)  (0.3377)  (0.3353)
P4Approach2 0.706404417906 116.3196  116.2095  116.5657  116.1517  116.5466  116.9251  117.0724  116.9275  116.9601  117.2984  117.3671
 - (0.3887)  (0.3166)  (0.3338)  (0.3327)  (0.3375)  (0.3346)  (0.3318)  (0.4321)  (0.327)  (0.3377)  (0.3353)
P4Approach17 0.706404417906 116.3196  116.2095  116.5657  116.1517  116.5466  116.9251  117.0724  116.9275  116.9601  117.2984  117.3671
 - (0.3887)  (0.3166)  (0.3338)  (0.3327)  (0.3375)  (0.3346)  (0.3318)  (0.4321)  (0.327)  (0.3377)  (0.3353)
P4Approach12 0.706404417906 116.3196  116.2095  116.5657  116.1517  116.5466  116.9251  117.0724  116.9275  116.9601  117.2984  117.3671
 - (0.3887)  (0.3166)  (0.3338)  (0.3327)  (0.3375)  (0.3346)  (0.3318)  (0.4321)  (0.327)  (0.3377)  (0.3353)
P5Approach1 0.584115358554 116.6952  116.2956  116.6729  116.3242  116.4935  117.1083  117.1121  116.8039  117.0447  117.2931  117.2138
 - (0.4797)  (0.352)  (0.3453)  (0.3453)  (0.3523)  (0.3519)  (0.3491)  (0.3535)  (0.3474)  (0.3513)  (0.3468)
P4Approach5 0.559017888087 116.6144  116.1630  116.5291  116.1453  116.6097  117.0093  117.0870  116.9263  116.9468  117.2578  117.5367
 - (0.3887)  (0.3166)  (0.3338)  (0.3327)  (0.3375)  (0.3346)  (0.3318)  (0.4321)  (0.327)  (0.3377)  (0.3353)
P4Approach20 0.559017888087 116.6144  116.1630  116.5291  116.1453  116.6097  117.0093  117.0870  116.9263  116.9468  117.2578  117.5367
 - (0.3887)  (0.3166)  (0.3338)  (0.3327)  (0.3375)  (0.3346)  (0.3318)  (0.4321)  (0.327)  (0.3377)  (0.3353)
P4Approach15 0.559017888087 116.6144  116.1630  116.5291  116.1453  116.6097  117.0093  117.0870  116.9263  116.9468  117.2578  117.5367
 - (0.3887)  (0.3166)  (0.3338)  (0.3327)  (0.3375)  (0.3346)  (0.3318)  (0.4321)  (0.327)  (0.3377)  (0.3353)
P5Approach16 0.548135144528 116.1747  116.5237  116.5239  116.2880  116.2743  116.8071  116.9642  116.6021  116.7922  117.0724  117.2823
 - (0.4139)  (0.3057)  (0.2969)  (0.2927)  (0.2999)  (0.3105)  (0.3068)  (0.3191)  (0.3033)  (0.3235)  (0.3025)
P5Approach4 0.498080490949 116.0238  116.5329  116.4769  116.3036  116.2344  116.7515  116.9288  116.5648  116.7862  117.0410  117.2734
 - (0.3383)  (0.2893)  (0.2719)  (0.2859)  (0.28)  (0.2804)  (0.2837)  (0.2853)  (0.2817)  (0.2919)  (0.2929)
P5Approach2 0.491549581885 116.9894  116.4245  116.7981  116.2622  116.4192  117.1067  117.2840  117.0143  116.9947  117.4686  117.4553
 - (0.4965)  (0.3681)  (0.3716)  (0.3253)  (0.3687)  (0.3262)  (0.3266)  (0.3261)  (0.3254)  (0.3258)  (0.3253)
P5Approach5 0.491378324193 116.0517  116.5851  116.5168  116.3112  116.2732  116.7881  116.9495  116.5837  116.7988  117.0713  117.3165
 - (0.3391)  (0.2883)  (0.2717)  (0.285)  (0.2792)  (0.2798)  (0.283)  (0.2845)  (0.281)  (0.2906)  (0.2921)
P5Approach15 0.490678336714 116.0414  116.5711  116.5003  116.2967  116.2581  116.7549  116.9206  116.5858  116.7946  117.0331  117.2971
 - (0.3386)  (0.2889)  (0.272)  (0.286)  (0.2798)  (0.2805)  (0.2838)  (0.2846)  (0.2814)  (0.292)  (0.2925)
P5Approach11 0.486112825897 116.0501  116.5390  116.4905  116.2772  116.2373  116.7546  116.9252  116.5506  116.7634  117.0481  117.2642
 - (0.3387)  (0.2893)  (0.272)  (0.2863)  (0.28)  (0.2804)  (0.2837)  (0.2856)  (0.2825)  (0.2912)  (0.2926)
P5Approach14 0.473756305676 116.0287  116.5256  116.4867  116.2666  116.2483  116.7729  116.9084  116.5314  116.7346  117.0149  117.2768
 - (0.3268)  (0.287)  (0.2709)  (0.286)  (0.2787)  (0.2785)  (0.2835)  (0.285)  (0.2817)  (0.2918)  (0.2927)
P5Approach10 0.472678680996 116.0452  116.5282  116.4706  116.2686  116.2236  116.7398  116.9105  116.5312  116.7544  117.0180  117.2397
 - (0.3386)  (0.2889)  (0.2712)  (0.2866)  (0.2792)  (0.2795)  (0.2838)  (0.2853)  (0.2828)  (0.2921)  (0.2913)
P5Approach8 0.472191445568 116.0716  116.5191  116.4807  116.2384  116.2258  116.7368  116.9068  116.5445  116.7557  117.0117  117.2752
 - (0.3309)  (0.2881)  (0.2715)  (0.2841)  (0.2788)  (0.2786)  (0.2831)  (0.2846)  (0.2799)  (0.2897)  (0.2927)
P5Approach13 0.46568546972 116.1020  116.5639  116.5055  116.2898  116.2677  116.7856  116.9389  116.5655  116.7776  117.0419  117.2959
 - (0.3351)  (0.2847)  (0.271)  (0.2841)  (0.2777)  (0.2788)  (0.2825)  (0.2844)  (0.2796)  (0.2906)  (0.2922)
P5Approach9 0.458059805435 116.1002  116.5341  116.4726  116.2533  116.2179  116.7464  116.9183  116.5428  116.7502  117.0216  117.2752
 - (0.3367)  (0.2889)  (0.271)  (0.2865)  (0.2791)  (0.2799)  (0.2838)  (0.2853)  (0.2824)  (0.292)  (0.2927)
P5Approach3 0.453121428665 116.0660  116.5735  116.5008  116.2807  116.2458  116.7587  116.9175  116.5458  116.7548  117.0282  117.2799
 - (0.3299)  (0.2847)  (0.2715)  (0.2846)  (0.279)  (0.2776)  (0.2832)  (0.2849)  (0.281)  (0.2908)  (0.2929)
P5Approach6 0.441810907075 116.1181  116.5856  116.5086  116.2937  116.2577  116.7713  116.9236  116.5537  116.7661  117.0359  117.2812
 - (0.3335)  (0.2847)  (0.2712)  (0.2832)  (0.278)  (0.2775)  (0.2832)  (0.2842)  (0.2798)  (0.2902)  (0.2929)
P5Approach7 0.420457960644 116.1268  116.5661  116.4976  116.3267  116.2487  116.7635  116.9183  116.4904  116.7360  117.0344  117.2670
 - (0.336)  (0.2873)  (0.272)  (0.281)  (0.2795)  (0.2794)  (0.2837)  (0.2819)  (0.2792)  (0.2914)  (0.2925)
P5Approach12 0.411836588361 116.1105  116.5113  116.4803  116.3265  116.2638  116.7680  117.0012  116.6230  116.6709  116.9235  117.2234
 - (0.3022)  (0.2693)  (0.2579)  (0.2744)  (0.2676)  (0.2624)  (0.2669)  (0.2688)  (0.2671)  (0.2718)  (0.2791)
P5Approach17 0.40735486518 116.0886  116.5623  116.4919  116.3168  116.2563  116.7711  116.9418  116.5344  116.7571  117.0213  117.2652
 - (0.2768)  (0.285)  (0.269)  (0.2825)  (0.2772)  (0.2778)  (0.2824)  (0.2861)  (0.2814)  (0.2931)  (0.29)
P4Approach1 0.39020228303 116.9218  116.1373  116.4460  116.1389  116.6728  117.0935  117.1015  116.9251  116.9336  117.2172  117.7167
 - (0.3887)  (0.3166)  (0.3338)  (0.3327)  (0.3375)  (0.3346)  (0.3318)  (0.4321)  (0.327)  (0.3377)  (0.3353)
P4Approach16 0.39020228303 116.9218  116.1373  116.4460  116.1389  116.6728  117.0935  117.1015  116.9251  116.9336  117.2172  117.7167
 - (0.3887)  (0.3166)  (0.3338)  (0.3327)  (0.3375)  (0.3346)  (0.3318)  (0.4321)  (0.327)  (0.3377)  (0.3353)
P4Approach11 0.39020228303 116.9218  116.1373  116.4460  116.1389  116.6728  117.0935  117.1015  116.9251  116.9336  117.2172  117.7167
 - (0.3887)  (0.3166)  (0.3338)  (0.3327)  (0.3375)  (0.3346)  (0.3318)  (0.4321)  (0.327)  (0.3377)  (0.3353)
P4Approach3 0.38892764016 116.9218  116.1373  116.4460  116.1389  116.6728  117.0935  117.1015  116.9251  116.9336  117.2172  117.7263
 - (0.3887)  (0.3166)  (0.3338)  (0.3327)  (0.3375)  (0.3346)  (0.3318)  (0.4321)  (0.327)  (0.3377)  (0.3353)
P4Approach18 0.38892764016 116.9218  116.1373  116.4460  116.1389  116.6728  117.0935  117.1015  116.9251  116.9336  117.2172  117.7263
 - (0.3887)  (0.3166)  (0.3338)  (0.3327)  (0.3375)  (0.3346)  (0.3318)  (0.4321)  (0.327)  (0.3377)  (0.3353)
P4Approach13 0.38892764016 116.9218  116.1373  116.4460  116.1389  116.6728  117.0935  117.1015  116.9251  116.9336  117.2172  117.7263
 - (0.3887)  (0.3166)  (0.3338)  (0.3327)  (0.3375)  (0.3346)  (0.3318)  (0.4321)  (0.327)  (0.3377)  (0.3353)
DK score 116.9  117.5  117.6  117.8  118.1  118.2  118.1  117.6  117.6  117.9  117.8
P4Approach2 0.858349618782 117.8010  117.7680  117.6925  117.8318  118.0593  118.1062  117.8555  118.1344  117.5985  117.6519  117.7115
 - (0.3876)  (0.2727)  (0.2712)  (0.2693)  (0.2695)  (0.2694)  (0.2685)  (0.3943)  (0.2842)  (0.265)  (0.2863)
P4Approach7 0.858349618782 117.8010  117.7680  117.6925  117.8318  118.0593  118.1062  117.8555  118.1344  117.5985  117.6519  117.7115
 - (0.3876)  (0.2727)  (0.2712)  (0.2693)  (0.2695)  (0.2694)  (0.2685)  (0.3943)  (0.2842)  (0.265)  (0.2863)
P4Approach17 0.858349618782 117.8010  117.7680  117.6925  117.8318  118.0593  118.1062  117.8555  118.1344  117.5985  117.6519  117.7115
 - (0.3876)  (0.2727)  (0.2712)  (0.2693)  (0.2695)  (0.2694)  (0.2685)  (0.3943)  (0.2842)  (0.265)  (0.2863)
P4Approach12 0.858349618782 117.8010  117.7680  117.6925  117.8318  118.0593  118.1062  117.8555  118.1344  117.5985  117.6519  117.7115
 - (0.3876)  (0.2727)  (0.2712)  (0.2693)  (0.2695)  (0.2694)  (0.2685)  (0.3943)  (0.2842)  (0.265)  (0.2863)
P4Approach9 0.849656173829 117.7795  117.7680  117.7458  117.8244  118.0463  118.1103  117.8825  118.1795  117.6604  117.6451  117.6866
 - (0.3876)  (0.2727)  (0.2712)  (0.2693)  (0.2695)  (0.2694)  (0.2685)  (0.3943)  (0.2842)  (0.265)  (0.2863)
P4Approach4 0.849656173829 117.7795  117.7680  117.7458  117.8244  118.0463  118.1103  117.8825  118.1795  117.6604  117.6451  117.6866
 - (0.3876)  (0.2727)  (0.2712)  (0.2693)  (0.2695)  (0.2694)  (0.2685)  (0.3943)  (0.2842)  (0.265)  (0.2863)
P4Approach19 0.849656173829 117.7795  117.7680  117.7458  117.8244  118.0463  118.1103  117.8825  118.1795  117.6604  117.6451  117.6866
 - (0.3876)  (0.2727)  (0.2712)  (0.2693)  (0.2695)  (0.2694)  (0.2685)  (0.3943)  (0.2842)  (0.265)  (0.2863)
P4Approach14 0.849656173829 117.7795  117.7680  117.7458  117.8244  118.0463  118.1103  117.8825  118.1795  117.6604  117.6451  117.6866
 - (0.3876)  (0.2727)  (0.2712)  (0.2693)  (0.2695)  (0.2694)  (0.2685)  (0.3943)  (0.2842)  (0.265)  (0.2863)
P4Approach20 0.709888392855 117.9774  117.8300  117.7039  117.8392  118.0204  117.9460  117.9181  118.2413  117.6018  117.6693  117.6533
 - (0.3876)  (0.2727)  (0.2712)  (0.2693)  (0.2695)  (0.2694)  (0.2685)  (0.3943)  (0.2842)  (0.265)  (0.2863)
P4Approach5 0.709888392855 117.9774  117.8300  117.7039  117.8392  118.0204  117.9460  117.9181  118.2413  117.6018  117.6693  117.6533
 - (0.3876)  (0.2727)  (0.2712)  (0.2693)  (0.2695)  (0.2694)  (0.2685)  (0.3943)  (0.2842)  (0.265)  (0.2863)
P4Approach15 0.709888392855 117.9774  117.8300  117.7039  117.8392  118.0204  117.9460  117.9181  118.2413  117.6018  117.6693  117.6533
 - (0.3876)  (0.2727)  (0.2712)  (0.2693)  (0.2695)  (0.2694)  (0.2685)  (0.3943)  (0.2842)  (0.265)  (0.2863)
P4Approach10 0.709888392855 117.9774  117.8300  117.7039  117.8392  118.0204  117.9460  117.9181  118.2413  117.6018  117.6693  117.6533
 - (0.3876)  (0.2727)  (0.2712)  (0.2693)  (0.2695)  (0.2694)  (0.2685)  (0.3943)  (0.2842)  (0.265)  (0.2863)
P4Approach8 0.551109417438 118.2262  117.8921  117.6886  117.8503  118.0219  117.8820  117.9672  118.3256  117.5741  117.6935  117.6213
 - (0.3876)  (0.2727)  (0.2712)  (0.2693)  (0.2695)  (0.2694)  (0.2685)  (0.3943)  (0.2842)  (0.265)  (0.2863)
P4Approach3 0.551109417438 118.2262  117.8921  117.6886  117.8503  118.0219  117.8820  117.9672  118.3256  117.5741  117.6935  117.6213
 - (0.3876)  (0.2727)  (0.2712)  (0.2693)  (0.2695)  (0.2694)  (0.2685)  (0.3943)  (0.2842)  (0.265)  (0.2863)
P4Approach18 0.551109417438 118.2262  117.8921  117.6886  117.8503  118.0219  117.8820  117.9672  118.3256  117.5741  117.6935  117.6213
 - (0.3876)  (0.2727)  (0.2712)  (0.2693)  (0.2695)  (0.2694)  (0.2685)  (0.3943)  (0.2842)  (0.265)  (0.2863)
P4Approach13 0.551109417438 118.2262  117.8921  117.6886  117.8503  118.0219  117.8820  117.9672  118.3256  117.5741  117.6935  117.6213
 - (0.3876)  (0.2727)  (0.2712)  (0.2693)  (0.2695)  (0.2694)  (0.2685)  (0.3943)  (0.2842)  (0.265)  (0.2863)
P4Approach1 0.537350652835 118.1027  117.8921  117.6886  117.8503  117.9541  117.6853  117.9672  118.3256  117.5741  117.6868  117.5938
 - (0.3876)  (0.2727)  (0.2712)  (0.2693)  (0.2695)  (0.2694)  (0.2685)  (0.3943)  (0.2842)  (0.265)  (0.2863)
P4Approach6 0.537350652835 118.1027  117.8921  117.6886  117.8503  117.9541  117.6853  117.9672  118.3256  117.5741  117.6868  117.5938
 - (0.3876)  (0.2727)  (0.2712)  (0.2693)  (0.2695)  (0.2694)  (0.2685)  (0.3943)  (0.2842)  (0.265)  (0.2863)
P4Approach16 0.537350652835 118.1027  117.8921  117.6886  117.8503  117.9541  117.6853  117.9672  118.3256  117.5741  117.6868  117.5938
 - (0.3876)  (0.2727)  (0.2712)  (0.2693)  (0.2695)  (0.2694)  (0.2685)  (0.3943)  (0.2842)  (0.265)  (0.2863)
P4Approach11 0.537350652835 118.1027  117.8921  117.6886  117.8503  117.9541  117.6853  117.9672  118.3256  117.5741  117.6868  117.5938
 - (0.3876)  (0.2727)  (0.2712)  (0.2693)  (0.2695)  (0.2694)  (0.2685)  (0.3943)  (0.2842)  (0.265)  (0.2863)
EA score 116.3  116.4  117.9  117.9  118.4  118.6  117.9  118.0  118.5  118.8  118.7
P5Approach15 0.221634365517 116.8804  117.8177  118.0808  118.2871  118.4079  117.8444  117.8450  118.2588  118.5747  118.4932  118.6949
 - (0.354)  (0.2775)  (0.2671)  (0.2371)  (0.2619)  (0.2735)  (0.2499)  (0.2539)  (0.2562)  (0.2495)  (0.2403)
P4Approach9 0.144396644373 117.2028  117.8015  118.3273  118.1581  118.6323  118.0307  118.1744  118.5882  118.7270  118.8089  118.8869
 - (0.4033)  (0.2488)  (0.2502)  (0.2601)  (0.2692)  (0.2743)  (0.2732)  (0.4043)  (0.2684)  (0.2606)  (0.2595)
P4Approach2 0.144396644373 117.2028  117.8015  118.3273  118.1581  118.6323  118.0307  118.1744  118.5882  118.7270  118.8089  118.8869
 - (0.4033)  (0.2488)  (0.2502)  (0.2601)  (0.2692)  (0.2743)  (0.2732)  (0.4043)  (0.2684)  (0.2606)  (0.2595)
P4Approach7 0.144396644373 117.2028  117.8015  118.3273  118.1581  118.6323  118.0307  118.1744  118.5882  118.7270  118.8089  118.8869
 - (0.4033)  (0.2488)  (0.2502)  (0.2601)  (0.2692)  (0.2743)  (0.2732)  (0.4043)  (0.2684)  (0.2606)  (0.2595)
P4Approach4 0.144396644373 117.2028  117.8015  118.3273  118.1581  118.6323  118.0307  118.1744  118.5882  118.7270  118.8089  118.8869
 - (0.4033)  (0.2488)  (0.2502)  (0.2601)  (0.2692)  (0.2743)  (0.2732)  (0.4043)  (0.2684)  (0.2606)  (0.2595)
P4Approach19 0.144396644373 117.2028  117.8015  118.3273  118.1581  118.6323  118.0307  118.1744  118.5882  118.7270  118.8089  118.8869
 - (0.4033)  (0.2488)  (0.2502)  (0.2601)  (0.2692)  (0.2743)  (0.2732)  (0.4043)  (0.2684)  (0.2606)  (0.2595)
P4Approach17 0.144396644373 117.2028  117.8015  118.3273  118.1581  118.6323  118.0307  118.1744  118.5882  118.7270  118.8089  118.8869
 - (0.4033)  (0.2488)  (0.2502)  (0.2601)  (0.2692)  (0.2743)  (0.2732)  (0.4043)  (0.2684)  (0.2606)  (0.2595)
P4Approach14 0.144396644373 117.2028  117.8015  118.3273  118.1581  118.6323  118.0307  118.1744  118.5882  118.7270  118.8089  118.8869
 - (0.4033)  (0.2488)  (0.2502)  (0.2601)  (0.2692)  (0.2743)  (0.2732)  (0.4043)  (0.2684)  (0.2606)  (0.2595)
P4Approach12 0.144396644373 117.2028  117.8015  118.3273  118.1581  118.6323  118.0307  118.1744  118.5882  118.7270  118.8089  118.8869
 - (0.4033)  (0.2488)  (0.2502)  (0.2601)  (0.2692)  (0.2743)  (0.2732)  (0.4043)  (0.2684)  (0.2606)  (0.2595)
P4Approach5 0.135766609571 117.4054  117.8068  118.1709  118.0713  118.4512  117.9544  118.1790  118.6287  118.7149  118.7373  118.8987
 - (0.4033)  (0.2488)  (0.2502)  (0.2601)  (0.2692)  (0.2743)  (0.2732)  (0.4043)  (0.2684)  (0.2606)  (0.2595)
P4Approach20 0.135766609571 117.4054  117.8068  118.1709  118.0713  118.4512  117.9544  118.1790  118.6287  118.7149  118.7373  118.8987
 - (0.4033)  (0.2488)  (0.2502)  (0.2601)  (0.2692)  (0.2743)  (0.2732)  (0.4043)  (0.2684)  (0.2606)  (0.2595)
P4Approach15 0.135766609571 117.4054  117.8068  118.1709  118.0713  118.4512  117.9544  118.1790  118.6287  118.7149  118.7373  118.8987
 - (0.4033)  (0.2488)  (0.2502)  (0.2601)  (0.2692)  (0.2743)  (0.2732)  (0.4043)  (0.2684)  (0.2606)  (0.2595)
P4Approach10 0.135766609571 117.4054  117.8068  118.1709  118.0713  118.4512  117.9544  118.1790  118.6287  118.7149  118.7373  118.8987
 - (0.4033)  (0.2488)  (0.2502)  (0.2601)  (0.2692)  (0.2743)  (0.2732)  (0.4043)  (0.2684)  (0.2606)  (0.2595)
P4Approach8 0.112632201394 117.6081  117.8122  118.0145  117.9844  118.2701  117.8782  118.1835  118.6693  118.7028  118.6656  118.9105
 - (0.4033)  (0.2488)  (0.2502)  (0.2601)  (0.2692)  (0.2743)  (0.2732)  (0.4043)  (0.2684)  (0.2606)  (0.2595)
P4Approach3 0.112632201394 117.6081  117.8122  118.0145  117.9844  118.2701  117.8782  118.1835  118.6693  118.7028  118.6656  118.9105
 - (0.4033)  (0.2488)  (0.2502)  (0.2601)  (0.2692)  (0.2743)  (0.2732)  (0.4043)  (0.2684)  (0.2606)  (0.2595)
P4Approach1 0.112632201394 117.6081  117.8122  118.0145  117.9844  118.2701  117.8782  118.1835  118.6693  118.7028  118.6656  118.9105
 - (0.4033)  (0.2488)  (0.2502)  (0.2601)  (0.2692)  (0.2743)  (0.2732)  (0.4043)  (0.2684)  (0.2606)  (0.2595)
P4Approach6 0.112632201394 117.6081  117.8122  118.0145  117.9844  118.2701  117.8782  118.1835  118.6693  118.7028  118.6656  118.9105
 - (0.4033)  (0.2488)  (0.2502)  (0.2601)  (0.2692)  (0.2743)  (0.2732)  (0.4043)  (0.2684)  (0.2606)  (0.2595)
P4Approach18 0.112632201394 117.6081  117.8122  118.0145  117.9844  118.2701  117.8782  118.1835  118.6693  118.7028  118.6656  118.9105
 - (0.4033)  (0.2488)  (0.2502)  (0.2601)  (0.2692)  (0.2743)  (0.2732)  (0.4043)  (0.2684)  (0.2606)  (0.2595)
P4Approach16 0.112632201394 117.6081  117.8122  118.0145  117.9844  118.2701  117.8782  118.1835  118.6693  118.7028  118.6656  118.9105
 - (0.4033)  (0.2488)  (0.2502)  (0.2601)  (0.2692)  (0.2743)  (0.2732)  (0.4043)  (0.2684)  (0.2606)  (0.2595)
P4Approach13 0.112632201394 117.6081  117.8122  118.0145  117.9844  118.2701  117.8782  118.1835  118.6693  118.7028  118.6656  118.9105
 - (0.4033)  (0.2488)  (0.2502)  (0.2601)  (0.2692)  (0.2743)  (0.2732)  (0.4043)  (0.2684)  (0.2606)  (0.2595)
P4Approach11 0.112632201394 117.6081  117.8122  118.0145  117.9844  118.2701  117.8782  118.1835  118.6693  118.7028  118.6656  118.9105
 - (0.4033)  (0.2488)  (0.2502)  (0.2601)  (0.2692)  (0.2743)  (0.2732)  (0.4043)  (0.2684)  (0.2606)  (0.2595)
P5Approach14 0.111813855424 117.0425  117.9358  118.0503  118.2332  118.2726  117.6836  117.8246  118.1443  118.5554  118.4369  118.5017
 - (0.637)  (0.2535)  (0.2814)  (0.2487)  (0.2756)  (0.2615)  (0.2611)  (0.2672)  (0.2701)  (0.2737)  (0.2726)
P5Approach9 0.0813008405871 116.8133  117.9269  117.9691  118.1992  118.2113  117.6245  117.7754  118.1014  118.5332  118.4016  118.4309
 - (0.3111)  (0.2471)  (0.2611)  (0.2433)  (0.2597)  (0.2298)  (0.2474)  (0.2502)  (0.2542)  (0.2533)  (0.2545)
P5Approach5 0.080287249804 116.7770  117.9414  117.9942  118.2471  118.2434  117.6292  117.7879  118.1032  118.5328  118.4023  118.4381
 - (0.3168)  (0.2477)  (0.2621)  (0.2458)  (0.2612)  (0.2296)  (0.248)  (0.2503)  (0.257)  (0.2563)  (0.2547)
P5Approach12 0.0783256192371 116.8341  117.9424  117.9925  118.2560  118.2520  117.6296  117.7984  118.0961  118.5419  118.3985  118.4498
 - (0.3133)  (0.2478)  (0.2623)  (0.2456)  (0.2611)  (0.2299)  (0.2476)  (0.2504)  (0.257)  (0.2563)  (0.2546)
P5Approach8 0.0776295179738 116.8016  117.9453  117.9955  118.2615  118.2442  117.6319  117.8060  118.1106  118.5357  118.4204  118.4493
 - (0.2981)  (0.2468)  (0.2621)  (0.2399)  (0.2602)  (0.2292)  (0.2417)  (0.2494)  (0.2572)  (0.2536)  (0.254)
P5Approach13 0.0769500333373 116.7755  117.9925  118.0696  118.2738  118.3155  117.7001  117.8515  118.1585  118.5997  118.4417  118.5076
 - (0.317)  (0.2454)  (0.2568)  (0.2452)  (0.2559)  (0.2248)  (0.2446)  (0.2481)  (0.253)  (0.2546)  (0.2446)
P5Approach7 0.0748892397006 116.7589  117.9147  117.9483  118.1820  118.1858  117.6008  117.7279  118.0863  118.5197  118.3843  118.4176
 - (0.2927)  (0.2432)  (0.2582)  (0.2374)  (0.2553)  (0.2279)  (0.2415)  (0.2491)  (0.2543)  (0.252)  (0.2519)
P5Approach10 0.074835664212 116.7836  117.9345  117.9828  118.2234  118.2307  117.6242  117.7751  118.0914  118.5247  118.3918  118.4309
 - (0.2861)  (0.2442)  (0.2601)  (0.2357)  (0.2558)  (0.2279)  (0.2416)  (0.2466)  (0.2546)  (0.2504)  (0.251)
P5Approach2 0.0728042818105 118.5027  117.7881  118.3601  118.3000  118.5524  118.0250  118.0935  118.4411  118.8308  118.7693  118.7923
 - (0.4348)  (0.2766)  (0.2795)  (0.2799)  (0.2806)  (0.2805)  (0.2783)  (0.2778)  (0.2784)  (0.2784)  (0.2775)
P5Approach4 0.0648833590124 116.8870  118.0094  118.0411  118.3201  118.3078  117.6701  117.8467  118.1419  118.5805  118.4507  118.4912
 - (0.3086)  (0.2447)  (0.2605)  (0.2344)  (0.255)  (0.2275)  (0.2426)  (0.2485)  (0.2539)  (0.2527)  (0.2458)
P5Approach3 0.0625501966797 116.8428  117.9984  118.0343  118.2905  118.2820  117.6507  117.8112  118.1195  118.5434  118.4217  118.4798
 - (0.2885)  (0.2421)  (0.2594)  (0.2363)  (0.2508)  (0.2267)  (0.2385)  (0.2453)  (0.2522)  (0.2467)  (0.2445)
P5Approach1 0.0590006712143 118.2704  117.8736  118.2166  118.1561  118.3779  117.8703  117.9137  118.2623  118.5386  118.4962  118.6933
 - (0.3746)  (0.2678)  (0.2563)  (0.2477)  (0.2474)  (0.2509)  (0.2478)  (0.2431)  (0.2536)  (0.2411)  (0.2394)
P5Approach6 0.0508067934053 116.7747  117.9747  118.0152  118.2191  118.2265  117.6169  117.7846  118.1096  118.5444  118.4308  118.4778
 - (0.2898)  (0.23)  (0.2439)  (0.2244)  (0.2416)  (0.2157)  (0.2317)  (0.2356)  (0.2376)  (0.2351)  (0.2388)
P5Approach11 0.0495866404446 116.7304  117.9231  118.0346  118.1021  118.1142  117.6139  117.7482  118.0548  118.3950  118.2702  118.4639
 - (0.2568)  (0.2265)  (0.2433)  (0.2185)  (0.2416)  (0.2177)  (0.2311)  (0.2344)  (0.2384)  (0.237)  (0.243)
EE score 142.7  143.8  144.9  145.0  145.6  146.3  146.3  146.5  146.6  145.9  145.8
P4Approach3 0.532968968308 141.9076  144.1819  145.5786  145.3502  145.9791  146.7299  146.4884  146.6243  146.6524  145.6281  145.6881
 - (0.9565)  (0.5539)  (0.5532)  (0.5543)  (0.5497)  (0.5457)  (0.5447)  (1.0063)  (0.5355)  (0.5398)  (0.5357)
P4Approach1 0.532968968308 141.9076  144.1819  145.5786  145.3502  145.9791  146.7299  146.4884  146.6243  146.6524  145.6281  145.6881
 - (0.9565)  (0.5539)  (0.5532)  (0.5543)  (0.5497)  (0.5457)  (0.5447)  (1.0063)  (0.5355)  (0.5398)  (0.5357)
P4Approach5 0.528360654968 142.2053  144.4256  145.5809  145.2958  145.9416  146.6555  146.4009  146.4737  146.7446  145.5063  145.7801
 - (0.9565)  (0.5539)  (0.5532)  (0.5543)  (0.5497)  (0.5457)  (0.5447)  (1.0063)  (0.5355)  (0.5398)  (0.5357)
P4Approach2 0.515365634459 142.6202  144.5696  145.6109  145.1960  145.8432  146.4913  146.2849  146.2682  146.9029  145.3788  145.8338
 - (0.9565)  (0.5539)  (0.5532)  (0.5543)  (0.5497)  (0.5457)  (0.5447)  (1.0063)  (0.5355)  (0.5398)  (0.5357)
P4Approach4 0.482349128457 142.3859  144.7692  145.5554  145.2867  145.9647  146.6707  146.3419  146.3781  146.7708  145.3902  145.9105
 - (0.9565)  (0.5539)  (0.5532)  (0.5543)  (0.5497)  (0.5457)  (0.5447)  (1.0063)  (0.5355)  (0.5398)  (0.5357)
EL score 116.5  116.5  117.9  118.6  118.7  120.2  118.8  118.8  119.6  120.1  118.4
P4Approach4 0.248252260294 116.4415  118.8361  118.2926  118.4042  119.5148  119.4788  118.1134  119.7821  120.2310  120.0097  118.3376
 - (1.0104)  (0.7079)  (0.7141)  (0.7078)  (0.703)  (0.727)  (0.7275)  (1.0249)  (0.7556)  (0.7424)  (0.7516)
P4Approach2 0.22585429086 116.4109  118.9849  118.3458  118.4972  119.8315  119.4573  118.2440  119.9300  119.7015  120.0097  118.4230
 - (1.0104)  (0.7079)  (0.7141)  (0.7078)  (0.703)  (0.727)  (0.7275)  (1.0249)  (0.7556)  (0.7424)  (0.7516)
P4Approach5 0.208797865441 116.3161  118.9143  118.4695  118.4411  119.2248  118.7852  117.7310  119.6013  119.9403  119.8203  118.6655
 - (1.0104)  (0.7079)  (0.7141)  (0.7078)  (0.703)  (0.727)  (0.7275)  (1.0249)  (0.7556)  (0.7424)  (0.7516)
P4Approach1 0.152835828171 116.2061  118.9182  118.5821  118.4315  118.7765  118.1024  117.2833  119.3466  119.9144  119.6310  118.9508
 - (1.0104)  (0.7079)  (0.7141)  (0.7078)  (0.703)  (0.727)  (0.7275)  (1.0249)  (0.7556)  (0.7424)  (0.7516)
P4Approach3 0.151366243236 116.2061  118.9182  118.6574  118.4315  118.7765  118.1024  117.2833  119.3466  119.9144  119.6310  118.9508
 - (1.0104)  (0.7079)  (0.7141)  (0.7078)  (0.703)  (0.727)  (0.7275)  (1.0249)  (0.7556)  (0.7424)  (0.7516)
ES score 117.2  116.7  119.0  119.6  120.2  120.7  119.1  119.1  119.9  120.9  121.2
P4Approach5 0.210796296182 118.1299  118.7385  119.5488  119.5558  120.0730  118.9821  119.1338  120.0397  120.1936  120.8859  120.7064
 - (0.9311)  (0.5832)  (0.6004)  (0.597)  (0.6079)  (0.6194)  (0.6145)  (0.9855)  (0.605)  (0.5302)  (0.5305)
P4Approach2 0.203088550037 117.7446  118.7898  119.8166  119.8536  120.4383  119.0178  118.9036  119.6801  120.2079  121.1565  120.6852
 - (0.9311)  (0.5832)  (0.6004)  (0.597)  (0.6079)  (0.6194)  (0.6145)  (0.9855)  (0.605)  (0.5302)  (0.5305)
P4Approach4 0.203088550037 117.7446  118.7898  119.8166  119.8536  120.4383  119.0178  118.9036  119.6801  120.2079  121.1565  120.6852
 - (0.9311)  (0.5832)  (0.6004)  (0.597)  (0.6079)  (0.6194)  (0.6145)  (0.9855)  (0.605)  (0.5302)  (0.5305)
P4Approach3 0.191073052657 118.5151  118.6872  119.2705  119.2580  119.7076  118.9463  119.3654  120.3765  120.1793  120.6154  120.7276
 - (0.9311)  (0.5832)  (0.6004)  (0.597)  (0.6079)  (0.6194)  (0.6145)  (0.9855)  (0.605)  (0.5302)  (0.5305)
P4Approach1 0.189762828008 118.5151  118.6872  119.2915  119.2580  119.7076  118.9463  119.3626  120.4223  120.1793  120.6154  120.7276
 - (0.9311)  (0.5832)  (0.6004)  (0.597)  (0.6079)  (0.6194)  (0.6145)  (0.9855)  (0.605)  (0.5302)  (0.5305)
EU score 119.4  119.6  120.7  120.8  121.2  121.4  120.9  121.0  121.3  121.7  121.6
P4Approach2 0.371418268741 120.2247  120.5533  121.1639  121.0631  121.5059  121.0211  121.1821  121.5273  121.4746  121.7566  121.9413
 - (0.392)  (0.2687)  (0.2727)  (0.2699)  (0.2785)  (0.2802)  (0.279)  (0.4364)  (0.2743)  (0.27)  (0.2683)
P4Approach7 0.371418268741 120.2247  120.5533  121.1639  121.0631  121.5059  121.0211  121.1821  121.5273  121.4746  121.7566  121.9413
 - (0.392)  (0.2687)  (0.2727)  (0.2699)  (0.2785)  (0.2802)  (0.279)  (0.4364)  (0.2743)  (0.27)  (0.2683)
P4Approach17 0.371418268741 120.2247  120.5533  121.1639  121.0631  121.5059  121.0211  121.1821  121.5273  121.4746  121.7566  121.9413
 - (0.392)  (0.2687)  (0.2727)  (0.2699)  (0.2785)  (0.2802)  (0.279)  (0.4364)  (0.2743)  (0.27)  (0.2683)
P4Approach12 0.371418268741 120.2247  120.5533  121.1639  121.0631  121.5059  121.0211  121.1821  121.5273  121.4746  121.7566  121.9413
 - (0.392)  (0.2687)  (0.2727)  (0.2699)  (0.2785)  (0.2802)  (0.279)  (0.4364)  (0.2743)  (0.27)  (0.2683)
P4Approach9 0.358401760113 120.2503  120.5451  121.2221  121.0277  121.5036  121.0235  121.1955  121.5448  121.5207  121.7566  121.9183
 - (0.392)  (0.2687)  (0.2727)  (0.2699)  (0.2785)  (0.2802)  (0.279)  (0.4364)  (0.2743)  (0.27)  (0.2683)
P4Approach4 0.358401760113 120.2503  120.5451  121.2221  121.0277  121.5036  121.0235  121.1955  121.5448  121.5207  121.7566  121.9183
 - (0.392)  (0.2687)  (0.2727)  (0.2699)  (0.2785)  (0.2802)  (0.279)  (0.4364)  (0.2743)  (0.27)  (0.2683)
P4Approach19 0.358401760113 120.2503  120.5451  121.2221  121.0277  121.5036  121.0235  121.1955  121.5448  121.5207  121.7566  121.9183
 - (0.392)  (0.2687)  (0.2727)  (0.2699)  (0.2785)  (0.2802)  (0.279)  (0.4364)  (0.2743)  (0.27)  (0.2683)
P4Approach14 0.358401760113 120.2503  120.5451  121.2221  121.0277  121.5036  121.0235  121.1955  121.5448  121.5207  121.7566  121.9183
 - (0.392)  (0.2687)  (0.2727)  (0.2699)  (0.2785)  (0.2802)  (0.279)  (0.4364)  (0.2743)  (0.27)  (0.2683)
P4Approach20 0.356122856405 120.4840  120.5466  121.0268  120.9464  121.3435  120.9798  121.2213  121.5725  121.4883  121.6765  121.9328
 - (0.392)  (0.2687)  (0.2727)  (0.2699)  (0.2785)  (0.2802)  (0.279)  (0.4364)  (0.2743)  (0.27)  (0.2683)
P4Approach5 0.356122856405 120.4840  120.5466  121.0268  120.9464  121.3435  120.9798  121.2213  121.5725  121.4883  121.6765  121.9328
 - (0.392)  (0.2687)  (0.2727)  (0.2699)  (0.2785)  (0.2802)  (0.279)  (0.4364)  (0.2743)  (0.27)  (0.2683)
P4Approach15 0.356122856405 120.4840  120.5466  121.0268  120.9464  121.3435  120.9798  121.2213  121.5725  121.4883  121.6765  121.9328
 - (0.392)  (0.2687)  (0.2727)  (0.2699)  (0.2785)  (0.2802)  (0.279)  (0.4364)  (0.2743)  (0.27)  (0.2683)
P4Approach10 0.356122856405 120.4840  120.5466  121.0268  120.9464  121.3435  120.9798  121.2213  121.5725  121.4883  121.6765  121.9328
 - (0.392)  (0.2687)  (0.2727)  (0.2699)  (0.2785)  (0.2802)  (0.279)  (0.4364)  (0.2743)  (0.27)  (0.2683)
P4Approach1 0.306903029498 120.7304  120.5439  120.8606  120.8474  121.1601  120.9373  121.2538  121.6089  121.4789  121.5964  121.9317
 - (0.392)  (0.2687)  (0.2727)  (0.2699)  (0.2785)  (0.2802)  (0.279)  (0.4364)  (0.2743)  (0.27)  (0.2683)
P4Approach6 0.306903029498 120.7304  120.5439  120.8606  120.8474  121.1601  120.9373  121.2538  121.6089  121.4789  121.5964  121.9317
 - (0.392)  (0.2687)  (0.2727)  (0.2699)  (0.2785)  (0.2802)  (0.279)  (0.4364)  (0.2743)  (0.27)  (0.2683)
P4Approach16 0.306903029498 120.7304  120.5439  120.8606  120.8474  121.1601  120.9373  121.2538  121.6089  121.4789  121.5964  121.9317
 - (0.392)  (0.2687)  (0.2727)  (0.2699)  (0.2785)  (0.2802)  (0.279)  (0.4364)  (0.2743)  (0.27)  (0.2683)
P4Approach11 0.306903029498 120.7304  120.5439  120.8606  120.8474  121.1601  120.9373  121.2538  121.6089  121.4789  121.5964  121.9317
 - (0.392)  (0.2687)  (0.2727)  (0.2699)  (0.2785)  (0.2802)  (0.279)  (0.4364)  (0.2743)  (0.27)  (0.2683)
P4Approach8 0.306145759114 120.7304  120.5439  120.8606  120.8474  121.2045  120.9373  121.2538  121.6089  121.4789  121.5964  121.9397
 - (0.392)  (0.2687)  (0.2727)  (0.2699)  (0.2785)  (0.2802)  (0.279)  (0.4364)  (0.2743)  (0.27)  (0.2683)
P4Approach3 0.306145759114 120.7304  120.5439  120.8606  120.8474  121.2045  120.9373  121.2538  121.6089  121.4789  121.5964  121.9397
 - (0.392)  (0.2687)  (0.2727)  (0.2699)  (0.2785)  (0.2802)  (0.279)  (0.4364)  (0.2743)  (0.27)  (0.2683)
P4Approach18 0.306145759114 120.7304  120.5439  120.8606  120.8474  121.2045  120.9373  121.2538  121.6089  121.4789  121.5964  121.9397
 - (0.392)  (0.2687)  (0.2727)  (0.2699)  (0.2785)  (0.2802)  (0.279)  (0.4364)  (0.2743)  (0.27)  (0.2683)
P4Approach13 0.306145759114 120.7304  120.5439  120.8606  120.8474  121.2045  120.9373  121.2538  121.6089  121.4789  121.5964  121.9397
 - (0.392)  (0.2687)  (0.2727)  (0.2699)  (0.2785)  (0.2802)  (0.279)  (0.4364)  (0.2743)  (0.27)  (0.2683)
FI score 121.1  121.3  121.9  122.2  122.1  122.2  122.0  122.1  122.3  122.6  122.6
P4Approach9 1.14542504369 121.4528  121.5770  121.9386  122.2249  122.2038  122.0537  122.1120  122.2722  122.5175  122.6643  122.5643
 - (0.4313)  (0.285)  (0.2845)  (0.2842)  (0.2815)  (0.2794)  (0.2823)  (0.4306)  (0.2783)  (0.2746)  (0.2742)
P4Approach2 1.14542504369 121.4528  121.5770  121.9386  122.2249  122.2038  122.0537  122.1120  122.2722  122.5175  122.6643  122.5643
 - (0.4313)  (0.285)  (0.2845)  (0.2842)  (0.2815)  (0.2794)  (0.2823)  (0.4306)  (0.2783)  (0.2746)  (0.2742)
P4Approach7 1.14542504369 121.4528  121.5770  121.9386  122.2249  122.2038  122.0537  122.1120  122.2722  122.5175  122.6643  122.5643
 - (0.4313)  (0.285)  (0.2845)  (0.2842)  (0.2815)  (0.2794)  (0.2823)  (0.4306)  (0.2783)  (0.2746)  (0.2742)
P4Approach4 1.14542504369 121.4528  121.5770  121.9386  122.2249  122.2038  122.0537  122.1120  122.2722  122.5175  122.6643  122.5643
 - (0.4313)  (0.285)  (0.2845)  (0.2842)  (0.2815)  (0.2794)  (0.2823)  (0.4306)  (0.2783)  (0.2746)  (0.2742)
P4Approach19 1.14542504369 121.4528  121.5770  121.9386  122.2249  122.2038  122.0537  122.1120  122.2722  122.5175  122.6643  122.5643
 - (0.4313)  (0.285)  (0.2845)  (0.2842)  (0.2815)  (0.2794)  (0.2823)  (0.4306)  (0.2783)  (0.2746)  (0.2742)
P4Approach17 1.14542504369 121.4528  121.5770  121.9386  122.2249  122.2038  122.0537  122.1120  122.2722  122.5175  122.6643  122.5643
 - (0.4313)  (0.285)  (0.2845)  (0.2842)  (0.2815)  (0.2794)  (0.2823)  (0.4306)  (0.2783)  (0.2746)  (0.2742)
P4Approach14 1.14542504369 121.4528  121.5770  121.9386  122.2249  122.2038  122.0537  122.1120  122.2722  122.5175  122.6643  122.5643
 - (0.4313)  (0.285)  (0.2845)  (0.2842)  (0.2815)  (0.2794)  (0.2823)  (0.4306)  (0.2783)  (0.2746)  (0.2742)
P4Approach12 1.14542504369 121.4528  121.5770  121.9386  122.2249  122.2038  122.0537  122.1120  122.2722  122.5175  122.6643  122.5643
 - (0.4313)  (0.285)  (0.2845)  (0.2842)  (0.2815)  (0.2794)  (0.2823)  (0.4306)  (0.2783)  (0.2746)  (0.2742)
P4Approach20 1.02719725342 121.7246  121.5758  121.9732  122.2043  122.1712  121.8698  122.0970  122.3874  122.4336  122.5331  122.5506
 - (0.4313)  (0.285)  (0.2845)  (0.2842)  (0.2815)  (0.2794)  (0.2823)  (0.4306)  (0.2783)  (0.2746)  (0.2742)
P4Approach5 1.02719725342 121.7246  121.5758  121.9732  122.2043  122.1712  121.8698  122.0970  122.3874  122.4336  122.5331  122.5506
 - (0.4313)  (0.285)  (0.2845)  (0.2842)  (0.2815)  (0.2794)  (0.2823)  (0.4306)  (0.2783)  (0.2746)  (0.2742)
P4Approach15 1.02719725342 121.7246  121.5758  121.9732  122.2043  122.1712  121.8698  122.0970  122.3874  122.4336  122.5331  122.5506
 - (0.4313)  (0.285)  (0.2845)  (0.2842)  (0.2815)  (0.2794)  (0.2823)  (0.4306)  (0.2783)  (0.2746)  (0.2742)
P4Approach10 1.02719725342 121.7246  121.5758  121.9732  122.2043  122.1712  121.8698  122.0970  122.3874  122.4336  122.5331  122.5506
 - (0.4313)  (0.285)  (0.2845)  (0.2842)  (0.2815)  (0.2794)  (0.2823)  (0.4306)  (0.2783)  (0.2746)  (0.2742)
P4Approach8 0.850469710421 121.9963  121.5666  122.0079  122.2189  122.1609  121.7360  122.0828  122.4730  122.3581  122.4019  122.5368
 - (0.4313)  (0.285)  (0.2845)  (0.2842)  (0.2815)  (0.2794)  (0.2823)  (0.4306)  (0.2783)  (0.2746)  (0.2742)
P4Approach3 0.850469710421 121.9963  121.5666  122.0079  122.2189  122.1609  121.7360  122.0828  122.4730  122.3581  122.4019  122.5368
 - (0.4313)  (0.285)  (0.2845)  (0.2842)  (0.2815)  (0.2794)  (0.2823)  (0.4306)  (0.2783)  (0.2746)  (0.2742)
P4Approach18 0.850469710421 121.9963  121.5666  122.0079  122.2189  122.1609  121.7360  122.0828  122.4730  122.3581  122.4019  122.5368
 - (0.4313)  (0.285)  (0.2845)  (0.2842)  (0.2815)  (0.2794)  (0.2823)  (0.4306)  (0.2783)  (0.2746)  (0.2742)
P4Approach13 0.850469710421 121.9963  121.5666  122.0079  122.2189  122.1609  121.7360  122.0828  122.4730  122.3581  122.4019  122.5368
 - (0.4313)  (0.285)  (0.2845)  (0.2842)  (0.2815)  (0.2794)  (0.2823)  (0.4306)  (0.2783)  (0.2746)  (0.2742)
P4Approach1 0.789144650869 121.9963  121.5825  122.0079  122.1485  122.1161  121.6357  122.0814  122.5323  122.3411  122.4019  122.5368
 - (0.4313)  (0.285)  (0.2845)  (0.2842)  (0.2815)  (0.2794)  (0.2823)  (0.4306)  (0.2783)  (0.2746)  (0.2742)
P4Approach6 0.789144650869 121.9963  121.5825  122.0079  122.1485  122.1161  121.6357  122.0814  122.5323  122.3411  122.4019  122.5368
 - (0.4313)  (0.285)  (0.2845)  (0.2842)  (0.2815)  (0.2794)  (0.2823)  (0.4306)  (0.2783)  (0.2746)  (0.2742)
P4Approach16 0.789144650869 121.9963  121.5825  122.0079  122.1485  122.1161  121.6357  122.0814  122.5323  122.3411  122.4019  122.5368
 - (0.4313)  (0.285)  (0.2845)  (0.2842)  (0.2815)  (0.2794)  (0.2823)  (0.4306)  (0.2783)  (0.2746)  (0.2742)
P4Approach11 0.789144650869 121.9963  121.5825  122.0079  122.1485  122.1161  121.6357  122.0814  122.5323  122.3411  122.4019  122.5368
 - (0.4313)  (0.285)  (0.2845)  (0.2842)  (0.2815)  (0.2794)  (0.2823)  (0.4306)  (0.2783)  (0.2746)  (0.2742)
FR score 114.5  114.9  115.7  115.9  116.4  116.6  116.1  116.5  116.2  116.3  116.3
P5Approach16 0.501228298702 115.6253  115.7315  115.8177  116.2330  116.4387  116.1514  116.4939  116.1453  116.3977  116.0318  116.3409
 - (0.6321)  (0.2773)  (0.275)  (0.2821)  (0.2789)  (0.2748)  (0.2773)  (0.2664)  (0.2844)  (0.2817)  (0.2652)
P4Approach1 0.479513808839 115.7289  115.4147  115.6064  115.8652  116.3283  116.0958  116.5568  116.2785  116.3536  116.1893  116.5523
 - (0.3547)  (0.2868)  (0.2949)  (0.2949)  (0.3017)  (0.3024)  (0.2997)  (0.3939)  (0.2945)  (0.2737)  (0.2718)
P4Approach16 0.479513808839 115.7289  115.4147  115.6064  115.8652  116.3283  116.0958  116.5568  116.2785  116.3536  116.1893  116.5523
 - (0.3547)  (0.2868)  (0.2949)  (0.2949)  (0.3017)  (0.3024)  (0.2997)  (0.3939)  (0.2945)  (0.2737)  (0.2718)
P4Approach5 0.453872933892 115.7062  115.5177  115.7198  115.9351  116.4000  116.0968  116.5892  116.2815  116.3295  116.1722  116.5645
 - (0.3547)  (0.2868)  (0.2949)  (0.2949)  (0.3017)  (0.3024)  (0.2997)  (0.3939)  (0.2945)  (0.2737)  (0.2718)
P4Approach20 0.453872933892 115.7062  115.5177  115.7198  115.9351  116.4000  116.0968  116.5892  116.2815  116.3295  116.1722  116.5645
 - (0.3547)  (0.2868)  (0.2949)  (0.2949)  (0.3017)  (0.3024)  (0.2997)  (0.3939)  (0.2945)  (0.2737)  (0.2718)
P4Approach3 0.44202545705 115.8179  115.4147  115.6103  115.8652  116.3283  116.0914  116.5560  116.2700  116.3536  116.2153  116.5523
 - (0.3547)  (0.2868)  (0.2949)  (0.2949)  (0.3017)  (0.3024)  (0.2997)  (0.3939)  (0.2945)  (0.2737)  (0.2718)
P4Approach18 0.44202545705 115.8179  115.4147  115.6103  115.8652  116.3283  116.0914  116.5560  116.2700  116.3536  116.2153  116.5523
 - (0.3547)  (0.2868)  (0.2949)  (0.2949)  (0.3017)  (0.3024)  (0.2997)  (0.3939)  (0.2945)  (0.2737)  (0.2718)
P4Approach2 0.431602447287 115.6315  115.6208  115.8313  116.0051  116.4718  116.0999  116.6220  116.2888  116.3054  116.1421  116.5767
 - (0.3547)  (0.2868)  (0.2949)  (0.2949)  (0.3017)  (0.3024)  (0.2997)  (0.3939)  (0.2945)  (0.2737)  (0.2718)
P4Approach17 0.431602447287 115.6315  115.6208  115.8313  116.0051  116.4718  116.0999  116.6220  116.2888  116.3054  116.1421  116.5767
 - (0.3547)  (0.2868)  (0.2949)  (0.2949)  (0.3017)  (0.3024)  (0.2997)  (0.3939)  (0.2945)  (0.2737)  (0.2718)
P4Approach4 0.426342277819 115.6464  115.6208  115.8313  116.0051  116.4718  116.0999  116.6220  116.2888  116.3054  116.1421  116.5767
 - (0.3547)  (0.2868)  (0.2949)  (0.2949)  (0.3017)  (0.3024)  (0.2997)  (0.3939)  (0.2945)  (0.2737)  (0.2718)
P4Approach19 0.426342277819 115.6464  115.6208  115.8313  116.0051  116.4718  116.0999  116.6220  116.2888  116.3054  116.1421  116.5767
 - (0.3547)  (0.2868)  (0.2949)  (0.2949)  (0.3017)  (0.3024)  (0.2997)  (0.3939)  (0.2945)  (0.2737)  (0.2718)
P5Approach15 0.419125670424 115.3264  115.6509  115.8006  116.0539  116.0564  115.7061  116.3649  115.9391  116.1013  115.9164  116.3094
 - (0.5547)  (0.2801)  (0.269)  (0.2899)  (0.3141)  (0.3317)  (0.2748)  (0.299)  (0.2957)  (0.2755)  (0.2851)
P5Approach11 0.340731548205 115.0996  115.5346  115.8289  116.0217  116.0572  115.7175  116.2596  115.8932  116.1394  116.0058  116.0517
 - (0.2644)  (0.262)  (0.2385)  (0.2696)  (0.2536)  (0.2512)  (0.2413)  (0.2717)  (0.2446)  (0.2311)  (0.237)
P5Approach12 0.316632168923 115.1459  115.5703  115.7200  116.0042  115.9916  115.6157  116.3231  115.8935  116.0502  115.8744  116.3191
 - (0.3247)  (0.2757)  (0.2566)  (0.2893)  (0.2723)  (0.2713)  (0.2612)  (0.293)  (0.2692)  (0.2552)  (0.2581)
P5Approach14 0.31187675675 115.1383  115.7043  115.7975  116.0817  116.0367  115.6734  116.3866  115.9622  116.0864  115.9067  116.3553
 - (0.3258)  (0.2768)  (0.2557)  (0.2874)  (0.2669)  (0.2675)  (0.2582)  (0.2877)  (0.2678)  (0.2532)  (0.2549)
P5Approach3 0.303539904225 115.1534  115.6865  115.7904  116.0650  116.0336  115.6728  116.3617  115.9471  116.0919  115.9101  116.3605
 - (0.3086)  (0.2779)  (0.254)  (0.2883)  (0.2649)  (0.2625)  (0.2584)  (0.2806)  (0.2608)  (0.2492)  (0.2567)
P5Approach13 0.301198949616 115.1548  115.6770  115.7645  116.0482  116.0130  115.6603  116.3547  115.9312  116.0902  115.9057  116.3562
 - (0.3116)  (0.2764)  (0.2538)  (0.2902)  (0.2673)  (0.2644)  (0.2573)  (0.2879)  (0.2631)  (0.2484)  (0.255)
P5Approach8 0.301024247657 115.0953  115.6576  115.7600  116.0413  115.9921  115.6162  116.3341  115.8976  116.0534  115.8756  116.3445
 - (0.3167)  (0.281)  (0.2588)  (0.2903)  (0.272)  (0.2713)  (0.2616)  (0.2927)  (0.2689)  (0.2554)  (0.2598)
P5Approach5 0.300898018632 115.2000  115.7083  115.8037  116.0759  116.0478  115.6800  116.3760  115.9557  116.0934  115.9186  116.3822
 - (0.3187)  (0.277)  (0.2551)  (0.2884)  (0.2661)  (0.2659)  (0.2574)  (0.2856)  (0.2655)  (0.2507)  (0.2532)
P5Approach7 0.297499534103 115.1606  115.6740  115.7715  116.0610  116.0199  115.6504  116.3517  115.9196  116.0685  115.8873  116.3485
 - (0.3191)  (0.2794)  (0.256)  (0.2888)  (0.2667)  (0.266)  (0.2579)  (0.2876)  (0.2655)  (0.2509)  (0.256)
P5Approach6 0.280819734262 115.1358  115.6589  115.7601  116.0403  115.9801  115.6202  116.3352  115.8921  116.0518  115.8768  116.3453
 - (0.3021)  (0.2794)  (0.2567)  (0.2891)  (0.2688)  (0.267)  (0.2594)  (0.2875)  (0.2635)  (0.2518)  (0.2576)
P5Approach9 0.279168172327 115.1090  115.5960  115.6938  115.9927  115.9346  115.5774  116.2912  115.8492  116.0550  115.8805  116.3078
 - (0.3109)  (0.2763)  (0.2529)  (0.2878)  (0.2683)  (0.2679)  (0.2581)  (0.2878)  (0.2623)  (0.2507)  (0.2564)
P5Approach1 0.251402130846 116.2249  115.7353  116.0493  116.2452  116.4389  116.1515  116.5186  116.1453  116.4084  116.0588  116.3097
 - (0.4146)  (0.2768)  (0.271)  (0.2775)  (0.2787)  (0.2747)  (0.2739)  (0.2664)  (0.2791)  (0.2809)  (0.2748)
P5Approach4 0.221908526417 115.1233  115.6382  115.7302  116.0221  115.8387  115.4734  116.3299  115.8879  116.0400  115.9099  116.1857
 - (0.325)  (0.2799)  (0.2556)  (0.2893)  (0.2666)  (0.2651)  (0.26)  (0.2914)  (0.2646)  (0.2492)  (0.2563)
P5Approach2 0.166170798371 116.7198  115.6100  115.8991  116.0572  116.4449  116.1949  116.6257  116.1651  116.3614  116.1725  116.5821
 - (0.407)  (0.2619)  (0.2634)  (0.2631)  (0.2647)  (0.2649)  (0.2633)  (0.2637)  (0.2625)  (0.2621)  (0.2616)
P5Approach10 0.157208396132 115.1091  115.6610  115.8396  115.9975  115.9605  115.5814  116.2607  115.8080  115.8284  115.6464  116.0833
 - (0.2682)  (0.2657)  (0.2414)  (0.2708)  (0.252)  (0.2523)  (0.2431)  (0.2756)  (0.2489)  (0.2352)  (0.2391)
HR score 123.5  123.2  123.8  124.3  124.6  125.0  124.9  124.7  124.9  125.1  124.9
P4Approach5 0.661406687925 124.1276  123.3347  124.0310  124.5979  124.7413  124.9664  125.0015  124.9342  124.9350  125.0656  124.9110
 - (0.8956)  (0.5247)  (0.5212)  (0.5186)  (0.5141)  (0.5152)  (0.5139)  (0.8817)  (0.5109)  (0.5119)  (0.5079)
P4Approach3 0.653507609022 124.2818  123.1671  123.8660  124.4298  124.7600  125.1228  125.0562  125.2023  125.0069  125.1898  125.0212
 - (0.8956)  (0.5247)  (0.5212)  (0.5186)  (0.5141)  (0.5152)  (0.5139)  (0.8817)  (0.5109)  (0.5119)  (0.5079)
P4Approach2 0.640761079898 123.9161  123.3767  124.0910  124.7259  124.8602  125.0961  125.0969  125.0467  125.0244  125.1548  124.8803
 - (0.8956)  (0.5247)  (0.5212)  (0.5186)  (0.5141)  (0.5152)  (0.5139)  (0.8817)  (0.5109)  (0.5119)  (0.5079)
P4Approach4 0.636597011727 124.0741  123.4379  124.1222  124.6518  124.8564  125.0971  125.0919  125.0461  125.0490  125.0790  124.8933
 - (0.8956)  (0.5247)  (0.5212)  (0.5186)  (0.5141)  (0.5152)  (0.5139)  (0.8817)  (0.5109)  (0.5119)  (0.5079)
P4Approach1 0.618654809228 124.2384  123.3572  124.0448  124.5842  124.4885  124.5496  124.7611  124.4416  124.6597  124.8387  124.8492
 - (0.8956)  (0.5247)  (0.5212)  (0.5186)  (0.5141)  (0.5152)  (0.5139)  (0.8817)  (0.5109)  (0.5119)  (0.5079)
HU score 144.3  144.1  144.3  145.5  145.9  146.2  146.0  145.4  145.6  146.6  146.5
P4Approach5 0.528893545408 145.3489  144.2683  144.3877  145.9953  145.9083  146.1923  145.5640  145.4293  145.8762  146.7426  146.3835
 - (0.9458)  (0.6098)  (0.5981)  (0.6188)  (0.6145)  (0.6134)  (0.608)  (0.9908)  (0.5983)  (0.6234)  (0.6182)
P4Approach3 0.509883487527 145.8051  144.1240  144.2801  145.6794  145.7299  145.9358  145.5094  145.5750  145.6821  146.5465  146.4908
 - (0.9458)  (0.6098)  (0.5981)  (0.6188)  (0.6145)  (0.6134)  (0.608)  (0.9908)  (0.5983)  (0.6234)  (0.6182)
P4Approach1 0.509883487527 145.8051  144.1240  144.2801  145.6794  145.7299  145.9358  145.5094  145.5750  145.6821  146.5465  146.4908
 - (0.9458)  (0.6098)  (0.5981)  (0.6188)  (0.6145)  (0.6134)  (0.608)  (0.9908)  (0.5983)  (0.6234)  (0.6182)
P4Approach2 0.496199232738 144.8928  144.4125  144.4953  146.3112  146.0866  146.4488  145.6186  145.2836  146.0702  146.9386  146.2761
 - (0.9458)  (0.6098)  (0.5981)  (0.6188)  (0.6145)  (0.6134)  (0.608)  (0.9908)  (0.5983)  (0.6234)  (0.6182)
P4Approach4 0.496199232738 144.8928  144.4125  144.4953  146.3112  146.0866  146.4488  145.6186  145.2836  146.0702  146.9386  146.2761
 - (0.9458)  (0.6098)  (0.5981)  (0.6188)  (0.6145)  (0.6134)  (0.608)  (0.9908)  (0.5983)  (0.6234)  (0.6182)
IE score 108.1  108.6  108.9  109.2  109.7  110.5  110.2  110.0  109.5  109.1  108.9
P4Approach3 0.838516535272 108.8744  108.8681  108.9993  109.2792  109.7672  110.1155  110.5320  110.5580  109.3416  108.9185  108.8912
 - (0.4801)  (0.2978)  (0.2845)  (0.2834)  (0.2871)  (0.3015)  (0.299)  (0.5009)  (0.3082)  (0.3059)  (0.3033)
P4Approach1 0.838516535272 108.8744  108.8681  108.9993  109.2792  109.7672  110.1155  110.5320  110.5580  109.3416  108.9185  108.8912
 - (0.4801)  (0.2978)  (0.2845)  (0.2834)  (0.2871)  (0.3015)  (0.299)  (0.5009)  (0.3082)  (0.3059)  (0.3033)
P4Approach18 0.838516535272 108.8744  108.8681  108.9993  109.2792  109.7672  110.1155  110.5320  110.5580  109.3416  108.9185  108.8912
 - (0.4801)  (0.2978)  (0.2845)  (0.2834)  (0.2871)  (0.3015)  (0.299)  (0.5009)  (0.3082)  (0.3059)  (0.3033)
P4Approach16 0.838516535272 108.8744  108.8681  108.9993  109.2792  109.7672  110.1155  110.5320  110.5580  109.3416  108.9185  108.8912
 - (0.4801)  (0.2978)  (0.2845)  (0.2834)  (0.2871)  (0.3015)  (0.299)  (0.5009)  (0.3082)  (0.3059)  (0.3033)
P4Approach5 0.828974463591 108.9264  108.9427  108.8665  109.3728  109.8662  110.2729  110.5112  110.3785  109.2771  108.8331  108.7940
 - (0.4801)  (0.2978)  (0.2845)  (0.2834)  (0.2871)  (0.3015)  (0.299)  (0.5009)  (0.3082)  (0.3059)  (0.3033)
P4Approach20 0.828974463591 108.9264  108.9427  108.8665  109.3728  109.8662  110.2729  110.5112  110.3785  109.2771  108.8331  108.7940
 - (0.4801)  (0.2978)  (0.2845)  (0.2834)  (0.2871)  (0.3015)  (0.299)  (0.5009)  (0.3082)  (0.3059)  (0.3033)
P4Approach4 0.743637120857 108.9784  109.0059  108.7386  109.4482  109.9600  110.4213  110.4970  110.2190  109.2156  108.7476  108.6883
 - (0.4801)  (0.2978)  (0.2845)  (0.2834)  (0.2871)  (0.3015)  (0.299)  (0.5009)  (0.3082)  (0.3059)  (0.3033)
P4Approach19 0.743637120857 108.9784  109.0059  108.7386  109.4482  109.9600  110.4213  110.4970  110.2190  109.2156  108.7476  108.6883
 - (0.4801)  (0.2978)  (0.2845)  (0.2834)  (0.2871)  (0.3015)  (0.299)  (0.5009)  (0.3082)  (0.3059)  (0.3033)
P4Approach2 0.732007047131 108.9784  109.0289  108.7288  109.4847  109.9705  110.4393  110.4836  110.1790  109.2097  108.7479  108.7053
 - (0.4801)  (0.2978)  (0.2845)  (0.2834)  (0.2871)  (0.3015)  (0.299)  (0.5009)  (0.3082)  (0.3059)  (0.3033)
P4Approach17 0.732007047131 108.9784  109.0289  108.7288  109.4847  109.9705  110.4393  110.4836  110.1790  109.2097  108.7479  108.7053
 - (0.4801)  (0.2978)  (0.2845)  (0.2834)  (0.2871)  (0.3015)  (0.299)  (0.5009)  (0.3082)  (0.3059)  (0.3033)
IT score 117.5  117.0  119.5  119.8  120.1  120.3  118.2  118.0  120.3  120.5  120.3
P4Approach4 0.00346468822024 117.4954  119.5778  120.0182  119.9412  120.2867  117.8945  118.0885  120.0493  120.8463  120.0407  120.2418
 - (0.4419)  (0.3681)  (0.3413)  (0.3382)  (0.3398)  (0.341)  (0.3542)  (0.4495)  (0.3502)  (0.3504)  (0.3497)
P4Approach19 0.00346468822024 117.4954  119.5778  120.0182  119.9412  120.2867  117.8945  118.0885  120.0493  120.8463  120.0407  120.2418
 - (0.4419)  (0.3681)  (0.3413)  (0.3382)  (0.3398)  (0.341)  (0.3542)  (0.4495)  (0.3502)  (0.3504)  (0.3497)
P4Approach2 0.00331227035187 117.4398  119.5694  120.0102  119.9201  120.3387  117.8568  118.0653  120.0292  120.8508  120.0502  120.2118
 - (0.4419)  (0.3681)  (0.3413)  (0.3382)  (0.3398)  (0.341)  (0.3542)  (0.4495)  (0.3502)  (0.3504)  (0.3497)
P4Approach17 0.00331227035187 117.4398  119.5694  120.0102  119.9201  120.3387  117.8568  118.0653  120.0292  120.8508  120.0502  120.2118
 - (0.4419)  (0.3681)  (0.3413)  (0.3382)  (0.3398)  (0.341)  (0.3542)  (0.4495)  (0.3502)  (0.3504)  (0.3497)
P4Approach5 0.00207173817835 117.3999  119.6442  119.9746  119.8425  120.1356  117.6667  117.9197  119.9715  120.9060  120.0409  120.1682
 - (0.4419)  (0.3681)  (0.3413)  (0.3382)  (0.3398)  (0.341)  (0.3542)  (0.4495)  (0.3502)  (0.3504)  (0.3497)
P4Approach20 0.00207173817835 117.3999  119.6442  119.9746  119.8425  120.1356  117.6667  117.9197  119.9715  120.9060  120.0409  120.1682
 - (0.4419)  (0.3681)  (0.3413)  (0.3382)  (0.3398)  (0.341)  (0.3542)  (0.4495)  (0.3502)  (0.3504)  (0.3497)
P4Approach3 0.00114901624158 117.3322  119.7148  119.9351  119.7543  119.9584  117.4577  117.7625  119.9038  120.9635  120.0363  120.1096
 - (0.4419)  (0.3681)  (0.3413)  (0.3382)  (0.3398)  (0.341)  (0.3542)  (0.4495)  (0.3502)  (0.3504)  (0.3497)
P4Approach1 0.00114901624158 117.3322  119.7148  119.9351  119.7543  119.9584  117.4577  117.7625  119.9038  120.9635  120.0363  120.1096
 - (0.4419)  (0.3681)  (0.3413)  (0.3382)  (0.3398)  (0.341)  (0.3542)  (0.4495)  (0.3502)  (0.3504)  (0.3497)
P4Approach18 0.00114901624158 117.3322  119.7148  119.9351  119.7543  119.9584  117.4577  117.7625  119.9038  120.9635  120.0363  120.1096
 - (0.4419)  (0.3681)  (0.3413)  (0.3382)  (0.3398)  (0.341)  (0.3542)  (0.4495)  (0.3502)  (0.3504)  (0.3497)
P4Approach16 0.00114901624158 117.3322  119.7148  119.9351  119.7543  119.9584  117.4577  117.7625  119.9038  120.9635  120.0363  120.1096
 - (0.4419)  (0.3681)  (0.3413)  (0.3382)  (0.3398)  (0.341)  (0.3542)  (0.4495)  (0.3502)  (0.3504)  (0.3497)
P5Approach2 0.000184918406288 120.0423  119.5582  120.0618  120.0607  120.3594  117.9652  118.1551  119.9521  120.9522  120.0553  120.2508
 - (0.4609)  (0.3199)  (0.3261)  (0.3266)  (0.3268)  (0.3266)  (0.3206)  (0.3195)  (0.3258)  (0.327)  (0.3261)
P5Approach1 9.35302748732e-05 119.8932  119.5153  120.0473  120.0570  120.3413  117.9824  118.1517  119.9583  121.0456  120.1639  120.3323
 - (0.4234)  (0.3121)  (0.3094)  (0.3079)  (0.3094)  (0.2967)  (0.2996)  (0.3108)  (0.3058)  (0.3059)  (0.3096)
P5Approach15 5.40193301594e-05 117.6737  119.7443  119.9545  120.0763  120.1296  117.7827  117.8466  119.7706  120.5569  119.9875  119.9575
 - (0.9863)  (0.289)  (0.2769)  (0.2758)  (0.287)  (0.2798)  (0.298)  (0.2826)  (0.3286)  (0.28)  (0.2967)
P5Approach16 4.133374093e-05 119.2981  119.7727  119.9335  120.0774  120.1738  117.7964  118.1458  119.8381  120.5161  120.0007  120.2913
 - (1.1788)  (0.2778)  (0.2619)  (0.2644)  (0.3077)  (0.2802)  (0.3072)  (0.3032)  (0.2899)  (0.2709)  (0.3235)
P5Approach9 1.55215164884e-05 117.2767  119.7565  119.9278  120.0665  120.0659  117.7513  117.7887  119.7369  120.4482  119.9460  119.8875
 - (0.3328)  (0.2717)  (0.2681)  (0.2709)  (0.2652)  (0.2644)  (0.266)  (0.266)  (0.2673)  (0.2677)  (0.2549)
P5Approach14 1.37517059222e-05 117.3189  119.7929  119.9534  120.0901  120.0958  117.7609  117.8048  119.7534  120.4813  119.9637  119.8941
 - (0.3343)  (0.2726)  (0.2677)  (0.271)  (0.2658)  (0.264)  (0.2661)  (0.2652)  (0.2676)  (0.2674)  (0.2544)
P5Approach6 1.35291195055e-05 117.3511  119.8025  119.9421  120.0898  120.1011  117.7607  117.8065  119.7453  120.4880  119.9553  119.9060
 - (0.3289)  (0.2719)  (0.2682)  (0.2711)  (0.2656)  (0.2641)  (0.2661)  (0.2657)  (0.267)  (0.2678)  (0.2542)
P5Approach5 1.32260494056e-05 117.2904  119.7686  119.9056  120.0501  120.0719  117.7379  117.7783  119.7252  120.4733  119.9542  119.8991
 - (0.3375)  (0.2709)  (0.2643)  (0.2685)  (0.2641)  (0.2623)  (0.2631)  (0.2647)  (0.2668)  (0.2646)  (0.2533)
P5Approach8 1.31682068748e-05 117.2819  119.8018  119.9476  120.0924  120.1013  117.7571  117.8108  119.7405  120.4804  119.9647  119.8957
 - (0.337)  (0.2717)  (0.2677)  (0.2697)  (0.2646)  (0.2638)  (0.2646)  (0.2658)  (0.2672)  (0.2665)  (0.2545)
P5Approach12 1.29937635594e-05 117.2875  119.7655  119.9030  120.0596  120.0734  117.7263  117.7780  119.7030  120.4208  119.9148  119.8618
 - (0.3296)  (0.2701)  (0.2664)  (0.2696)  (0.2643)  (0.2633)  (0.2651)  (0.2643)  (0.2651)  (0.2659)  (0.2538)
P5Approach10 1.29339401103e-05 117.3231  119.7613  119.9200  120.0565  120.0427  117.7290  117.7805  119.7376  120.4807  119.9609  119.8865
 - (0.3343)  (0.2709)  (0.2677)  (0.2706)  (0.2628)  (0.2624)  (0.2642)  (0.2654)  (0.2657)  (0.2671)  (0.2542)
P5Approach3 1.19414560852e-05 117.3129  119.8075  119.9571  120.0963  120.1063  117.7703  117.8082  119.7438  120.5082  119.9789  119.9072
 - (0.3143)  (0.2701)  (0.2667)  (0.269)  (0.2635)  (0.2624)  (0.2643)  (0.2643)  (0.264)  (0.2659)  (0.2527)
P5Approach4 1.14592158897e-05 117.2911  119.7888  119.9333  120.0709  120.0788  117.7460  117.7911  119.7338  120.4680  119.9509  119.8900
 - (0.337)  (0.2681)  (0.2652)  (0.2681)  (0.2624)  (0.2633)  (0.263)  (0.265)  (0.2662)  (0.2666)  (0.2519)
P5Approach13 9.70885987919e-06 117.2149  119.7735  119.9442  120.1002  120.1144  117.7800  117.8248  119.7630  120.5318  120.0255  119.9285
 - (0.313)  (0.2655)  (0.2641)  (0.2659)  (0.2635)  (0.2582)  (0.2619)  (0.2622)  (0.2629)  (0.2599)  (0.2523)
P5Approach11 4.42525734383e-06 117.2615  119.7380  119.9940  120.0926  120.1665  117.7427  117.7603  119.7595  120.5735  120.0355  119.9477
 - (0.29)  (0.258)  (0.2582)  (0.2601)  (0.2556)  (0.2491)  (0.2535)  (0.255)  (0.249)  (0.2548)  (0.2449)
P5Approach7 4.09205805172e-06 117.2860  119.7891  119.9255  120.0854  120.0963  117.7479  117.8136  119.7353  120.4451  119.9549  119.9173
 - (0.3141)  (0.2559)  (0.253)  (0.2555)  (0.2519)  (0.2465)  (0.252)  (0.266)  (0.2538)  (0.2678)  (0.2405)
LT score 138.6  138.2  139.7  140.7  140.7  140.7  139.5  138.9  140.0  140.7  141.1
P4Approach3 0.559694877586 139.0323  138.1123  139.8047  141.0521  140.8454  140.7924  139.5069  139.4845  140.0177  140.8234  141.2712
 - (1.0196)  (0.5842)  (0.6288)  (0.6128)  (0.6076)  (0.6023)  (0.6085)  (1.0335)  (0.6104)  (0.6654)  (0.6609)
P4Approach1 0.544763747804 139.2553  138.3201  139.9651  140.8769  140.5582  140.4302  139.1643  139.4007  140.1310  140.8234  141.2712
 - (1.0196)  (0.5842)  (0.6288)  (0.6128)  (0.6076)  (0.6023)  (0.6085)  (1.0335)  (0.6104)  (0.6654)  (0.6609)
P4Approach5 0.53334670639 138.8803  138.4494  140.1490  141.0674  140.6593  140.5777  139.1663  139.4519  140.3228  140.8470  141.2269
 - (1.0196)  (0.5842)  (0.6288)  (0.6128)  (0.6076)  (0.6023)  (0.6085)  (1.0335)  (0.6104)  (0.6654)  (0.6609)
P4Approach2 0.493722277281 138.6721  138.6666  140.2893  141.0644  140.6168  140.5441  139.0854  139.5858  140.5713  140.8706  141.1826
 - (1.0196)  (0.5842)  (0.6288)  (0.6128)  (0.6076)  (0.6023)  (0.6085)  (1.0335)  (0.6104)  (0.6654)  (0.6609)
P4Approach4 0.456383735908 138.5613  138.6988  140.5368  141.2764  140.6168  140.5441  138.9085  139.3365  140.5713  140.8706  141.1826
 - (1.0196)  (0.5842)  (0.6288)  (0.6128)  (0.6076)  (0.6023)  (0.6085)  (1.0335)  (0.6104)  (0.6654)  (0.6609)
LU score 121.4  122.9  123.1  123.2  123.9  124.4  122.9  124.1  124.4  124.7  124.7
P4Approach3 0.342484724058 123.5640  122.9756  123.3041  123.3319  123.9698  123.4498  123.8041  123.8240  124.2933  124.5587  124.4229
 - (0.6965)  (0.473)  (0.4773)  (0.4728)  (0.4757)  (0.476)  (0.4776)  (0.6981)  (0.4732)  (0.4811)  (0.4779)
P4Approach1 0.342484724058 123.5640  122.9756  123.3041  123.3319  123.9698  123.4498  123.8041  123.8240  124.2933  124.5587  124.4229
 - (0.6965)  (0.473)  (0.4773)  (0.4728)  (0.4757)  (0.476)  (0.4776)  (0.6981)  (0.4732)  (0.4811)  (0.4779)
P4Approach5 0.264238684094 123.8649  123.1402  123.3362  123.3919  124.0575  123.3541  123.9676  123.9996  124.2458  124.5757  124.3471
 - (0.6965)  (0.473)  (0.4773)  (0.4728)  (0.4757)  (0.476)  (0.4776)  (0.6981)  (0.4732)  (0.4811)  (0.4779)
P4Approach2 0.192698724979 124.1658  123.3048  123.3684  123.4519  124.1452  123.2584  124.1311  124.1753  124.1983  124.5927  124.2713
 - (0.6965)  (0.473)  (0.4773)  (0.4728)  (0.4757)  (0.476)  (0.4776)  (0.6981)  (0.4732)  (0.4811)  (0.4779)
P4Approach4 0.192698724979 124.1658  123.3048  123.3684  123.4519  124.1452  123.2584  124.1311  124.1753  124.1983  124.5927  124.2713
 - (0.6965)  (0.473)  (0.4773)  (0.4728)  (0.4757)  (0.476)  (0.4776)  (0.6981)  (0.4732)  (0.4811)  (0.4779)
LV score 146.3  146.5  147.6  148.2  149.3  149.4  149.0  148.0  148.5  149.4  149.5
P4Approach5 0.451119140183 148.0336  146.6313  147.9037  148.5238  149.6336  148.8818  148.4329  148.6564  148.6634  149.5597  149.3185
 - (0.8509)  (0.5598)  (0.59)  (0.5896)  (0.6004)  (0.5951)  (0.5898)  (0.9437)  (0.5829)  (0.5634)  (0.5588)
P4Approach4 0.445105640068 147.7748  146.7760  148.1200  148.8230  149.6027  148.7941  148.5694  148.7113  148.5467  149.6719  149.3944
 - (0.8509)  (0.5598)  (0.59)  (0.5896)  (0.6004)  (0.5951)  (0.5898)  (0.9437)  (0.5829)  (0.5634)  (0.5588)
P4Approach3 0.439033267 148.3025  146.4253  147.6912  148.3387  149.5474  149.0184  148.3348  148.5365  148.7621  149.4364  149.3309
 - (0.8509)  (0.5598)  (0.59)  (0.5896)  (0.6004)  (0.5951)  (0.5898)  (0.9437)  (0.5829)  (0.5634)  (0.5588)
P4Approach1 0.437474266443 148.3025  146.4253  147.6912  148.3387  149.5474  149.0184  148.2982  148.4790  148.7621  149.4364  149.3309
 - (0.8509)  (0.5598)  (0.59)  (0.5896)  (0.6004)  (0.5951)  (0.5898)  (0.9437)  (0.5829)  (0.5634)  (0.5588)
P4Approach2 0.423073641465 147.7548  146.8987  148.1126  148.5947  149.8369  148.6961  148.5293  148.8988  148.5829  149.6942  149.2177
 - (0.8509)  (0.5598)  (0.59)  (0.5896)  (0.6004)  (0.5951)  (0.5898)  (0.9437)  (0.5829)  (0.5634)  (0.5588)
MT score 118.8  119.6  120.8  123.9  125.2  126.5  126.5  127.0  125.8  124.6  121.8
P4Approach3 0.0563844067214 119.4897  120.9906  123.9905  125.0694  125.9079  125.9834  126.6287  125.8453  125.5351  122.3682  122.2147
 - (1.0532)  (0.6551)  (0.6501)  (0.644)  (0.6384)  (0.6388)  (0.6372)  (1.0127)  (0.6289)  (0.5742)  (0.5728)
P4Approach1 0.0559965618926 119.4897  120.8983  124.0213  125.0694  125.9311  125.9600  126.6287  125.8453  125.4568  122.3682  122.2147
 - (1.0532)  (0.6551)  (0.6501)  (0.644)  (0.6384)  (0.6388)  (0.6372)  (1.0127)  (0.6289)  (0.5742)  (0.5728)
P4Approach5 0.0464004686142 119.8013  120.9702  123.9978  125.1612  126.2215  126.3406  126.7865  125.9731  125.3693  122.1693  121.9686
 - (1.0532)  (0.6551)  (0.6501)  (0.644)  (0.6384)  (0.6388)  (0.6372)  (1.0127)  (0.6289)  (0.5742)  (0.5728)
P4Approach4 0.0348577981236 120.1129  120.9960  123.9897  125.2531  126.5235  126.7096  126.9443  126.1009  125.2425  121.9772  121.7235
 - (1.0532)  (0.6551)  (0.6501)  (0.644)  (0.6384)  (0.6388)  (0.6372)  (1.0127)  (0.6289)  (0.5742)  (0.5728)
P4Approach2 0.0345091884047 120.1129  120.9960  123.9897  125.2531  126.5235  126.7096  126.9443  126.1009  125.2425  121.9634  121.7214
 - (1.0532)  (0.6551)  (0.6501)  (0.644)  (0.6384)  (0.6388)  (0.6372)  (1.0127)  (0.6289)  (0.5742)  (0.5728)
NL score 114.6  115.6  117.3  117.5  117.7  117.1  117.4  117.6  117.2  117.6  116.9
P4Approach5 0.322420971543 116.5458  116.8349  117.8039  117.4093  117.0494  117.1966  117.2042  117.4846  117.2444  116.8092  116.8155
 - (0.7376)  (0.5755)  (0.5802)  (0.5747)  (0.5731)  (0.5681)  (0.5716)  (0.7579)  (0.5794)  (0.4786)  (0.4746)
P4Approach3 0.30202379521 116.8619  116.6099  117.4996  117.2623  116.9730  116.6920  117.4017  118.0524  117.3284  116.8131  116.8979
 - (0.7376)  (0.5755)  (0.5802)  (0.5747)  (0.5731)  (0.5681)  (0.5716)  (0.7579)  (0.5794)  (0.4786)  (0.4746)
P4Approach1 0.30202379521 116.8619  116.6099  117.4996  117.2623  116.9730  116.6920  117.4017  118.0524  117.3284  116.8131  116.8979
 - (0.7376)  (0.5755)  (0.5802)  (0.5747)  (0.5731)  (0.5681)  (0.5716)  (0.7579)  (0.5794)  (0.4786)  (0.4746)
P4Approach4 0.285231607235 116.1985  117.0536  118.1222  117.4932  117.1397  117.7155  117.0282  116.9452  117.1937  116.8053  116.7330
 - (0.7376)  (0.5755)  (0.5802)  (0.5747)  (0.5731)  (0.5681)  (0.5716)  (0.7579)  (0.5794)  (0.4786)  (0.4746)
P4Approach2 0.277100942341 116.2607  117.0661  118.0943  117.6194  117.1119  117.6869  116.9854  116.8885  117.1268  116.8053  116.7330
 - (0.7376)  (0.5755)  (0.5802)  (0.5747)  (0.5731)  (0.5681)  (0.5716)  (0.7579)  (0.5794)  (0.4786)  (0.4746)
PL score 124.0  124.0  124.1  124.5  124.7  124.9  124.5  124.2  124.2  124.7  124.8
P4Approach2 1.12699163914 123.9960  124.0842  124.1988  124.5568  124.7176  124.8376  124.1459  123.9973  124.2788  124.8955  124.7118
 - (0.4698)  (0.2959)  (0.2895)  (0.2896)  (0.2885)  (0.2907)  (0.2882)  (0.4665)  (0.2845)  (0.28)  (0.2778)
P4Approach7 1.12699163914 123.9960  124.0842  124.1988  124.5568  124.7176  124.8376  124.1459  123.9973  124.2788  124.8955  124.7118
 - (0.4698)  (0.2959)  (0.2895)  (0.2896)  (0.2885)  (0.2907)  (0.2882)  (0.4665)  (0.2845)  (0.28)  (0.2778)
P4Approach17 1.12699163914 123.9960  124.0842  124.1988  124.5568  124.7176  124.8376  124.1459  123.9973  124.2788  124.8955  124.7118
 - (0.4698)  (0.2959)  (0.2895)  (0.2896)  (0.2885)  (0.2907)  (0.2882)  (0.4665)  (0.2845)  (0.28)  (0.2778)
P4Approach12 1.12699163914 123.9960  124.0842  124.1988  124.5568  124.7176  124.8376  124.1459  123.9973  124.2788  124.8955  124.7118
 - (0.4698)  (0.2959)  (0.2895)  (0.2896)  (0.2885)  (0.2907)  (0.2882)  (0.4665)  (0.2845)  (0.28)  (0.2778)
P4Approach9 1.12279413789 123.9960  124.1130  124.1988  124.5568  124.7176  124.8376  124.1459  123.9973  124.2872  124.8955  124.7118
 - (0.4698)  (0.2959)  (0.2895)  (0.2896)  (0.2885)  (0.2907)  (0.2882)  (0.4665)  (0.2845)  (0.28)  (0.2778)
P4Approach4 1.12279413789 123.9960  124.1130  124.1988  124.5568  124.7176  124.8376  124.1459  123.9973  124.2872  124.8955  124.7118
 - (0.4698)  (0.2959)  (0.2895)  (0.2896)  (0.2885)  (0.2907)  (0.2882)  (0.4665)  (0.2845)  (0.28)  (0.2778)
P4Approach19 1.12279413789 123.9960  124.1130  124.1988  124.5568  124.7176  124.8376  124.1459  123.9973  124.2872  124.8955  124.7118
 - (0.4698)  (0.2959)  (0.2895)  (0.2896)  (0.2885)  (0.2907)  (0.2882)  (0.4665)  (0.2845)  (0.28)  (0.2778)
P4Approach14 1.12279413789 123.9960  124.1130  124.1988  124.5568  124.7176  124.8376  124.1459  123.9973  124.2872  124.8955  124.7118
 - (0.4698)  (0.2959)  (0.2895)  (0.2896)  (0.2885)  (0.2907)  (0.2882)  (0.4665)  (0.2845)  (0.28)  (0.2778)
P4Approach20 1.06603188914 124.2519  124.0663  124.2176  124.5343  124.6249  124.6580  124.0952  124.0712  124.3273  124.8278  124.6970
 - (0.4698)  (0.2959)  (0.2895)  (0.2896)  (0.2885)  (0.2907)  (0.2882)  (0.4665)  (0.2845)  (0.28)  (0.2778)
P4Approach5 1.06603188914 124.2519  124.0663  124.2176  124.5343  124.6249  124.6580  124.0952  124.0712  124.3273  124.8278  124.6970
 - (0.4698)  (0.2959)  (0.2895)  (0.2896)  (0.2885)  (0.2907)  (0.2882)  (0.4665)  (0.2845)  (0.28)  (0.2778)
P4Approach15 1.06603188914 124.2519  124.0663  124.2176  124.5343  124.6249  124.6580  124.0952  124.0712  124.3273  124.8278  124.6970
 - (0.4698)  (0.2959)  (0.2895)  (0.2896)  (0.2885)  (0.2907)  (0.2882)  (0.4665)  (0.2845)  (0.28)  (0.2778)
P4Approach10 1.06603188914 124.2519  124.0663  124.2176  124.5343  124.6249  124.6580  124.0952  124.0712  124.3273  124.8278  124.6970
 - (0.4698)  (0.2959)  (0.2895)  (0.2896)  (0.2885)  (0.2907)  (0.2882)  (0.4665)  (0.2845)  (0.28)  (0.2778)
P4Approach8 0.926965216095 124.5077  124.0341  124.2364  124.5117  124.5322  124.4784  124.0445  124.1450  124.3716  124.7600  124.6822
 - (0.4698)  (0.2959)  (0.2895)  (0.2896)  (0.2885)  (0.2907)  (0.2882)  (0.4665)  (0.2845)  (0.28)  (0.2778)
P4Approach3 0.926965216095 124.5077  124.0341  124.2364  124.5117  124.5322  124.4784  124.0445  124.1450  124.3716  124.7600  124.6822
 - (0.4698)  (0.2959)  (0.2895)  (0.2896)  (0.2885)  (0.2907)  (0.2882)  (0.4665)  (0.2845)  (0.28)  (0.2778)
P4Approach1 0.926965216095 124.5077  124.0341  124.2364  124.5117  124.5322  124.4784  124.0445  124.1450  124.3716  124.7600  124.6822
 - (0.4698)  (0.2959)  (0.2895)  (0.2896)  (0.2885)  (0.2907)  (0.2882)  (0.4665)  (0.2845)  (0.28)  (0.2778)
P4Approach6 0.926965216095 124.5077  124.0341  124.2364  124.5117  124.5322  124.4784  124.0445  124.1450  124.3716  124.7600  124.6822
 - (0.4698)  (0.2959)  (0.2895)  (0.2896)  (0.2885)  (0.2907)  (0.2882)  (0.4665)  (0.2845)  (0.28)  (0.2778)
P4Approach18 0.926965216095 124.5077  124.0341  124.2364  124.5117  124.5322  124.4784  124.0445  124.1450  124.3716  124.7600  124.6822
 - (0.4698)  (0.2959)  (0.2895)  (0.2896)  (0.2885)  (0.2907)  (0.2882)  (0.4665)  (0.2845)  (0.28)  (0.2778)
P4Approach16 0.926965216095 124.5077  124.0341  124.2364  124.5117  124.5322  124.4784  124.0445  124.1450  124.3716  124.7600  124.6822
 - (0.4698)  (0.2959)  (0.2895)  (0.2896)  (0.2885)  (0.2907)  (0.2882)  (0.4665)  (0.2845)  (0.28)  (0.2778)
P4Approach13 0.926965216095 124.5077  124.0341  124.2364  124.5117  124.5322  124.4784  124.0445  124.1450  124.3716  124.7600  124.6822
 - (0.4698)  (0.2959)  (0.2895)  (0.2896)  (0.2885)  (0.2907)  (0.2882)  (0.4665)  (0.2845)  (0.28)  (0.2778)
P4Approach11 0.926965216095 124.5077  124.0341  124.2364  124.5117  124.5322  124.4784  124.0445  124.1450  124.3716  124.7600  124.6822
 - (0.4698)  (0.2959)  (0.2895)  (0.2896)  (0.2885)  (0.2907)  (0.2882)  (0.4665)  (0.2845)  (0.28)  (0.2778)
PT score 115.3  114.8  117.3  117.9  118.3  118.5  117.8  117.7  118.5  118.7  117.6
P4Approach2 0.405791749164 115.2086  116.2979  117.8087  118.2256  118.2572  118.0083  117.5370  118.2392  118.4763  118.3476  117.4089
 - (0.7162)  (0.4919)  (0.5024)  (0.5077)  (0.5132)  (0.5185)  (0.5145)  (0.7706)  (0.506)  (0.507)  (0.5105)
P4Approach5 0.385002177486 115.5667  116.4497  117.4677  117.9023  118.0261  117.9895  117.7048  118.3858  118.4207  118.3208  117.6288
 - (0.7162)  (0.4919)  (0.5024)  (0.5077)  (0.5132)  (0.5185)  (0.5145)  (0.7706)  (0.506)  (0.507)  (0.5105)
P4Approach4 0.381145207472 115.1462  116.4144  117.7260  118.1902  118.2607  117.9530  117.5656  118.2704  118.4666  118.3092  117.4849
 - (0.7162)  (0.4919)  (0.5024)  (0.5077)  (0.5132)  (0.5185)  (0.5145)  (0.7706)  (0.506)  (0.507)  (0.5105)
P4Approach3 0.328057598813 115.9561  116.5433  117.1681  117.5966  117.7933  117.9983  117.8583  118.5168  118.3747  118.3131  117.8106
 - (0.7162)  (0.4919)  (0.5024)  (0.5077)  (0.5132)  (0.5185)  (0.5145)  (0.7706)  (0.506)  (0.507)  (0.5105)
P4Approach1 0.327915289483 115.9561  116.5433  117.1681  117.5966  117.7933  117.9983  117.8583  118.5168  118.3653  118.3131  117.8106
 - (0.7162)  (0.4919)  (0.5024)  (0.5077)  (0.5132)  (0.5185)  (0.5145)  (0.7706)  (0.506)  (0.507)  (0.5105)
RO score 152.5  152.1  152.3  152.3  152.8  152.5  152.1  152.1  151.9  152.7  152.7
P4Approach3 0.450574386543 153.2123  151.8864  152.1805  152.1497  152.7298  152.3782  152.0302  151.9304  151.7954  152.6700  152.7261
 - (1.328)  (0.8089)  (0.8061)  (0.7988)  (0.8013)  (0.7958)  (0.7889)  (1.2614)  (0.7782)  (0.7778)  (0.7714)
P4Approach4 0.440378703295 153.6754  151.8964  152.3104  152.2067  152.8781  152.3486  152.0120  151.9367  151.7935  152.8537  152.7410
 - (1.328)  (0.8089)  (0.8061)  (0.7988)  (0.8013)  (0.7958)  (0.7889)  (1.2614)  (0.7782)  (0.7778)  (0.7714)
P4Approach5 0.436016592041 153.6280  151.8595  152.2390  152.1197  152.4826  152.3192  151.8815  151.7990  151.9013  152.7563  152.7255
 - (1.328)  (0.8089)  (0.8061)  (0.7988)  (0.8013)  (0.7958)  (0.7889)  (1.2614)  (0.7782)  (0.7778)  (0.7714)
P4Approach2 0.418467779546 153.9090  151.8532  152.3033  152.2129  152.2228  152.2373  151.8015  151.7273  151.9252  152.8316  152.7087
 - (1.328)  (0.8089)  (0.8061)  (0.7988)  (0.8013)  (0.7958)  (0.7889)  (1.2614)  (0.7782)  (0.7778)  (0.7714)
P4Approach1 0.410154832382 153.7152  151.8019  152.1619  151.9097  152.0996  152.3130  151.6821  151.6016  152.0913  152.6700  152.7261
 - (1.328)  (0.8089)  (0.8061)  (0.7988)  (0.8013)  (0.7958)  (0.7889)  (1.2614)  (0.7782)  (0.7778)  (0.7714)
SE score 114.9  115.2  115.9  115.9  116.1  116.3  116.4  116.2  116.4  116.8  116.9
P4Approach2 1.09790567844 115.1637  115.3196  116.1351  116.1301  116.1043  116.2172  116.2611  116.6071  116.4585  116.7189  117.0747
 - (0.3202)  (0.3028)  (0.2891)  (0.2876)  (0.2852)  (0.2854)  (0.2892)  (0.3482)  (0.2904)  (0.3004)  (0.2986)
P4Approach4 1.09790567844 115.1637  115.3196  116.1351  116.1301  116.1043  116.2172  116.2611  116.6071  116.4585  116.7189  117.0747
 - (0.3202)  (0.3028)  (0.2891)  (0.2876)  (0.2852)  (0.2854)  (0.2892)  (0.3482)  (0.2904)  (0.3004)  (0.2986)
P4Approach19 1.09790567844 115.1637  115.3196  116.1351  116.1301  116.1043  116.2172  116.2611  116.6071  116.4585  116.7189  117.0747
 - (0.3202)  (0.3028)  (0.2891)  (0.2876)  (0.2852)  (0.2854)  (0.2892)  (0.3482)  (0.2904)  (0.3004)  (0.2986)
P4Approach17 1.09790567844 115.1637  115.3196  116.1351  116.1301  116.1043  116.2172  116.2611  116.6071  116.4585  116.7189  117.0747
 - (0.3202)  (0.3028)  (0.2891)  (0.2876)  (0.2852)  (0.2854)  (0.2892)  (0.3482)  (0.2904)  (0.3004)  (0.2986)
P4Approach5 0.941439279881 115.3255  115.4602  116.1297  116.1130  116.0557  116.0832  116.2477  116.7476  116.5369  116.7302  117.0751
 - (0.3202)  (0.3028)  (0.2891)  (0.2876)  (0.2852)  (0.2854)  (0.2892)  (0.3482)  (0.2904)  (0.3004)  (0.2986)
P4Approach20 0.941439279881 115.3255  115.4602  116.1297  116.1130  116.0557  116.0832  116.2477  116.7476  116.5369  116.7302  117.0751
 - (0.3202)  (0.3028)  (0.2891)  (0.2876)  (0.2852)  (0.2854)  (0.2892)  (0.3482)  (0.2904)  (0.3004)  (0.2986)
P4Approach3 0.739585099579 115.4873  115.6008  116.1244  116.0959  116.0072  115.9492  116.2343  116.8881  116.6152  116.7415  117.0754
 - (0.3202)  (0.3028)  (0.2891)  (0.2876)  (0.2852)  (0.2854)  (0.2892)  (0.3482)  (0.2904)  (0.3004)  (0.2986)
P4Approach1 0.739585099579 115.4873  115.6008  116.1244  116.0959  116.0072  115.9492  116.2343  116.8881  116.6152  116.7415  117.0754
 - (0.3202)  (0.3028)  (0.2891)  (0.2876)  (0.2852)  (0.2854)  (0.2892)  (0.3482)  (0.2904)  (0.3004)  (0.2986)
P4Approach18 0.739585099579 115.4873  115.6008  116.1244  116.0959  116.0072  115.9492  116.2343  116.8881  116.6152  116.7415  117.0754
 - (0.3202)  (0.3028)  (0.2891)  (0.2876)  (0.2852)  (0.2854)  (0.2892)  (0.3482)  (0.2904)  (0.3004)  (0.2986)
P4Approach16 0.739585099579 115.4873  115.6008  116.1244  116.0959  116.0072  115.9492  116.2343  116.8881  116.6152  116.7415  117.0754
 - (0.3202)  (0.3028)  (0.2891)  (0.2876)  (0.2852)  (0.2854)  (0.2892)  (0.3482)  (0.2904)  (0.3004)  (0.2986)
SI score 121.1  121.2  122.2  122.6  123.6  124.3  123.2  123.1  123.4  123.9  124.1
P4Approach4 0.526539303279 122.4396  121.5965  122.3677  122.9397  123.8941  124.3375  122.9194  122.9121  123.5857  124.2131  123.9615
 - (0.858)  (0.5703)  (0.5776)  (0.5723)  (0.5739)  (0.5849)  (0.5888)  (0.9029)  (0.5816)  (0.5656)  (0.5612)
P4Approach2 0.524188355195 122.3545  121.8082  122.2557  122.9648  123.7211  124.0807  122.9264  123.0369  123.4986  124.1596  123.9004
 - (0.858)  (0.5703)  (0.5776)  (0.5723)  (0.5739)  (0.5849)  (0.5888)  (0.9029)  (0.5816)  (0.5656)  (0.5612)
P4Approach5 0.510366412698 122.5221  121.6888  122.4225  122.9819  123.5530  124.0882  122.8897  122.9417  123.4670  124.0637  123.7313
 - (0.858)  (0.5703)  (0.5776)  (0.5723)  (0.5739)  (0.5849)  (0.5888)  (0.9029)  (0.5816)  (0.5656)  (0.5612)
P4Approach1 0.477278356365 122.6471  121.6752  122.5333  123.0115  123.2983  123.9673  122.8565  122.9088  123.3919  123.9411  123.6176
 - (0.858)  (0.5703)  (0.5776)  (0.5723)  (0.5739)  (0.5849)  (0.5888)  (0.9029)  (0.5816)  (0.5656)  (0.5612)
P4Approach3 0.464015432993 122.6471  121.6752  122.5333  123.0115  123.2983  123.9673  122.8565  122.9088  123.3919  123.9411  123.4458
 - (0.858)  (0.5703)  (0.5776)  (0.5723)  (0.5739)  (0.5849)  (0.5888)  (0.9029)  (0.5816)  (0.5656)  (0.5612)
SK score 121.5  121.6  121.6  122.1  122.0  122.2  121.7  121.5  121.5  121.9  122.0
P4Approach4 0.846654796205 121.9309  121.6598  121.7069  122.2268  122.0531  121.9640  121.4594  121.3772  121.5609  121.7978  121.7474
 - (0.6119)  (0.4068)  (0.3942)  (0.4014)  (0.3981)  (0.3989)  (0.3969)  (0.6588)  (0.3911)  (0.3836)  (0.3828)
P4Approach19 0.846654796205 121.9309  121.6598  121.7069  122.2268  122.0531  121.9640  121.4594  121.3772  121.5609  121.7978  121.7474
 - (0.6119)  (0.4068)  (0.3942)  (0.4014)  (0.3981)  (0.3989)  (0.3969)  (0.6588)  (0.3911)  (0.3836)  (0.3828)
P4Approach2 0.835241218831 121.9203  121.7106  121.7175  122.2584  121.9823  121.9424  121.3958  121.2247  121.5794  121.8773  121.7996
 - (0.6119)  (0.4068)  (0.3942)  (0.4014)  (0.3981)  (0.3989)  (0.3969)  (0.6588)  (0.3911)  (0.3836)  (0.3828)
P4Approach17 0.835241218831 121.9203  121.7106  121.7175  122.2584  121.9823  121.9424  121.3958  121.2247  121.5794  121.8773  121.7996
 - (0.6119)  (0.4068)  (0.3942)  (0.4014)  (0.3981)  (0.3989)  (0.3969)  (0.6588)  (0.3911)  (0.3836)  (0.3828)
P4Approach5 0.766374643976 122.5140  121.5326  121.5906  122.0960  121.9058  121.9746  121.4208  121.3159  121.5443  121.7761  121.7756
 - (0.6119)  (0.4068)  (0.3942)  (0.4014)  (0.3981)  (0.3989)  (0.3969)  (0.6588)  (0.3911)  (0.3836)  (0.3828)
P4Approach20 0.766374643976 122.5140  121.5326  121.5906  122.0960  121.9058  121.9746  121.4208  121.3159  121.5443  121.7761  121.7756
 - (0.6119)  (0.4068)  (0.3942)  (0.4014)  (0.3981)  (0.3989)  (0.3969)  (0.6588)  (0.3911)  (0.3836)  (0.3828)
P4Approach3 0.61318497041 123.1024  121.3799  121.4690  121.9495  121.7940  121.9960  121.4140  121.3308  121.5185  121.7145  121.7777
 - (0.6119)  (0.4068)  (0.3942)  (0.4014)  (0.3981)  (0.3989)  (0.3969)  (0.6588)  (0.3911)  (0.3836)  (0.3828)
P4Approach1 0.61318497041 123.1024  121.3799  121.4690  121.9495  121.7940  121.9960  121.4140  121.3308  121.5185  121.7145  121.7777
 - (0.6119)  (0.4068)  (0.3942)  (0.4014)  (0.3981)  (0.3989)  (0.3969)  (0.6588)  (0.3911)  (0.3836)  (0.3828)
P4Approach18 0.61318497041 123.1024  121.3799  121.4690  121.9495  121.7940  121.9960  121.4140  121.3308  121.5185  121.7145  121.7777
 - (0.6119)  (0.4068)  (0.3942)  (0.4014)  (0.3981)  (0.3989)  (0.3969)  (0.6588)  (0.3911)  (0.3836)  (0.3828)
P4Approach16 0.61318497041 123.1024  121.3799  121.4690  121.9495  121.7940  121.9960  121.4140  121.3308  121.5185  121.7145  121.7777
 - (0.6119)  (0.4068)  (0.3942)  (0.4014)  (0.3981)  (0.3989)  (0.3969)  (0.6588)  (0.3911)  (0.3836)  (0.3828)
UK score 127.4  127.8  128.2  128.3  128.6  128.8  128.8  129.2  129.5  129.6  129.8
P5Approach11 1.00395552912 127.5304  127.8562  128.4317  128.5270  128.4694  128.4389  129.1737  128.9397  129.4828  129.5568  129.9977
 - (0.3317)  (0.338)  (0.3014)  (0.2928)  (0.2932)  (0.3005)  (0.2995)  (0.288)  (0.3074)  (0.3)  (0.3037)
P5Approach17 0.975835160182 127.5627  127.7838  128.5238  128.4284  128.4462  128.4538  129.1431  128.8423  129.4522  129.3865  129.9471
 - (0.2974)  (0.3067)  (0.302)  (0.2962)  (0.298)  (0.3019)  (0.2988)  (0.281)  (0.3067)  (0.2873)  (0.2999)
P5Approach14 0.964180965589 127.6226  127.8327  128.5603  128.4144  128.4927  128.5022  129.1934  128.8534  129.5004  129.4041  129.9783
 - (0.3132)  (0.3096)  (0.2882)  (0.284)  (0.2863)  (0.2866)  (0.2826)  (0.2756)  (0.2874)  (0.2892)  (0.2893)
P4Approach9 0.941371178157 127.9436  127.8904  128.5375  128.3146  128.6108  128.5054  129.1608  129.0815  129.3049  129.4580  129.9075
 - (0.5085)  (0.3737)  (0.2667)  (0.2654)  (0.2639)  (0.3802)  (0.2709)  (0.3944)  (0.4014)  (0.2637)  (0.2628)
P4Approach4 0.941371178157 127.9436  127.8904  128.5375  128.3146  128.6108  128.5054  129.1608  129.0815  129.3049  129.4580  129.9075
 - (0.5085)  (0.3737)  (0.2667)  (0.2654)  (0.2639)  (0.3802)  (0.2709)  (0.3944)  (0.4014)  (0.2637)  (0.2628)
P4Approach19 0.941371178157 127.9436  127.8904  128.5375  128.3146  128.6108  128.5054  129.1608  129.0815  129.3049  129.4580  129.9075
 - (0.5085)  (0.3737)  (0.2667)  (0.2654)  (0.2639)  (0.3802)  (0.2709)  (0.3944)  (0.4014)  (0.2637)  (0.2628)
P4Approach14 0.941371178157 127.9436  127.8904  128.5375  128.3146  128.6108  128.5054  129.1608  129.0815  129.3049  129.4580  129.9075
 - (0.5085)  (0.3737)  (0.2667)  (0.2654)  (0.2639)  (0.3802)  (0.2709)  (0.3944)  (0.4014)  (0.2637)  (0.2628)
P5Approach4 0.933689105485 127.5310  127.7149  128.3984  128.4220  128.4026  128.3658  129.1259  128.8310  129.3959  129.3871  129.9082
 - (0.3747)  (0.3848)  (0.3121)  (0.2988)  (0.2921)  (0.2985)  (0.2977)  (0.2845)  (0.3081)  (0.2855)  (0.3003)
P4Approach2 0.924868338816 127.9436  127.8904  128.5375  128.3146  128.6108  128.5054  129.2080  129.1666  129.3049  129.5020  129.9432
 - (0.5085)  (0.3737)  (0.2667)  (0.2654)  (0.2639)  (0.3802)  (0.2709)  (0.3944)  (0.4014)  (0.2637)  (0.2628)
P4Approach7 0.924868338816 127.9436  127.8904  128.5375  128.3146  128.6108  128.5054  129.2080  129.1666  129.3049  129.5020  129.9432
 - (0.5085)  (0.3737)  (0.2667)  (0.2654)  (0.2639)  (0.3802)  (0.2709)  (0.3944)  (0.4014)  (0.2637)  (0.2628)
P4Approach17 0.924868338816 127.9436  127.8904  128.5375  128.3146  128.6108  128.5054  129.2080  129.1666  129.3049  129.5020  129.9432
 - (0.5085)  (0.3737)  (0.2667)  (0.2654)  (0.2639)  (0.3802)  (0.2709)  (0.3944)  (0.4014)  (0.2637)  (0.2628)
P4Approach12 0.924868338816 127.9436  127.8904  128.5375  128.3146  128.6108  128.5054  129.2080  129.1666  129.3049  129.5020  129.9432
 - (0.5085)  (0.3737)  (0.2667)  (0.2654)  (0.2639)  (0.3802)  (0.2709)  (0.3944)  (0.4014)  (0.2637)  (0.2628)
P5Approach15 0.917825411992 127.3334  127.5345  128.3498  128.3721  128.4034  128.3429  129.0040  128.7715  129.3434  129.3443  129.8485
 - (0.3616)  (0.3568)  (0.3195)  (0.3061)  (0.3046)  (0.3138)  (0.3061)  (0.2975)  (0.3142)  (0.3114)  (0.3143)
P5Approach16 0.914473578902 127.5268  127.7674  128.4274  128.4512  128.4499  128.4025  129.0858  128.8349  129.3920  129.3715  129.8906
 - (0.3827)  (0.4085)  (0.3412)  (0.3153)  (0.3226)  (0.3405)  (0.334)  (0.3396)  (0.3743)  (0.3533)  (0.3521)
P5Approach3 0.912033769014 127.4625  127.6842  128.4131  128.4324  128.4144  128.3510  129.0469  128.7896  129.3624  129.3201  129.8470
 - (0.3772)  (0.374)  (0.321)  (0.3093)  (0.3096)  (0.3148)  (0.3101)  (0.2968)  (0.3144)  (0.3126)  (0.3184)
P5Approach5 0.903616038323 127.5466  127.7606  128.2554  128.5170  128.4766  128.4196  129.0865  128.8030  129.1577  129.3519  129.8862
 - (0.3795)  (0.3863)  (0.2917)  (0.3046)  (0.309)  (0.3151)  (0.3116)  (0.2711)  (0.291)  (0.3121)  (0.3156)
P5Approach9 0.886015209068 127.4919  127.7029  128.4198  128.4439  128.4337  128.3704  128.9770  128.7646  129.2744  129.2608  129.8441
 - (0.3867)  (0.3894)  (0.3277)  (0.3135)  (0.3153)  (0.3219)  (0.3136)  (0.3017)  (0.3237)  (0.3174)  (0.323)
P5Approach13 0.879300497304 127.4051  127.6491  128.3776  128.4182  128.3799  128.3355  129.0372  128.7685  129.3258  129.2688  129.7874
 - (0.3802)  (0.3855)  (0.323)  (0.3117)  (0.3118)  (0.3194)  (0.3124)  (0.2993)  (0.3179)  (0.3108)  (0.3202)
P4Approach5 0.862400373981 128.0457  127.8683  128.5509  128.4132  128.5759  128.3190  129.1693  129.2735  129.3653  129.5561  130.0186
 - (0.5085)  (0.3737)  (0.2667)  (0.2654)  (0.2639)  (0.3802)  (0.2709)  (0.3944)  (0.4014)  (0.2637)  (0.2628)
P4Approach20 0.862400373981 128.0457  127.8683  128.5509  128.4132  128.5759  128.3190  129.1693  129.2735  129.3653  129.5561  130.0186
 - (0.5085)  (0.3737)  (0.2667)  (0.2654)  (0.2639)  (0.3802)  (0.2709)  (0.3944)  (0.4014)  (0.2637)  (0.2628)
P4Approach15 0.862400373981 128.0457  127.8683  128.5509  128.4132  128.5759  128.3190  129.1693  129.2735  129.3653  129.5561  130.0186
 - (0.5085)  (0.3737)  (0.2667)  (0.2654)  (0.2639)  (0.3802)  (0.2709)  (0.3944)  (0.4014)  (0.2637)  (0.2628)
P4Approach10 0.862400373981 128.0457  127.8683  128.5509  128.4132  128.5759  128.3190  129.1693  129.2735  129.3653  129.5561  130.0186
 - (0.5085)  (0.3737)  (0.2667)  (0.2654)  (0.2639)  (0.3802)  (0.2709)  (0.3944)  (0.4014)  (0.2637)  (0.2628)
P5Approach8 0.859677131063 127.4825  127.6503  128.4162  128.4641  128.4198  128.2770  129.0453  128.7769  129.3237  129.3054  129.8148
 - (0.3815)  (0.3812)  (0.3277)  (0.3093)  (0.3153)  (0.3178)  (0.3143)  (0.3017)  (0.3189)  (0.3168)  (0.3231)
P5Approach6 0.847596930299 127.4485  127.6512  128.3750  128.4014  128.3782  128.3114  128.9345  128.6886  129.3070  129.2633  129.7579
 - (0.3847)  (0.3839)  (0.3245)  (0.3121)  (0.3131)  (0.3192)  (0.3108)  (0.2973)  (0.3175)  (0.314)  (0.3193)
P5Approach10 0.847079540289 127.3716  127.6301  128.3529  128.4254  128.3773  128.3200  129.0205  128.7381  129.2490  129.2404  129.7902
 - (0.3811)  (0.3795)  (0.3252)  (0.3096)  (0.3094)  (0.321)  (0.3139)  (0.3006)  (0.3167)  (0.3152)  (0.3185)
P5Approach12 0.833567951229 127.3499  127.6030  128.3419  128.4156  128.3645  128.3106  129.0120  128.7261  129.2597  129.2328  129.7735
 - (0.3797)  (0.3857)  (0.3246)  (0.3129)  (0.3133)  (0.3206)  (0.3136)  (0.3001)  (0.3204)  (0.3148)  (0.322)
P5Approach7 0.831489035669 127.3532  127.5486  128.3331  128.3765  128.4194  128.3039  128.9818  128.7014  129.2282  129.2423  129.7372
 - (0.3734)  (0.3778)  (0.3167)  (0.3056)  (0.3072)  (0.3121)  (0.3101)  (0.2973)  (0.3154)  (0.3154)  (0.3181)
P4Approach1 0.752706734825 128.1178  127.8461  128.5643  128.5118  128.5410  128.1326  129.1542  129.4229  129.4258  129.6321  130.0838
 - (0.5085)  (0.3737)  (0.2667)  (0.2654)  (0.2639)  (0.3802)  (0.2709)  (0.3944)  (0.4014)  (0.2637)  (0.2628)
P4Approach6 0.752706734825 128.1178  127.8461  128.5643  128.5118  128.5410  128.1326  129.1542  129.4229  129.4258  129.6321  130.0838
 - (0.5085)  (0.3737)  (0.2667)  (0.2654)  (0.2639)  (0.3802)  (0.2709)  (0.3944)  (0.4014)  (0.2637)  (0.2628)
P4Approach16 0.752706734825 128.1178  127.8461  128.5643  128.5118  128.5410  128.1326  129.1542  129.4229  129.4258  129.6321  130.0838
 - (0.5085)  (0.3737)  (0.2667)  (0.2654)  (0.2639)  (0.3802)  (0.2709)  (0.3944)  (0.4014)  (0.2637)  (0.2628)
P4Approach11 0.752706734825 128.1178  127.8461  128.5643  128.5118  128.5410  128.1326  129.1542  129.4229  129.4258  129.6321  130.0838
 - (0.5085)  (0.3737)  (0.2667)  (0.2654)  (0.2639)  (0.3802)  (0.2709)  (0.3944)  (0.4014)  (0.2637)  (0.2628)
P4Approach8 0.724091098769 128.1778  127.8461  128.5643  128.5118  128.5410  128.1326  129.1542  129.4229  129.4258  129.6321  130.1398
 - (0.5085)  (0.3737)  (0.2667)  (0.2654)  (0.2639)  (0.3802)  (0.2709)  (0.3944)  (0.4014)  (0.2637)  (0.2628)
P4Approach3 0.724091098769 128.1778  127.8461  128.5643  128.5118  128.5410  128.1326  129.1542  129.4229  129.4258  129.6321  130.1398
 - (0.5085)  (0.3737)  (0.2667)  (0.2654)  (0.2639)  (0.3802)  (0.2709)  (0.3944)  (0.4014)  (0.2637)  (0.2628)
P4Approach18 0.724091098769 128.1778  127.8461  128.5643  128.5118  128.5410  128.1326  129.1542  129.4229  129.4258  129.6321  130.1398
 - (0.5085)  (0.3737)  (0.2667)  (0.2654)  (0.2639)  (0.3802)  (0.2709)  (0.3944)  (0.4014)  (0.2637)  (0.2628)
P4Approach13 0.724091098769 128.1778  127.8461  128.5643  128.5118  128.5410  128.1326  129.1542  129.4229  129.4258  129.6321  130.1398
 - (0.5085)  (0.3737)  (0.2667)  (0.2654)  (0.2639)  (0.3802)  (0.2709)  (0.3944)  (0.4014)  (0.2637)  (0.2628)
P5Approach2 0.722656768891 127.9967  128.3989  128.6458  128.5480  128.6457  128.6414  129.2413  129.0372  129.6876  129.5297  130.0261
 - (0.4903)  (0.3506)  (0.3514)  (0.3516)  (0.3517)  (0.3516)  (0.351)  (0.3514)  (0.3524)  (0.3524)  (0.3526)
P5Approach1 0.559165392287 127.9762  128.2939  128.7398  128.5905  128.6708  128.7462  129.4066  129.3344  129.9822  129.8647  130.3613
 - (0.4477)  (0.4564)  (0.314)  (0.309)  (0.3114)  (0.3103)  (0.3249)  (0.3249)  (0.3218)  (0.3279)  (0.3214)
