AT score 10318480.0  9595174.0  4272536.0  5619330.0  6444485.0  9996416.0  11399594.0  7726801.0  5727389.0
P4Approach4 3.63534164315 10015593.0000  8610856.0000  4659083.0000  5280142.0000  6792650.0000  9392929.0000  11112859.0000  7596414.0000  5485658.0000
 - (400365.2)  (387286.6)  (386569.5)  (390450.0)  (401962.8)  (406775.7)  (405586.8)  (403664.3)  (403132.3)
P4Approach2 3.62834648824 10009194.0000  8607728.0000  4689742.0000  5262003.0000  6768178.0000  9389784.0000  11135292.0000  7611645.0000  5516607.0000
 - (400365.2)  (387286.6)  (386569.5)  (390450.0)  (401962.8)  (406775.7)  (405586.8)  (403664.3)  (403132.3)
P4Approach5 2.98738564471 9977580.0000  8496923.0000  4797088.0000  5207625.0000  6800664.0000  9362701.0000  11100625.0000  7546503.0000  5436875.0000
 - (400365.2)  (387286.6)  (386569.5)  (390450.0)  (401962.8)  (406775.7)  (405586.8)  (403664.3)  (403132.3)
P4Approach3 2.38214409398 9942767.0000  8384554.0000  4919763.0000  5144177.0000  6820914.0000  9334045.0000  11077174.0000  7488976.0000  5372618.0000
 - (400365.2)  (387286.6)  (386569.5)  (390450.0)  (401962.8)  (406775.7)  (405586.8)  (403664.3)  (403132.3)
P4Approach1 2.38214409398 9942767.0000  8384554.0000  4919763.0000  5144177.0000  6820914.0000  9334045.0000  11077174.0000  7488976.0000  5372618.0000
 - (400365.2)  (387286.6)  (386569.5)  (390450.0)  (401962.8)  (406775.7)  (405586.8)  (403664.3)  (403132.3)
BE score 946962.0  1201271.0  1248536.0  1387739.0  1352778.0  1547084.0  1546627.0  1393437.0
P4Approach20 0.792526547732 1066805.0000  1307658.0000  1545363.0000  1435080.0000  1393652.0000  1569115.0000  1668149.0000  1415031.0000
 - (61803.79)  (56585.88)  (56525.54)  (61086.05)  (60869.35)  (59388.47)  (67167.26)  (60650.91)
P4Approach5 0.792526547732 1066805.0000  1307658.0000  1545363.0000  1435080.0000  1393652.0000  1569115.0000  1668149.0000  1415031.0000
 - (61803.79)  (56585.88)  (56525.54)  (61086.05)  (60869.35)  (59388.47)  (67167.26)  (60650.91)
P4Approach15 0.792526547732 1066805.0000  1307658.0000  1545363.0000  1435080.0000  1393652.0000  1569115.0000  1668149.0000  1415031.0000
 - (61803.79)  (56585.88)  (56525.54)  (61086.05)  (60869.35)  (59388.47)  (67167.26)  (60650.91)
P4Approach10 0.792526547732 1066805.0000  1307658.0000  1545363.0000  1435080.0000  1393652.0000  1569115.0000  1668149.0000  1415031.0000
 - (61803.79)  (56585.88)  (56525.54)  (61086.05)  (60869.35)  (59388.47)  (67167.26)  (60650.91)
P4Approach8 0.671123783917 1094674.0000  1304653.0000  1520862.0000  1552664.0000  1382999.0000  1557867.0000  1649038.0000  1410419.0000
 - (61803.79)  (56585.88)  (56525.54)  (61086.05)  (60869.35)  (59388.47)  (67167.26)  (60650.91)
P4Approach3 0.671123783917 1094674.0000  1304653.0000  1520862.0000  1552664.0000  1382999.0000  1557867.0000  1649038.0000  1410419.0000
 - (61803.79)  (56585.88)  (56525.54)  (61086.05)  (60869.35)  (59388.47)  (67167.26)  (60650.91)
P4Approach1 0.671123783917 1094674.0000  1304653.0000  1520862.0000  1552664.0000  1382999.0000  1557867.0000  1649038.0000  1410419.0000
 - (61803.79)  (56585.88)  (56525.54)  (61086.05)  (60869.35)  (59388.47)  (67167.26)  (60650.91)
P4Approach6 0.671123783917 1094674.0000  1304653.0000  1520862.0000  1552664.0000  1382999.0000  1557867.0000  1649038.0000  1410419.0000
 - (61803.79)  (56585.88)  (56525.54)  (61086.05)  (60869.35)  (59388.47)  (67167.26)  (60650.91)
P4Approach18 0.671123783917 1094674.0000  1304653.0000  1520862.0000  1552664.0000  1382999.0000  1557867.0000  1649038.0000  1410419.0000
 - (61803.79)  (56585.88)  (56525.54)  (61086.05)  (60869.35)  (59388.47)  (67167.26)  (60650.91)
P4Approach16 0.671123783917 1094674.0000  1304653.0000  1520862.0000  1552664.0000  1382999.0000  1557867.0000  1649038.0000  1410419.0000
 - (61803.79)  (56585.88)  (56525.54)  (61086.05)  (60869.35)  (59388.47)  (67167.26)  (60650.91)
P4Approach13 0.671123783917 1094674.0000  1304653.0000  1520862.0000  1552664.0000  1382999.0000  1557867.0000  1649038.0000  1410419.0000
 - (61803.79)  (56585.88)  (56525.54)  (61086.05)  (60869.35)  (59388.47)  (67167.26)  (60650.91)
P4Approach11 0.671123783917 1094674.0000  1304653.0000  1520862.0000  1552664.0000  1382999.0000  1557867.0000  1649038.0000  1410419.0000
 - (61803.79)  (56585.88)  (56525.54)  (61086.05)  (60869.35)  (59388.47)  (67167.26)  (60650.91)
P4Approach9 0.583701231732 1038937.0000  1310662.0000  1568896.0000  1317495.0000  1398186.0000  1576816.0000  1679224.0000  1411494.0000
 - (61803.79)  (56585.88)  (56525.54)  (61086.05)  (60869.35)  (59388.47)  (67167.26)  (60650.91)
P4Approach4 0.583701231732 1038937.0000  1310662.0000  1568896.0000  1317495.0000  1398186.0000  1576816.0000  1679224.0000  1411494.0000
 - (61803.79)  (56585.88)  (56525.54)  (61086.05)  (60869.35)  (59388.47)  (67167.26)  (60650.91)
P4Approach19 0.583701231732 1038937.0000  1310662.0000  1568896.0000  1317495.0000  1398186.0000  1576816.0000  1679224.0000  1411494.0000
 - (61803.79)  (56585.88)  (56525.54)  (61086.05)  (60869.35)  (59388.47)  (67167.26)  (60650.91)
P4Approach14 0.583701231732 1038937.0000  1310662.0000  1568896.0000  1317495.0000  1398186.0000  1576816.0000  1679224.0000  1411494.0000
 - (61803.79)  (56585.88)  (56525.54)  (61086.05)  (60869.35)  (59388.47)  (67167.26)  (60650.91)
P4Approach2 0.514235976624 1038937.0000  1310662.0000  1570833.0000  1317495.0000  1410425.0000  1583910.0000  1695297.0000  1427793.0000
 - (61803.79)  (56585.88)  (56525.54)  (61086.05)  (60869.35)  (59388.47)  (67167.26)  (60650.91)
P4Approach7 0.514235976624 1038937.0000  1310662.0000  1570833.0000  1317495.0000  1410425.0000  1583910.0000  1695297.0000  1427793.0000
 - (61803.79)  (56585.88)  (56525.54)  (61086.05)  (60869.35)  (59388.47)  (67167.26)  (60650.91)
P4Approach17 0.514235976624 1038937.0000  1310662.0000  1570833.0000  1317495.0000  1410425.0000  1583910.0000  1695297.0000  1427793.0000
 - (61803.79)  (56585.88)  (56525.54)  (61086.05)  (60869.35)  (59388.47)  (67167.26)  (60650.91)
P4Approach12 0.514235976624 1038937.0000  1310662.0000  1570833.0000  1317495.0000  1410425.0000  1583910.0000  1695297.0000  1427793.0000
 - (61803.79)  (56585.88)  (56525.54)  (61086.05)  (60869.35)  (59388.47)  (67167.26)  (60650.91)
BG score 829420.0  683275.0  752341.0  1283849.0  3395735.0  5246104.0  5342880.0  2895051.0  815500.0
P4Approach3 1.08551017228 691800.6000  616169.6000  814059.3000  1547055.0000  3590167.0000  5658474.0000  4944261.0000  2811444.0000  813720.6000
 - (515674.3)  (513665.9)  (511666.1)  (665678.2)  (662969.6)  (660303.0)  (658120.5)  (504403.0)  (654248.1)
P4Approach1 1.08551017228 691800.6000  616169.6000  814059.3000  1547055.0000  3590167.0000  5658474.0000  4944261.0000  2811444.0000  813720.6000
 - (515674.3)  (513665.9)  (511666.1)  (665678.2)  (662969.6)  (660303.0)  (658120.5)  (504403.0)  (654248.1)
P4Approach5 1.0550741026 699193.2000  632960.3000  770967.0000  1325270.0000  3156071.0000  5049946.0000  4858910.0000  2763993.0000  887634.1000
 - (515674.3)  (513665.9)  (511666.1)  (665678.2)  (662969.6)  (660303.0)  (658120.5)  (504403.0)  (654248.1)
P4Approach4 0.875921807292 705543.7000  653039.6000  730210.4000  1112578.0000  2766403.0000  4440250.0000  4768528.0000  2716542.0000  961547.6000
 - (515674.3)  (513665.9)  (511666.1)  (665678.2)  (662969.6)  (660303.0)  (658120.5)  (504403.0)  (654248.1)
P4Approach2 0.857960318849 707628.0000  646462.4000  725538.8000  1094391.0000  2677548.0000  4442585.0000  4778589.0000  2716542.0000  961547.6000
 - (515674.3)  (513665.9)  (511666.1)  (665678.2)  (662969.6)  (660303.0)  (658120.5)  (504403.0)  (654248.1)
CY score 299677.0  470931.0  877937.0  1726620.0  2030136.0  2294101.0  2334059.0  2015967.0
P4Approach4 2.51944716848 307632.6000  435048.2000  792624.7000  1578896.0000  1870499.0000  2204238.0000  2323131.0000  1986895.0000
 - (136620.6)  (136050.9)  (170164.9)  (169465.3)  (165843.0)  (165325.1)  (194489.4)  (135758.9)
P4Approach2 2.37290061735 303701.6000  436252.0000  801777.6000  1564483.0000  1891596.0000  2140203.0000  2269495.0000  1940195.0000
 - (136620.6)  (136050.9)  (170164.9)  (169465.3)  (165843.0)  (165325.1)  (194489.4)  (135758.9)
P4Approach5 2.06116986116 307705.0000  462301.7000  784115.5000  1492695.0000  1780551.0000  2135998.0000  2308496.0000  2019886.0000
 - (136620.6)  (136050.9)  (170164.9)  (169465.3)  (165843.0)  (165325.1)  (194489.4)  (135758.9)
P4Approach3 1.55059451536 309742.8000  488953.2000  771029.8000  1413700.0000  1680055.0000  2099776.0000  2320679.0000  2076227.0000
 - (136620.6)  (136050.9)  (170164.9)  (169465.3)  (165843.0)  (165325.1)  (194489.4)  (135758.9)
P4Approach1 1.55059451536 309742.8000  488953.2000  771029.8000  1413700.0000  1680055.0000  2099776.0000  2320679.0000  2076227.0000
 - (136620.6)  (136050.9)  (170164.9)  (169465.3)  (165843.0)  (165325.1)  (194489.4)  (135758.9)
CZ score 2397936.0  2788350.0  2635132.0  3224386.0  3192702.0  4259953.0  4328720.0  3454080.0  3133941.0
P4Approach2 3.99310923987 2276306.0000  2533612.0000  2706290.0000  3240161.0000  3283447.0000  3895672.0000  4178165.0000  3506080.0000  3133120.0000
 - (152891.5)  (126145.4)  (140829.1)  (140336.8)  (139868.8)  (127836.5)  (141971.7)  (136362.9)  (137096.4)
P4Approach7 3.99310923987 2276306.0000  2533612.0000  2706290.0000  3240161.0000  3283447.0000  3895672.0000  4178165.0000  3506080.0000  3133120.0000
 - (152891.5)  (126145.4)  (140829.1)  (140336.8)  (139868.8)  (127836.5)  (141971.7)  (136362.9)  (137096.4)
P4Approach9 3.20698590488 2318661.0000  2513807.0000  2692805.0000  3255493.0000  3306221.0000  3865889.0000  4126554.0000  3596378.0000  3212881.0000
 - (152891.5)  (126145.4)  (140829.1)  (140336.8)  (139868.8)  (127836.5)  (141971.7)  (136362.9)  (137096.4)
P4Approach4 3.20698590488 2318661.0000  2513807.0000  2692805.0000  3255493.0000  3306221.0000  3865889.0000  4126554.0000  3596378.0000  3212881.0000
 - (152891.5)  (126145.4)  (140829.1)  (140336.8)  (139868.8)  (127836.5)  (141971.7)  (136362.9)  (137096.4)
P4Approach5 3.08727771134 2294528.0000  2566215.0000  2747557.0000  3292904.0000  3307505.0000  3837711.0000  4086341.0000  3539227.0000  3195468.0000
 - (152891.5)  (126145.4)  (140829.1)  (140336.8)  (139868.8)  (127836.5)  (141971.7)  (136362.9)  (137096.4)
P4Approach10 3.08727771134 2294528.0000  2566215.0000  2747557.0000  3292904.0000  3307505.0000  3837711.0000  4086341.0000  3539227.0000  3195468.0000
 - (152891.5)  (126145.4)  (140829.1)  (140336.8)  (139868.8)  (127836.5)  (141971.7)  (136362.9)  (137096.4)
P4Approach8 2.42439892547 2291573.0000  2608721.0000  2795566.0000  3337982.0000  3320176.0000  3794641.0000  4020322.0000  3527224.0000  3217936.0000
 - (152891.5)  (126145.4)  (140829.1)  (140336.8)  (139868.8)  (127836.5)  (141971.7)  (136362.9)  (137096.4)
P4Approach3 2.42439892547 2291573.0000  2608721.0000  2795566.0000  3337982.0000  3320176.0000  3794641.0000  4020322.0000  3527224.0000  3217936.0000
 - (152891.5)  (126145.4)  (140829.1)  (140336.8)  (139868.8)  (127836.5)  (141971.7)  (136362.9)  (137096.4)
P4Approach1 2.42439892547 2291573.0000  2608721.0000  2795566.0000  3337982.0000  3320176.0000  3794641.0000  4020322.0000  3527224.0000  3217936.0000
 - (152891.5)  (126145.4)  (140829.1)  (140336.8)  (139868.8)  (127836.5)  (141971.7)  (136362.9)  (137096.4)
P4Approach6 2.42439892547 2291573.0000  2608721.0000  2795566.0000  3337982.0000  3320176.0000  3794641.0000  4020322.0000  3527224.0000  3217936.0000
 - (152891.5)  (126145.4)  (140829.1)  (140336.8)  (139868.8)  (127836.5)  (141971.7)  (136362.9)  (137096.4)
DE score 17622346.0  20715048.0  21725051.0  25898364.0  25579466.0  28594771.0  29066078.0  28393443.0
P4Approach2 12.1396637693 17416871.0000  19992843.0000  21696918.0000  26120279.0000  26392354.0000  28440942.0000  29797571.0000  28226661.0000
 - (527166.7)  (525811.3)  (527596.7)  (541199.4)  (546355.7)  (544383.6)  (545656.3)  (538933.5)
P4Approach7 12.1396637693 17416871.0000  19992843.0000  21696918.0000  26120279.0000  26392354.0000  28440942.0000  29797571.0000  28226661.0000
 - (527166.7)  (525811.3)  (527596.7)  (541199.4)  (546355.7)  (544383.6)  (545656.3)  (538933.5)
P4Approach9 11.5465970078 17339790.0000  19997199.0000  21749486.0000  26215059.0000  26395284.0000  28409650.0000  29892088.0000  28246717.0000
 - (527166.7)  (525811.3)  (527596.7)  (541199.4)  (546355.7)  (544383.6)  (545656.3)  (538933.5)
P4Approach4 11.5465970078 17339790.0000  19997199.0000  21749486.0000  26215059.0000  26395284.0000  28409650.0000  29892088.0000  28246717.0000
 - (527166.7)  (525811.3)  (527596.7)  (541199.4)  (546355.7)  (544383.6)  (545656.3)  (538933.5)
P4Approach5 9.42055347366 17088610.0000  19859884.0000  21707341.0000  26298158.0000  26526542.0000  28592632.0000  30038846.0000  28265921.0000
 - (527166.7)  (525811.3)  (527596.7)  (541199.4)  (546355.7)  (544383.6)  (545656.3)  (538933.5)
P4Approach10 9.42055347366 17088610.0000  19859884.0000  21707341.0000  26298158.0000  26526542.0000  28592632.0000  30038846.0000  28265921.0000
 - (527166.7)  (525811.3)  (527596.7)  (541199.4)  (546355.7)  (544383.6)  (545656.3)  (538933.5)
P4Approach8 6.84852157282 16798890.0000  19724746.0000  21691479.0000  26428647.0000  26659266.0000  28759968.0000  30232862.0000  28295153.0000
 - (527166.7)  (525811.3)  (527596.7)  (541199.4)  (546355.7)  (544383.6)  (545656.3)  (538933.5)
P4Approach3 6.84852157282 16798890.0000  19724746.0000  21691479.0000  26428647.0000  26659266.0000  28759968.0000  30232862.0000  28295153.0000
 - (527166.7)  (525811.3)  (527596.7)  (541199.4)  (546355.7)  (544383.6)  (545656.3)  (538933.5)
P4Approach1 6.84852157282 16798890.0000  19724746.0000  21691479.0000  26428647.0000  26659266.0000  28759968.0000  30232862.0000  28295153.0000
 - (527166.7)  (525811.3)  (527596.7)  (541199.4)  (546355.7)  (544383.6)  (545656.3)  (538933.5)
P4Approach6 6.84852157282 16798890.0000  19724746.0000  21691479.0000  26428647.0000  26659266.0000  28759968.0000  30232862.0000  28295153.0000
 - (527166.7)  (525811.3)  (527596.7)  (541199.4)  (546355.7)  (544383.6)  (545656.3)  (538933.5)
DK score 861242.0  1020317.0  1148235.0  1375491.0  1498862.0  1959668.0  1744933.0  1372512.0  1249827.0
P4Approach8 10.3015432701 852706.2000  1004503.0000  1133957.0000  1389551.0000  1484100.0000  1963298.0000  1779451.0000  1401484.0000  1263296.0000
 - (46802.18)  (46814.77)  (46624.35)  (46446.61)  (52017.74)  (46111.06)  (51890.43)  (45761.23)  (45741.44)
P4Approach3 10.3015432701 852706.2000  1004503.0000  1133957.0000  1389551.0000  1484100.0000  1963298.0000  1779451.0000  1401484.0000  1263296.0000
 - (46802.18)  (46814.77)  (46624.35)  (46446.61)  (52017.74)  (46111.06)  (51890.43)  (45761.23)  (45741.44)
P4Approach1 10.3015432701 852706.2000  1004503.0000  1133957.0000  1389551.0000  1484100.0000  1963298.0000  1779451.0000  1401484.0000  1263296.0000
 - (46802.18)  (46814.77)  (46624.35)  (46446.61)  (52017.74)  (46111.06)  (51890.43)  (45761.23)  (45741.44)
P4Approach6 10.3015432701 852706.2000  1004503.0000  1133957.0000  1389551.0000  1484100.0000  1963298.0000  1779451.0000  1401484.0000  1263296.0000
 - (46802.18)  (46814.77)  (46624.35)  (46446.61)  (52017.74)  (46111.06)  (51890.43)  (45761.23)  (45741.44)
P4Approach5 1.80719068631 907736.4000  971242.5000  1104468.0000  1280985.0000  1375761.0000  1851840.0000  1682598.0000  1505184.0000  1345617.0000
 - (46802.18)  (46814.77)  (46624.35)  (46446.61)  (52017.74)  (46111.06)  (51890.43)  (45761.23)  (45741.44)
P4Approach10 1.80719068631 907736.4000  971242.5000  1104468.0000  1280985.0000  1375761.0000  1851840.0000  1682598.0000  1505184.0000  1345617.0000
 - (46802.18)  (46814.77)  (46624.35)  (46446.61)  (52017.74)  (46111.06)  (51890.43)  (45761.23)  (45741.44)
P4Approach9 0.0123022985997 963241.8000  947468.2000  1070822.0000  1170659.0000  1268454.0000  1773317.0000  1630914.0000  1597757.0000  1490481.0000
 - (46802.18)  (46814.77)  (46624.35)  (46446.61)  (52017.74)  (46111.06)  (51890.43)  (45761.23)  (45741.44)
P4Approach4 0.0123022985997 963241.8000  947468.2000  1070822.0000  1170659.0000  1268454.0000  1773317.0000  1630914.0000  1597757.0000  1490481.0000
 - (46802.18)  (46814.77)  (46624.35)  (46446.61)  (52017.74)  (46111.06)  (51890.43)  (45761.23)  (45741.44)
P4Approach2 0.00753433842583 962291.3000  928495.8000  1079136.0000  1174178.0000  1266388.0000  1707446.0000  1540577.0000  1620012.0000  1365396.0000
 - (46802.18)  (46814.77)  (46624.35)  (46446.61)  (52017.74)  (46111.06)  (51890.43)  (45761.23)  (45741.44)
P4Approach7 0.00753433842583 962291.3000  928495.8000  1079136.0000  1174178.0000  1266388.0000  1707446.0000  1540577.0000  1620012.0000  1365396.0000
 - (46802.18)  (46814.77)  (46624.35)  (46446.61)  (52017.74)  (46111.06)  (51890.43)  (45761.23)  (45741.44)
EE score 278540.0  339381.0  368569.0  437124.0  505042.0  685553.0  588905.0  403582.0  428594.0
P4Approach5 6.62457668363 279199.3000  317403.4000  346041.3000  442589.0000  503864.6000  687874.9000  574391.0000  405105.3000  431796.6000
 - (22411.42)  (22318.74)  (22227.19)  (22240.08)  (22221.96)  (22151.22)  (24728.36)  (22002.87)  (21922.52)
P4Approach10 6.62457668363 279199.3000  317403.4000  346041.3000  442589.0000  503864.6000  687874.9000  574391.0000  405105.3000  431796.6000
 - (22411.42)  (22318.74)  (22227.19)  (22240.08)  (22221.96)  (22151.22)  (24728.36)  (22002.87)  (21922.52)
P4Approach8 6.57060459281 277846.3000  315609.2000  348512.9000  446968.8000  507471.1000  697377.4000  582213.2000  399018.0000  423912.1000
 - (22411.42)  (22318.74)  (22227.19)  (22240.08)  (22221.96)  (22151.22)  (24728.36)  (22002.87)  (21922.52)
P4Approach3 6.57060459281 277846.3000  315609.2000  348512.9000  446968.8000  507471.1000  697377.4000  582213.2000  399018.0000  423912.1000
 - (22411.42)  (22318.74)  (22227.19)  (22240.08)  (22221.96)  (22151.22)  (24728.36)  (22002.87)  (21922.52)
P4Approach1 6.57060459281 277846.3000  315609.2000  348512.9000  446968.8000  507471.1000  697377.4000  582213.2000  399018.0000  423912.1000
 - (22411.42)  (22318.74)  (22227.19)  (22240.08)  (22221.96)  (22151.22)  (24728.36)  (22002.87)  (21922.52)
P4Approach6 6.57060459281 277846.3000  315609.2000  348512.9000  446968.8000  507471.1000  697377.4000  582213.2000  399018.0000  423912.1000
 - (22411.42)  (22318.74)  (22227.19)  (22240.08)  (22221.96)  (22151.22)  (24728.36)  (22002.87)  (21922.52)
P4Approach9 6.26300571412 280552.3000  319197.6000  343569.7000  438209.1000  500258.1000  678372.4000  566568.8000  411192.6000  439681.0000
 - (22411.42)  (22318.74)  (22227.19)  (22240.08)  (22221.96)  (22151.22)  (24728.36)  (22002.87)  (21922.52)
P4Approach2 6.26300571412 280552.3000  319197.6000  343569.7000  438209.1000  500258.1000  678372.4000  566568.8000  411192.6000  439681.0000
 - (22411.42)  (22318.74)  (22227.19)  (22240.08)  (22221.96)  (22151.22)  (24728.36)  (22002.87)  (21922.52)
P4Approach7 6.26300571412 280552.3000  319197.6000  343569.7000  438209.1000  500258.1000  678372.4000  566568.8000  411192.6000  439681.0000
 - (22411.42)  (22318.74)  (22227.19)  (22240.08)  (22221.96)  (22151.22)  (24728.36)  (22002.87)  (21922.52)
P4Approach4 6.26300571412 280552.3000  319197.6000  343569.7000  438209.1000  500258.1000  678372.4000  566568.8000  411192.6000  439681.0000
 - (22411.42)  (22318.74)  (22227.19)  (22240.08)  (22221.96)  (22151.22)  (24728.36)  (22002.87)  (21922.52)
ES score 16315715.0  21877829.0  23387155.0  30813666.0  34952632.0  42777182.0  46492618.0  36647655.0  29896141.0
P4Approach2 3.69432837588e-07 15095665.0000  20636264.0000  23961519.0000  30317368.0000  34297725.0000  41386821.0000  37383598.0000  29512987.0000  17623827.0000
 - (997012.4)  (941728.0)  (988560.1)  (989659.2)  (1073200.0)  (1238109.0)  (986410.8)  (985513.7)  (953677.6)
P4Approach4 3.51982346529e-07 15155365.0000  20116635.0000  24245961.0000  30180765.0000  34257828.0000  41219424.0000  37476081.0000  29512987.0000  17623827.0000
 - (997012.4)  (941728.0)  (988560.1)  (989659.2)  (1073200.0)  (1238109.0)  (986410.8)  (985513.7)  (953677.6)
P4Approach5 1.64383986127e-07 15443806.0000  20593280.0000  24382422.0000  30342280.0000  34793559.0000  42165661.0000  37573063.0000  28997190.0000  17200163.0000
 - (997012.4)  (941728.0)  (988560.1)  (989659.2)  (1073200.0)  (1238109.0)  (986410.8)  (985513.7)  (953677.6)
P4Approach3 1.18784697574e-07 15762096.0000  20547761.0000  24342127.0000  30435494.0000  35309340.0000  43028200.0000  38367353.0000  28481392.0000  16776500.0000
 - (997012.4)  (941728.0)  (988560.1)  (989659.2)  (1073200.0)  (1238109.0)  (986410.8)  (985513.7)  (953677.6)
P4Approach1 3.15613980119e-08 15762096.0000  21072459.0000  24980083.0000  30435494.0000  35309340.0000  43028200.0000  37065217.0000  28481392.0000  16776500.0000
 - (997012.4)  (941728.0)  (988560.1)  (989659.2)  (1073200.0)  (1238109.0)  (986410.8)  (985513.7)  (953677.6)
EU score 106274263.0  124449437.0  132814434.0  164497883.0  188769915.0  238472144.0  254766275.0  193262871.0
P4Approach3 2.14989493149 104909792.0000  122156596.0000  134987558.0000  162202655.0000  192489593.0000  237616796.0000  257466946.0000  192889164.0000
 - (33036121.0)  (26047035.0)  (32755376.0)  (38560996.0)  (25734286.0)  (32356147.0)  (38082922.0)  (25430687.0)
P4Approach1 2.14989493149 104909792.0000  122156596.0000  134987558.0000  162202655.0000  192489593.0000  237616796.0000  257466946.0000  192889164.0000
 - (33036121.0)  (26047035.0)  (32755376.0)  (38560996.0)  (25734286.0)  (32356147.0)  (38082922.0)  (25430687.0)
P4Approach5 2.12812554976 104820744.0000  119247371.0000  132779536.0000  161810463.0000  192711304.0000  236495329.0000  256470993.0000  190945713.0000
 - (33036121.0)  (26047035.0)  (32755376.0)  (38560996.0)  (25734286.0)  (32356147.0)  (38082922.0)  (25430687.0)
P4Approach2 2.11013354897 104744329.0000  118302058.0000  129796273.0000  162228405.0000  192669850.0000  235103753.0000  255816982.0000  189341439.0000
 - (33036121.0)  (26047035.0)  (32755376.0)  (38560996.0)  (25734286.0)  (32356147.0)  (38082922.0)  (25430687.0)
P4Approach4 2.08747530821 104719062.0000  114374234.0000  131346754.0000  160608137.0000  193196181.0000  235643970.0000  255133096.0000  188663086.0000
 - (33036121.0)  (26047035.0)  (32755376.0)  (38560996.0)  (25734286.0)  (32356147.0)  (38082922.0)  (25430687.0)
FI score 1281340.0  1409151.0  1214006.0  1158343.0  1488264.0  2055982.0  1668715.0  1365393.0  1266873.0
P4Approach2 9.792382783 1279362.0000  1388318.0000  1179185.0000  1183892.0000  1547817.0000  2057106.0000  1654051.0000  1316453.0000  1281461.0000
 - (45616.61)  (45529.11)  (45376.9)  (46037.2)  (46213.07)  (45338.34)  (46066.76)  (45346.6)  (45274.75)
P4Approach7 9.792382783 1279362.0000  1388318.0000  1179185.0000  1183892.0000  1547817.0000  2057106.0000  1654051.0000  1316453.0000  1281461.0000
 - (45616.61)  (45529.11)  (45376.9)  (46037.2)  (46213.07)  (45338.34)  (46066.76)  (45346.6)  (45274.75)
P4Approach9 9.56692214606 1279362.0000  1381186.0000  1171705.0000  1176056.0000  1540737.0000  2050926.0000  1647115.0000  1309351.0000  1275062.0000
 - (45616.61)  (45529.11)  (45376.9)  (46037.2)  (46213.07)  (45338.34)  (46066.76)  (45346.6)  (45274.75)
P4Approach4 9.56692214606 1279362.0000  1381186.0000  1171705.0000  1176056.0000  1540737.0000  2050926.0000  1647115.0000  1309351.0000  1275062.0000
 - (45616.61)  (45529.11)  (45376.9)  (46037.2)  (46213.07)  (45338.34)  (46066.76)  (45346.6)  (45274.75)
P4Approach5 9.53713428589 1268425.0000  1384083.0000  1174883.0000  1180151.0000  1542509.0000  2044866.0000  1647173.0000  1310086.0000  1275514.0000
 - (45616.61)  (45529.11)  (45376.9)  (46037.2)  (46213.07)  (45338.34)  (46066.76)  (45346.6)  (45274.75)
P4Approach10 9.53713428589 1268425.0000  1384083.0000  1174883.0000  1180151.0000  1542509.0000  2044866.0000  1647173.0000  1310086.0000  1275514.0000
 - (45616.61)  (45529.11)  (45376.9)  (46037.2)  (46213.07)  (45338.34)  (46066.76)  (45346.6)  (45274.75)
P4Approach1 9.29228686377 1257488.0000  1383415.0000  1174321.0000  1180328.0000  1540740.0000  2035715.0000  1643763.0000  1308606.0000  1273873.0000
 - (45616.61)  (45529.11)  (45376.9)  (46037.2)  (46213.07)  (45338.34)  (46066.76)  (45346.6)  (45274.75)
P4Approach6 9.29228686377 1257488.0000  1383415.0000  1174321.0000  1180328.0000  1540740.0000  2035715.0000  1643763.0000  1308606.0000  1273873.0000
 - (45616.61)  (45529.11)  (45376.9)  (46037.2)  (46213.07)  (45338.34)  (46066.76)  (45346.6)  (45274.75)
P4Approach8 9.21721415033 1257488.0000  1383415.0000  1174321.0000  1180328.0000  1540740.0000  2035715.0000  1643763.0000  1305932.0000  1271661.0000
 - (45616.61)  (45529.11)  (45376.9)  (46037.2)  (46213.07)  (45338.34)  (46066.76)  (45346.6)  (45274.75)
P4Approach3 9.21721415033 1257488.0000  1383415.0000  1174321.0000  1180328.0000  1540740.0000  2035715.0000  1643763.0000  1305932.0000  1271661.0000
 - (45616.61)  (45529.11)  (45376.9)  (46037.2)  (46213.07)  (45338.34)  (46066.76)  (45346.6)  (45274.75)
FR score 12913977.0  15723232.0  15876038.0  18640992.0  19630105.0  22771744.0  23158591.0  19231365.0  17436956.0
P4Approach5 7.32116692211 13610334.0000  15282526.0000  16930145.0000  18876987.0000  19697321.0000  22429546.0000  24199341.0000  19654986.0000  17358137.0000
 - (668489.6)  (677680.6)  (676869.3)  (687239.1)  (678570.3)  (689459.8)  (692666.9)  (672447.2)  (683898.1)
P4Approach10 7.32116692211 13610334.0000  15282526.0000  16930145.0000  18876987.0000  19697321.0000  22429546.0000  24199341.0000  19654986.0000  17358137.0000
 - (668489.6)  (677680.6)  (676869.3)  (687239.1)  (678570.3)  (689459.8)  (692666.9)  (672447.2)  (683898.1)
P4Approach9 7.25387115584 13444604.0000  15136340.0000  16926933.0000  19058194.0000  19884076.0000  22621596.0000  24259010.0000  19531176.0000  17663954.0000
 - (668489.6)  (677680.6)  (676869.3)  (687239.1)  (678570.3)  (689459.8)  (692666.9)  (672447.2)  (683898.1)
P4Approach4 7.25387115584 13444604.0000  15136340.0000  16926933.0000  19058194.0000  19884076.0000  22621596.0000  24259010.0000  19531176.0000  17663954.0000
 - (668489.6)  (677680.6)  (676869.3)  (687239.1)  (678570.3)  (689459.8)  (692666.9)  (672447.2)  (683898.1)
P4Approach8 6.95383935747 13698627.0000  15425113.0000  16923336.0000  18656885.0000  19494671.0000  22140159.0000  24079958.0000  19765327.0000  16921575.0000
 - (668489.6)  (677680.6)  (676869.3)  (687239.1)  (678570.3)  (689459.8)  (692666.9)  (672447.2)  (683898.1)
P4Approach3 6.95383935747 13698627.0000  15425113.0000  16923336.0000  18656885.0000  19494671.0000  22140159.0000  24079958.0000  19765327.0000  16921575.0000
 - (668489.6)  (677680.6)  (676869.3)  (687239.1)  (678570.3)  (689459.8)  (692666.9)  (672447.2)  (683898.1)
P4Approach1 6.95383935747 13698627.0000  15425113.0000  16923336.0000  18656885.0000  19494671.0000  22140159.0000  24079958.0000  19765327.0000  16921575.0000
 - (668489.6)  (677680.6)  (676869.3)  (687239.1)  (678570.3)  (689459.8)  (692666.9)  (672447.2)  (683898.1)
P4Approach6 6.95383935747 13698627.0000  15425113.0000  16923336.0000  18656885.0000  19494671.0000  22140159.0000  24079958.0000  19765327.0000  16921575.0000
 - (668489.6)  (677680.6)  (676869.3)  (687239.1)  (678570.3)  (689459.8)  (692666.9)  (672447.2)  (683898.1)
P4Approach2 6.65223329959 13599481.0000  15143540.0000  16946975.0000  19135985.0000  19915868.0000  22816268.0000  24378437.0000  19558114.0000  17925446.0000
 - (668489.6)  (677680.6)  (676869.3)  (687239.1)  (678570.3)  (689459.8)  (692666.9)  (672447.2)  (683898.1)
P4Approach7 6.65223329959 13599481.0000  15143540.0000  16946975.0000  19135985.0000  19915868.0000  22816268.0000  24378437.0000  19558114.0000  17925446.0000
 - (668489.6)  (677680.6)  (676869.3)  (687239.1)  (678570.3)  (689459.8)  (692666.9)  (672447.2)  (683898.1)
HR score 300000.0  617059.0  1140896.0  2155849.0  3158170.0  4789175.0  5036397.0  3488541.0  1514109.0
P4Approach5 3.78406081025 272444.6000  502515.4000  1206497.0000  2227221.0000  3291453.0000  4710347.0000  5067119.0000  3365277.0000  1393853.0000
 - (143964.5)  (143391.6)  (165523.6)  (142794.6)  (142830.1)  (142719.1)  (163473.0)  (145542.4)  (145292.6)
P4Approach2 2.85704962824 295019.4000  524492.7000  1164880.0000  2115618.0000  3067368.0000  4476766.0000  4788659.0000  3378079.0000  1491112.0000
 - (143964.5)  (143391.6)  (165523.6)  (142794.6)  (142830.1)  (142719.1)  (163473.0)  (145542.4)  (145292.6)
P4Approach4 2.65565409039 261025.6000  492264.0000  1151681.0000  2142072.0000  3061783.0000  4432822.0000  4869910.0000  3346456.0000  1491112.0000
 - (143964.5)  (143391.6)  (165523.6)  (142794.6)  (142830.1)  (142719.1)  (163473.0)  (145542.4)  (145292.6)
P4Approach3 1.9239378448 266866.6000  496652.4000  1254713.0000  2325596.0000  3518331.0000  4965900.0000  5304953.0000  3368286.0000  1296595.0000
 - (143964.5)  (143391.6)  (165523.6)  (142794.6)  (142830.1)  (142719.1)  (163473.0)  (145542.4)  (145292.6)
P4Approach1 1.9239378448 266866.6000  496652.4000  1254713.0000  2325596.0000  3518331.0000  4965900.0000  5304953.0000  3368286.0000  1296595.0000
 - (143964.5)  (143391.6)  (165523.6)  (142794.6)  (142830.1)  (142719.1)  (163473.0)  (145542.4)  (145292.6)
HU score 1256719.0  1586460.0  1608262.0  1898689.0  2010825.0  2866157.0  3048487.0  2043412.0  1929751.0
P4Approach9 4.73033809443 1191106.0000  1442616.0000  1691899.0000  1815242.0000  2007883.0000  2679180.0000  2953507.0000  2020119.0000  1969329.0000
 - (91896.32)  (91546.18)  (91227.4)  (93292.65)  (91320.67)  (93193.21)  (92846.43)  (93423.72)  (95189.94)
P4Approach4 4.73033809443 1191106.0000  1442616.0000  1691899.0000  1815242.0000  2007883.0000  2679180.0000  2953507.0000  2020119.0000  1969329.0000
 - (91896.32)  (91546.18)  (91227.4)  (93292.65)  (91320.67)  (93193.21)  (92846.43)  (93423.72)  (95189.94)
P4Approach2 4.65510753346 1180118.0000  1451163.0000  1677705.0000  1781914.0000  2006676.0000  2683341.0000  2953507.0000  2020119.0000  1969329.0000
 - (91896.32)  (91546.18)  (91227.4)  (93292.65)  (91320.67)  (93193.21)  (92846.43)  (93423.72)  (95189.94)
P4Approach7 4.65510753346 1180118.0000  1451163.0000  1677705.0000  1781914.0000  2006676.0000  2683341.0000  2953507.0000  2020119.0000  1969329.0000
 - (91896.32)  (91546.18)  (91227.4)  (93292.65)  (91320.67)  (93193.21)  (92846.43)  (93423.72)  (95189.94)
P4Approach5 3.69882791259 1195214.0000  1459617.0000  1686816.0000  1825986.0000  1988310.0000  2624276.0000  2876643.0000  2003909.0000  1965205.0000
 - (91896.32)  (91546.18)  (91227.4)  (93292.65)  (91320.67)  (93193.21)  (92846.43)  (93423.72)  (95189.94)
P4Approach10 3.69882791259 1195214.0000  1459617.0000  1686816.0000  1825986.0000  1988310.0000  2624276.0000  2876643.0000  2003909.0000  1965205.0000
 - (91896.32)  (91546.18)  (91227.4)  (93292.65)  (91320.67)  (93193.21)  (92846.43)  (93423.72)  (95189.94)
P4Approach1 2.56995100703 1210706.0000  1477349.0000  1692800.0000  1858812.0000  1969340.0000  2567292.0000  2799779.0000  1993648.0000  1961271.0000
 - (91896.32)  (91546.18)  (91227.4)  (93292.65)  (91320.67)  (93193.21)  (92846.43)  (93423.72)  (95189.94)
P4Approach6 2.56995100703 1210706.0000  1477349.0000  1692800.0000  1858812.0000  1969340.0000  2567292.0000  2799779.0000  1993648.0000  1961271.0000
 - (91896.32)  (91546.18)  (91227.4)  (93292.65)  (91320.67)  (93193.21)  (92846.43)  (93423.72)  (95189.94)
P4Approach8 2.48676026775 1198927.0000  1467338.0000  1684859.0000  1847977.0000  1969340.0000  2567292.0000  2799779.0000  1981751.0000  1960892.0000
 - (91896.32)  (91546.18)  (91227.4)  (93292.65)  (91320.67)  (93193.21)  (92846.43)  (93423.72)  (95189.94)
P4Approach3 2.48676026775 1198927.0000  1467338.0000  1684859.0000  1847977.0000  1969340.0000  2567292.0000  2799779.0000  1981751.0000  1960892.0000
 - (91896.32)  (91546.18)  (91227.4)  (93292.65)  (91320.67)  (93193.21)  (92846.43)  (93423.72)  (95189.94)
IT score 13618342.0  16993390.0  15498758.0  19757396.0  28725815.0  41800571.0  46979912.0  29192031.0
P4Approach2 4.48636612662 13606997.0000  15155797.0000  17143500.0000  21305631.0000  29467604.0000  40911731.0000  46277096.0000  28660569.0000
 - (928023.0)  (920274.4)  (820055.5)  (817154.9)  (852891.8)  (1075982.0)  (955539.5)  (879658.2)
P4Approach4 4.28828993961 13585054.0000  15132887.0000  17181891.0000  21321427.0000  29755721.0000  40952006.0000  46310411.0000  28833518.0000
 - (928023.0)  (920274.4)  (820055.5)  (817154.9)  (852891.8)  (1075982.0)  (955539.5)  (879658.2)
P4Approach5 4.11753355602 13441037.0000  15270958.0000  17368087.0000  21208808.0000  29991436.0000  41233000.0000  46601351.0000  28384668.0000
 - (928023.0)  (920274.4)  (820055.5)  (817154.9)  (852891.8)  (1075982.0)  (955539.5)  (879658.2)
P4Approach3 3.54298061161 13286049.0000  15397574.0000  17573478.0000  21104088.0000  30371210.0000  41534131.0000  46908949.0000  28022293.0000
 - (928023.0)  (920274.4)  (820055.5)  (817154.9)  (852891.8)  (1075982.0)  (955539.5)  (879658.2)
P4Approach1 3.54298061161 13286049.0000  15397574.0000  17573478.0000  21104088.0000  30371210.0000  41534131.0000  46908949.0000  28022293.0000
 - (928023.0)  (920274.4)  (820055.5)  (817154.9)  (852891.8)  (1075982.0)  (955539.5)  (879658.2)
LT score 201061.0  256137.0  265689.0  362568.0  396933.0  454372.0  469785.0  354404.0
P4Approach5 5.17908636361 201518.2000  242659.3000  271508.2000  357125.5000  408767.8000  471922.6000  475452.5000  340331.7000
 - (18212.46)  (18218.36)  (24303.2)  (24213.23)  (24177.05)  (24115.31)  (31481.71)  (18487.93)
P4Approach10 5.17908636361 201518.2000  242659.3000  271508.2000  357125.5000  408767.8000  471922.6000  475452.5000  340331.7000
 - (18212.46)  (18218.36)  (24303.2)  (24213.23)  (24177.05)  (24115.31)  (31481.71)  (18487.93)
P4Approach9 5.08282651747 199201.4000  236915.6000  264148.2000  350414.9000  388458.6000  454501.4000  460149.5000  343427.2000
 - (18212.46)  (18218.36)  (24303.2)  (24213.23)  (24177.05)  (24115.31)  (31481.71)  (18487.93)
P4Approach4 5.08282651747 199201.4000  236915.6000  264148.2000  350414.9000  388458.6000  454501.4000  460149.5000  343427.2000
 - (18212.46)  (18218.36)  (24303.2)  (24213.23)  (24177.05)  (24115.31)  (31481.71)  (18487.93)
P4Approach2 4.99957977856 196705.6000  234832.2000  262004.5000  351025.1000  387760.8000  455318.7000  461526.7000  344608.7000
 - (18212.46)  (18218.36)  (24303.2)  (24213.23)  (24177.05)  (24115.31)  (31481.71)  (18487.93)
P4Approach7 4.99957977856 196705.6000  234832.2000  262004.5000  351025.1000  387760.8000  455318.7000  461526.7000  344608.7000
 - (18212.46)  (18218.36)  (24303.2)  (24213.23)  (24177.05)  (24115.31)  (31481.71)  (18487.93)
P4Approach1 4.21919093548 203460.0000  249444.7000  279940.0000  363531.0000  429426.0000  488935.2000  490066.8000  336645.4000
 - (18212.46)  (18218.36)  (24303.2)  (24213.23)  (24177.05)  (24115.31)  (31481.71)  (18487.93)
P4Approach6 4.21919093548 203460.0000  249444.7000  279940.0000  363531.0000  429426.0000  488935.2000  490066.8000  336645.4000
 - (18212.46)  (18218.36)  (24303.2)  (24213.23)  (24177.05)  (24115.31)  (31481.71)  (18487.93)
P4Approach8 4.20679982006 206705.8000  249444.7000  279940.0000  363531.0000  429426.0000  488935.2000  490066.8000  336645.4000
 - (18212.46)  (18218.36)  (24303.2)  (24213.23)  (24177.05)  (24115.31)  (31481.71)  (18487.93)
P4Approach3 4.20679982006 206705.8000  249444.7000  279940.0000  363531.0000  429426.0000  488935.2000  490066.8000  336645.4000
 - (18212.46)  (18218.36)  (24303.2)  (24213.23)  (24177.05)  (24115.31)  (31481.71)  (18487.93)
LV score 185350.0  226913.0  254305.0  320485.0  368126.0  455551.0  452130.0  314523.0  281973.0
P4Approach8 5.19186592282 187409.3000  213861.3000  243891.5000  305392.1000  356886.0000  466480.5000  445515.5000  306027.1000  273745.8000
 - (19670.39)  (19589.29)  (19512.3)  (21850.95)  (19416.62)  (21709.73)  (21661.03)  (19270.82)  (19195.65)
P4Approach3 5.19186592282 187409.3000  213861.3000  243891.5000  305392.1000  356886.0000  466480.5000  445515.5000  306027.1000  273745.8000
 - (19670.39)  (19589.29)  (19512.3)  (21850.95)  (19416.62)  (21709.73)  (21661.03)  (19270.82)  (19195.65)
P4Approach1 5.15968487958 189027.3000  213077.3000  242842.8000  305257.8000  357569.5000  466868.0000  448001.8000  305690.2000  272979.7000
 - (19670.39)  (19589.29)  (19512.3)  (21850.95)  (19416.62)  (21709.73)  (21661.03)  (19270.82)  (19195.65)
P4Approach6 5.15968487958 189027.3000  213077.3000  242842.8000  305257.8000  357569.5000  466868.0000  448001.8000  305690.2000  272979.7000
 - (19670.39)  (19589.29)  (19512.3)  (21850.95)  (19416.62)  (21709.73)  (21661.03)  (19270.82)  (19195.65)
P4Approach5 4.85001036329 188222.2000  209155.2000  241712.9000  303043.3000  352279.6000  454092.2000  434334.7000  307563.1000  282058.0000
 - (19670.39)  (19589.29)  (19512.3)  (21850.95)  (19416.62)  (21709.73)  (21661.03)  (19270.82)  (19195.65)
P4Approach10 4.85001036329 188222.2000  209155.2000  241712.9000  303043.3000  352279.6000  454092.2000  434334.7000  307563.1000  282058.0000
 - (19670.39)  (19589.29)  (19512.3)  (21850.95)  (19416.62)  (21709.73)  (21661.03)  (19270.82)  (19195.65)
P4Approach9 4.13457639277 188226.0000  204841.1000  240058.6000  300761.6000  348615.3000  443114.9000  422571.5000  307899.4000  289313.8000
 - (19670.39)  (19589.29)  (19512.3)  (21850.95)  (19416.62)  (21709.73)  (21661.03)  (19270.82)  (19195.65)
P4Approach4 4.13457639277 188226.0000  204841.1000  240058.6000  300761.6000  348615.3000  443114.9000  422571.5000  307899.4000  289313.8000
 - (19670.39)  (19589.29)  (19512.3)  (21850.95)  (19416.62)  (21709.73)  (21661.03)  (19270.82)  (19195.65)
P4Approach2 3.97630531773 188226.0000  204841.1000  240058.6000  300761.6000  346047.5000  439905.3000  421250.1000  310635.5000  292192.9000
 - (19670.39)  (19589.29)  (19512.3)  (21850.95)  (19416.62)  (21709.73)  (21661.03)  (19270.82)  (19195.65)
P4Approach7 3.97630531773 188226.0000  204841.1000  240058.6000  300761.6000  346047.5000  439905.3000  421250.1000  310635.5000  292192.9000
 - (19670.39)  (19589.29)  (19512.3)  (21850.95)  (19416.62)  (21709.73)  (21661.03)  (19270.82)  (19195.65)
MT score 471496.0  619144.0  714551.0  800319.0  848232.0  994285.0  619144.0  867610.0
P4Approach9 0.0166374528368 455615.3000  556209.1000  698423.2000  793377.2000  892485.0000  1045546.0000  1086054.0000  874862.0000
 - (44606.05)  (44570.17)  (48638.33)  (48463.24)  (48247.72)  (48052.17)  (48893.0)  (48096.28)
P4Approach4 0.0166374528368 455615.3000  556209.1000  698423.2000  793377.2000  892485.0000  1045546.0000  1086054.0000  874862.0000
 - (44606.05)  (44570.17)  (48638.33)  (48463.24)  (48247.72)  (48052.17)  (48893.0)  (48096.28)
P4Approach2 0.0114356412652 464798.3000  566029.4000  709293.7000  800301.8000  902780.4000  1059019.0000  1100613.0000  886428.2000
 - (44606.05)  (44570.17)  (48638.33)  (48463.24)  (48247.72)  (48052.17)  (48893.0)  (48096.28)
P4Approach7 0.0114356412652 464798.3000  566029.4000  709293.7000  800301.8000  902780.4000  1059019.0000  1100613.0000  886428.2000
 - (44606.05)  (44570.17)  (48638.33)  (48463.24)  (48247.72)  (48052.17)  (48893.0)  (48096.28)
P4Approach5 0.00218701938057 463595.5000  572251.0000  704584.7000  798176.4000  908393.5000  1101752.0000  1155058.0000  900787.4000
 - (44606.05)  (44570.17)  (48638.33)  (48463.24)  (48247.72)  (48052.17)  (48893.0)  (48096.28)
P4Approach10 0.00218701938057 463595.5000  572251.0000  704584.7000  798176.4000  908393.5000  1101752.0000  1155058.0000  900787.4000
 - (44606.05)  (44570.17)  (48638.33)  (48463.24)  (48247.72)  (48052.17)  (48893.0)  (48096.28)
P4Approach8 0.0002380967904 466984.1000  583382.9000  705311.0000  799513.4000  919154.3000  1151222.0000  1216781.0000  920929.7000
 - (44606.05)  (44570.17)  (48638.33)  (48463.24)  (48247.72)  (48052.17)  (48893.0)  (48096.28)
P4Approach3 0.0002380967904 466984.1000  583382.9000  705311.0000  799513.4000  919154.3000  1151222.0000  1216781.0000  920929.7000
 - (44606.05)  (44570.17)  (48638.33)  (48463.24)  (48247.72)  (48052.17)  (48893.0)  (48096.28)
P4Approach1 0.0002380967904 466984.1000  583382.9000  705311.0000  799513.4000  919154.3000  1151222.0000  1216781.0000  920929.7000
 - (44606.05)  (44570.17)  (48638.33)  (48463.24)  (48247.72)  (48052.17)  (48893.0)  (48096.28)
P4Approach6 0.0002380967904 466984.1000  583382.9000  705311.0000  799513.4000  919154.3000  1151222.0000  1216781.0000  920929.7000
 - (44606.05)  (44570.17)  (48638.33)  (48463.24)  (48247.72)  (48052.17)  (48893.0)  (48096.28)
NL score 2857549.0  3486976.0  3838125.0  4183170.0  3906872.0  4479007.0  4740631.0  4011172.0  4003692.0
P4Approach9 6.21497789355 2673265.0000  3187266.0000  3934606.0000  4185491.0000  4102179.0000  4365076.0000  4704568.0000  3981774.0000  3897131.0000
 - (166169.2)  (165888.2)  (165226.9)  (186991.4)  (166070.3)  (165591.7)  (185915.2)  (140422.6)  (141248.1)
P4Approach4 6.21497789355 2673265.0000  3187266.0000  3934606.0000  4185491.0000  4102179.0000  4365076.0000  4704568.0000  3981774.0000  3897131.0000
 - (166169.2)  (165888.2)  (165226.9)  (186991.4)  (166070.3)  (165591.7)  (185915.2)  (140422.6)  (141248.1)
P4Approach2 6.01763900211 2666063.0000  3182036.0000  3937495.0000  4185006.0000  4123077.0000  4357594.0000  4694254.0000  3979425.0000  3903284.0000
 - (166169.2)  (165888.2)  (165226.9)  (186991.4)  (166070.3)  (165591.7)  (185915.2)  (140422.6)  (141248.1)
P4Approach7 6.01763900211 2666063.0000  3182036.0000  3937495.0000  4185006.0000  4123077.0000  4357594.0000  4694254.0000  3979425.0000  3903284.0000
 - (166169.2)  (165888.2)  (165226.9)  (186991.4)  (166070.3)  (165591.7)  (185915.2)  (140422.6)  (141248.1)
P4Approach5 5.825282908 2727684.0000  3178718.0000  3940799.0000  4144880.0000  4043271.0000  4269548.0000  4569696.0000  3943583.0000  3900470.0000
 - (166169.2)  (165888.2)  (165226.9)  (186991.4)  (166070.3)  (165591.7)  (185915.2)  (140422.6)  (141248.1)
P4Approach10 5.825282908 2727684.0000  3178718.0000  3940799.0000  4144880.0000  4043271.0000  4269548.0000  4569696.0000  3943583.0000  3900470.0000
 - (166169.2)  (165888.2)  (165226.9)  (186991.4)  (166070.3)  (165591.7)  (185915.2)  (140422.6)  (141248.1)
P4Approach8 4.84859809331 2785704.0000  3172785.0000  3945547.0000  4104511.0000  3973914.0000  4177761.0000  4439982.0000  3906566.0000  3900733.0000
 - (166169.2)  (165888.2)  (165226.9)  (186991.4)  (166070.3)  (165591.7)  (185915.2)  (140422.6)  (141248.1)
P4Approach3 4.84859809331 2785704.0000  3172785.0000  3945547.0000  4104511.0000  3973914.0000  4177761.0000  4439982.0000  3906566.0000  3900733.0000
 - (166169.2)  (165888.2)  (165226.9)  (186991.4)  (166070.3)  (165591.7)  (185915.2)  (140422.6)  (141248.1)
P4Approach1 4.84859809331 2785704.0000  3172785.0000  3945547.0000  4104511.0000  3973914.0000  4177761.0000  4439982.0000  3906566.0000  3900733.0000
 - (166169.2)  (165888.2)  (165226.9)  (186991.4)  (166070.3)  (165591.7)  (185915.2)  (140422.6)  (141248.1)
P4Approach6 4.84859809331 2785704.0000  3172785.0000  3945547.0000  4104511.0000  3973914.0000  4177761.0000  4439982.0000  3906566.0000  3900733.0000
 - (166169.2)  (165888.2)  (165226.9)  (186991.4)  (166070.3)  (165591.7)  (185915.2)  (140422.6)  (141248.1)
PL score 2888304.0  2847398.0  3169453.0  3716536.0  4170414.0  5021976.0  5194227.0  4277860.0  3762751.0
P4Approach9 1.41210380599 2733135.0000  2894005.0000  3106596.0000  3700457.0000  3935809.0000  4562554.0000  4717623.0000  4331653.0000  4102532.0000
 - (122453.8)  (122083.0)  (122776.9)  (122625.4)  (122225.8)  (129130.4)  (132394.1)  (128950.8)  (131353.3)
P4Approach4 1.41210380599 2733135.0000  2894005.0000  3106596.0000  3700457.0000  3935809.0000  4562554.0000  4717623.0000  4331653.0000  4102532.0000
 - (122453.8)  (122083.0)  (122776.9)  (122625.4)  (122225.8)  (129130.4)  (132394.1)  (128950.8)  (131353.3)
P4Approach14 1.41210380599 2733135.0000  2894005.0000  3106596.0000  3700457.0000  3935809.0000  4562554.0000  4717623.0000  4331653.0000  4102532.0000
 - (122453.8)  (122083.0)  (122776.9)  (122625.4)  (122225.8)  (129130.4)  (132394.1)  (128950.8)  (131353.3)
P4Approach2 1.3274667004 2733135.0000  2899953.0000  3106287.0000  3710368.0000  3942711.0000  4564007.0000  4724848.0000  4376133.0000  4136742.0000
 - (122453.8)  (122083.0)  (122776.9)  (122625.4)  (122225.8)  (129130.4)  (132394.1)  (128950.8)  (131353.3)
P4Approach7 1.3274667004 2733135.0000  2899953.0000  3106287.0000  3710368.0000  3942711.0000  4564007.0000  4724848.0000  4376133.0000  4136742.0000
 - (122453.8)  (122083.0)  (122776.9)  (122625.4)  (122225.8)  (129130.4)  (132394.1)  (128950.8)  (131353.3)
P4Approach12 1.3274667004 2733135.0000  2899953.0000  3106287.0000  3710368.0000  3942711.0000  4564007.0000  4724848.0000  4376133.0000  4136742.0000
 - (122453.8)  (122083.0)  (122776.9)  (122625.4)  (122225.8)  (129130.4)  (132394.1)  (128950.8)  (131353.3)
P4Approach5 0.929937917796 2710445.0000  2921017.0000  3154692.0000  3786090.0000  3977738.0000  4528046.0000  4657903.0000  4443195.0000  4131020.0000
 - (122453.8)  (122083.0)  (122776.9)  (122625.4)  (122225.8)  (129130.4)  (132394.1)  (128950.8)  (131353.3)
P4Approach15 0.929937917796 2710445.0000  2921017.0000  3154692.0000  3786090.0000  3977738.0000  4528046.0000  4657903.0000  4443195.0000  4131020.0000
 - (122453.8)  (122083.0)  (122776.9)  (122625.4)  (122225.8)  (129130.4)  (132394.1)  (128950.8)  (131353.3)
P4Approach10 0.929937917796 2710445.0000  2921017.0000  3154692.0000  3786090.0000  3977738.0000  4528046.0000  4657903.0000  4443195.0000  4131020.0000
 - (122453.8)  (122083.0)  (122776.9)  (122625.4)  (122225.8)  (129130.4)  (132394.1)  (128950.8)  (131353.3)
P4Approach8 0.557690870659 2696642.0000  2961252.0000  3202942.0000  3896462.0000  4027239.0000  4513622.0000  4594571.0000  4532497.0000  4142403.0000
 - (122453.8)  (122083.0)  (122776.9)  (122625.4)  (122225.8)  (129130.4)  (132394.1)  (128950.8)  (131353.3)
P4Approach3 0.557690870659 2696642.0000  2961252.0000  3202942.0000  3896462.0000  4027239.0000  4513622.0000  4594571.0000  4532497.0000  4142403.0000
 - (122453.8)  (122083.0)  (122776.9)  (122625.4)  (122225.8)  (129130.4)  (132394.1)  (128950.8)  (131353.3)
P4Approach13 0.557690870659 2696642.0000  2961252.0000  3202942.0000  3896462.0000  4027239.0000  4513622.0000  4594571.0000  4532497.0000  4142403.0000
 - (122453.8)  (122083.0)  (122776.9)  (122625.4)  (122225.8)  (129130.4)  (132394.1)  (128950.8)  (131353.3)
P4Approach1 0.497487220957 2678870.0000  2928858.0000  3202942.0000  3837071.0000  4005193.0000  4472003.0000  4594571.0000  4532497.0000  4142403.0000
 - (122453.8)  (122083.0)  (122776.9)  (122625.4)  (122225.8)  (129130.4)  (132394.1)  (128950.8)  (131353.3)
P4Approach6 0.497487220957 2678870.0000  2928858.0000  3202942.0000  3837071.0000  4005193.0000  4472003.0000  4594571.0000  4532497.0000  4142403.0000
 - (122453.8)  (122083.0)  (122776.9)  (122625.4)  (122225.8)  (129130.4)  (132394.1)  (128950.8)  (131353.3)
P4Approach11 0.497487220957 2678870.0000  2928858.0000  3202942.0000  3837071.0000  4005193.0000  4472003.0000  4594571.0000  4532497.0000  4142403.0000
 - (122453.8)  (122083.0)  (122776.9)  (122625.4)  (122225.8)  (129130.4)  (132394.1)  (128950.8)  (131353.3)
PT score 2564937.0  3651846.0  4118761.0  5045301.0  5496303.0  6517808.0  7504235.0  5925288.0  5016674.0
P4Approach2 3.93891431924 2405071.0000  3121815.0000  4050422.0000  4740206.0000  5203777.0000  6242771.0000  7507798.0000  5928750.0000  4688278.0000
 - (401462.8)  (341157.0)  (340484.7)  (396442.2)  (272399.0)  (339189.4)  (338743.7)  (275543.5)  (276430.4)
P4Approach5 3.62523853105 2542326.0000  3269290.0000  4251507.0000  4944557.0000  5042977.0000  6022376.0000  7447907.0000  5990050.0000  4656388.0000
 - (401462.8)  (341157.0)  (340484.7)  (396442.2)  (272399.0)  (339189.4)  (338743.7)  (275543.5)  (276430.4)
P4Approach4 3.61429601295 2391497.0000  3098101.0000  3986661.0000  4662306.0000  5159327.0000  6185883.0000  7409791.0000  5938836.0000  4694874.0000
 - (401462.8)  (341157.0)  (340484.7)  (396442.2)  (272399.0)  (339189.4)  (338743.7)  (275543.5)  (276430.4)
P4Approach3 2.81577276985 2686368.0000  3428621.0000  4484473.0000  5187859.0000  4904402.0000  5830424.0000  7333600.0000  5944082.0000  4621199.0000
 - (401462.8)  (341157.0)  (340484.7)  (396442.2)  (272399.0)  (339189.4)  (338743.7)  (275543.5)  (276430.4)
P4Approach1 2.77135983152 2686368.0000  3428621.0000  4484473.0000  5187859.0000  4904402.0000  5830424.0000  7540437.0000  6148531.0000  4621199.0000
 - (401462.8)  (341157.0)  (340484.7)  (396442.2)  (272399.0)  (339189.4)  (338743.7)  (275543.5)  (276430.4)
RO score 1031352.0  1041265.0  1236801.0  1622340.0  2056318.0  3266376.0  3623845.0  2198796.0  1674559.0
P4Approach4 0.00997126546431 953336.6000  1043997.0000  1162986.0000  1577761.0000  1991757.0000  2810102.0000  2104388.0000  1802898.0000  1602202.0000
 - (161551.2)  (165644.1)  (165098.3)  (156239.1)  (163966.5)  (155133.3)  (158470.4)  (159207.6)  (154401.3)
P4Approach5 0.00830148914099 968368.3000  1082083.0000  1195648.0000  1637750.0000  2065334.0000  2969101.0000  2053626.0000  1734923.0000  1558704.0000
 - (161551.2)  (165644.1)  (165098.3)  (156239.1)  (163966.5)  (155133.3)  (158470.4)  (159207.6)  (154401.3)
P4Approach2 0.00817916891358 976259.5000  1076037.0000  1174551.0000  1579263.0000  1996741.0000  2849893.0000  2067245.0000  1781271.0000  1598491.0000
 - (161551.2)  (165644.1)  (165098.3)  (156239.1)  (163966.5)  (155133.3)  (158470.4)  (159207.6)  (154401.3)
P4Approach3 0.00649060310525 971938.5000  1104148.0000  1222528.0000  1696988.0000  2136419.0000  3108205.0000  2021435.0000  1677760.0000  1517062.0000
 - (161551.2)  (165644.1)  (165098.3)  (156239.1)  (163966.5)  (155133.3)  (158470.4)  (159207.6)  (154401.3)
P4Approach1 0.00649060310525 971938.5000  1104148.0000  1222528.0000  1696988.0000  2136419.0000  3108205.0000  2021435.0000  1677760.0000  1517062.0000
 - (161551.2)  (165644.1)  (165098.3)  (156239.1)  (163966.5)  (155133.3)  (158470.4)  (159207.6)  (154401.3)
SE score 2331981.0  2533989.0  2645195.0  3020768.0  3212287.0  4667708.0  3956678.0  3126247.0  2947385.0
P4Approach5 8.39804423522 2300663.0000  2568990.0000  2494854.0000  3075237.0000  3324635.0000  4662643.0000  3856208.0000  3047669.0000  2977648.0000
 - (114102.7)  (113686.3)  (113361.2)  (113016.6)  (113177.2)  (113005.1)  (120160.4)  (119743.7)  (112532.3)
P4Approach10 8.39804423522 2300663.0000  2568990.0000  2494854.0000  3075237.0000  3324635.0000  4662643.0000  3856208.0000  3047669.0000  2977648.0000
 - (114102.7)  (113686.3)  (113361.2)  (113016.6)  (113177.2)  (113005.1)  (120160.4)  (119743.7)  (112532.3)
P4Approach2 8.37783115974 2354985.0000  2583241.0000  2512031.0000  3070381.0000  3341803.0000  4667417.0000  3852641.0000  3072737.0000  3023719.0000
 - (114102.7)  (113686.3)  (113361.2)  (113016.6)  (113177.2)  (113005.1)  (120160.4)  (119743.7)  (112532.3)
P4Approach7 8.37783115974 2354985.0000  2583241.0000  2512031.0000  3070381.0000  3341803.0000  4667417.0000  3852641.0000  3072737.0000  3023719.0000
 - (114102.7)  (113686.3)  (113361.2)  (113016.6)  (113177.2)  (113005.1)  (120160.4)  (119743.7)  (112532.3)
P4Approach9 8.23777180848 2363459.0000  2565224.0000  2495074.0000  3066324.0000  3335092.0000  4646931.0000  3849925.0000  3066626.0000  3024239.0000
 - (114102.7)  (113686.3)  (113361.2)  (113016.6)  (113177.2)  (113005.1)  (120160.4)  (119743.7)  (112532.3)
P4Approach4 8.23777180848 2363459.0000  2565224.0000  2495074.0000  3066324.0000  3335092.0000  4646931.0000  3849925.0000  3066626.0000  3024239.0000
 - (114102.7)  (113686.3)  (113361.2)  (113016.6)  (113177.2)  (113005.1)  (120160.4)  (119743.7)  (112532.3)
P4Approach1 8.03062447499 2242104.0000  2563748.0000  2486156.0000  3082122.0000  3310821.0000  4668111.0000  3861133.0000  3025658.0000  2938816.0000
 - (114102.7)  (113686.3)  (113361.2)  (113016.6)  (113177.2)  (113005.1)  (120160.4)  (119743.7)  (112532.3)
P4Approach6 8.03062447499 2242104.0000  2563748.0000  2486156.0000  3082122.0000  3310821.0000  4668111.0000  3861133.0000  3025658.0000  2938816.0000
 - (114102.7)  (113686.3)  (113361.2)  (113016.6)  (113177.2)  (113005.1)  (120160.4)  (119743.7)  (112532.3)
P4Approach8 8.00910364938 2242104.0000  2563748.0000  2486156.0000  3082122.0000  3310821.0000  4668111.0000  3861133.0000  3025658.0000  2923816.0000
 - (114102.7)  (113686.3)  (113361.2)  (113016.6)  (113177.2)  (113005.1)  (120160.4)  (119743.7)  (112532.3)
P4Approach3 8.00910364938 2242104.0000  2563748.0000  2486156.0000  3082122.0000  3310821.0000  4668111.0000  3861133.0000  3025658.0000  2923816.0000
 - (114102.7)  (113686.3)  (113361.2)  (113016.6)  (113177.2)  (113005.1)  (120160.4)  (119743.7)  (112532.3)
SI score 461157.0  479117.0  476968.0  560197.0  644661.0  860367.0  973151.0  680032.0
P4Approach1 5.26680122995 415219.3000  472554.2000  505930.3000  571882.8000  661051.5000  815763.4000  951638.2000  693847.7000
 - (33473.94)  (33476.06)  (33290.47)  (31182.55)  (33276.26)  (33323.4)  (33141.25)  (33713.08)
P4Approach6 5.26680122995 415219.3000  472554.2000  505930.3000  571882.8000  661051.5000  815763.4000  951638.2000  693847.7000
 - (33473.94)  (33476.06)  (33290.47)  (31182.55)  (33276.26)  (33323.4)  (33141.25)  (33713.08)
P4Approach8 5.05155647443 415219.3000  472377.8000  512150.7000  576367.1000  661051.5000  815763.4000  951638.2000  701520.9000
 - (33473.94)  (33476.06)  (33290.47)  (31182.55)  (33276.26)  (33323.4)  (33141.25)  (33713.08)
P4Approach3 5.05155647443 415219.3000  472377.8000  512150.7000  576367.1000  661051.5000  815763.4000  951638.2000  701520.9000
 - (33473.94)  (33476.06)  (33290.47)  (31182.55)  (33276.26)  (33323.4)  (33141.25)  (33713.08)
P4Approach5 4.92647517287 419286.2000  457026.0000  500149.5000  568944.2000  655714.1000  805107.7000  942351.4000  674691.5000
 - (33473.94)  (33476.06)  (33290.47)  (31182.55)  (33276.26)  (33323.4)  (33141.25)  (33713.08)
P4Approach10 4.92647517287 419286.2000  457026.0000  500149.5000  568944.2000  655714.1000  805107.7000  942351.4000  674691.5000
 - (33473.94)  (33476.06)  (33290.47)  (31182.55)  (33276.26)  (33323.4)  (33141.25)  (33713.08)
P4Approach2 4.18778000172 422880.3000  441581.9000  491731.5000  564562.8000  649886.8000  796254.2000  933118.6000  651527.5000
 - (33473.94)  (33476.06)  (33290.47)  (31182.55)  (33276.26)  (33323.4)  (33141.25)  (33713.08)
P4Approach7 4.18778000172 422880.3000  441581.9000  491731.5000  564562.8000  649886.8000  796254.2000  933118.6000  651527.5000
 - (33473.94)  (33476.06)  (33290.47)  (31182.55)  (33276.26)  (33323.4)  (33141.25)  (33713.08)
P4Approach9 4.10009563349 423825.9000  441590.4000  490785.4000  562964.3000  650866.4000  792649.9000  933010.8000  651869.8000
 - (33473.94)  (33476.06)  (33290.47)  (31182.55)  (33276.26)  (33323.4)  (33141.25)  (33713.08)
P4Approach4 4.10009563349 423825.9000  441590.4000  490785.4000  562964.3000  650866.4000  792649.9000  933010.8000  651869.8000
 - (33473.94)  (33476.06)  (33290.47)  (31182.55)  (33276.26)  (33323.4)  (33141.25)  (33713.08)
SK score 759001.0  702215.0  638434.0  760334.0  837791.0  1116684.0  1168657.0  924913.0  811304.0
P4Approach8 4.65801502964 744663.7000  699068.3000  634446.7000  776104.3000  834807.7000  1004607.0000  1096219.0000  929535.2000  828915.2000
 - (32905.42)  (32776.68)  (32650.98)  (32518.12)  (32386.74)  (37104.16)  (40611.05)  (34255.69)  (34665.63)
P4Approach3 4.65801502964 744663.7000  699068.3000  634446.7000  776104.3000  834807.7000  1004607.0000  1096219.0000  929535.2000  828915.2000
 - (32905.42)  (32776.68)  (32650.98)  (32518.12)  (32386.74)  (37104.16)  (40611.05)  (34255.69)  (34665.63)
P4Approach1 4.59395447118 746414.7000  699068.3000  634446.7000  785082.3000  840083.9000  1005368.0000  1099536.0000  948310.1000  828915.2000
 - (32905.42)  (32776.68)  (32650.98)  (32518.12)  (32386.74)  (37104.16)  (40611.05)  (34255.69)  (34665.63)
P4Approach6 4.59395447118 746414.7000  699068.3000  634446.7000  785082.3000  840083.9000  1005368.0000  1099536.0000  948310.1000  828915.2000
 - (32905.42)  (32776.68)  (32650.98)  (32518.12)  (32386.74)  (37104.16)  (40611.05)  (34255.69)  (34665.63)
P4Approach5 1.97232914867 721742.8000  697016.5000  656502.6000  779421.6000  821086.1000  974884.3000  1067760.0000  983264.2000  867970.4000
 - (32905.42)  (32776.68)  (32650.98)  (32518.12)  (32386.74)  (37104.16)  (40611.05)  (34255.69)  (34665.63)
P4Approach10 1.97232914867 721742.8000  697016.5000  656502.6000  779421.6000  821086.1000  974884.3000  1067760.0000  983264.2000  867970.4000
 - (32905.42)  (32776.68)  (32650.98)  (32518.12)  (32386.74)  (37104.16)  (40611.05)  (34255.69)  (34665.63)
P4Approach2 0.484466493292 697946.4000  694964.7000  678558.5000  778249.9000  805630.4000  945278.2000  1037628.0000  1027606.0000  901800.5000
 - (32905.42)  (32776.68)  (32650.98)  (32518.12)  (32386.74)  (37104.16)  (40611.05)  (34255.69)  (34665.63)
P4Approach7 0.484466493292 697946.4000  694964.7000  678558.5000  778249.9000  805630.4000  945278.2000  1037628.0000  1027606.0000  901800.5000
 - (32905.42)  (32776.68)  (32650.98)  (32518.12)  (32386.74)  (37104.16)  (40611.05)  (34255.69)  (34665.63)
P4Approach9 0.433376054351 697946.4000  694964.7000  678558.5000  778249.9000  803822.2000  944284.1000  1037657.0000  1027606.0000  912250.7000
 - (32905.42)  (32776.68)  (32650.98)  (32518.12)  (32386.74)  (37104.16)  (40611.05)  (34255.69)  (34665.63)
P4Approach4 0.433376054351 697946.4000  694964.7000  678558.5000  778249.9000  803822.2000  944284.1000  1037657.0000  1027606.0000  912250.7000
 - (32905.42)  (32776.68)  (32650.98)  (32518.12)  (32386.74)  (37104.16)  (40611.05)  (34255.69)  (34665.63)
