AT score 11385155.0  13578525.0  12466646.0  5266850.0  7183131.0  8300971.0  14238871.0  16319834.0  9790662.0  6858899.0
P4Approach4 2.38192941343e-07 13008172.0000  10700885.0000  6322422.0000  6693696.0000  9102745.0000  13432998.0000  15672418.0000  9519601.0000  6740546.0000  4590073.0000
 - (809036.8)  (613259.2)  (612834.5)  (726435.4)  (738331.7)  (807934.7)  (812521.3)  (632581.8)  (634050.6)  (524411.8)
P4Approach2 1.44744112701e-07 13074017.0000  11061983.0000  5874298.0000  6696717.0000  8797593.0000  13498167.0000  15756328.0000  9537765.0000  6709847.0000  4578749.0000
 - (809036.8)  (613259.2)  (612834.5)  (726435.4)  (738331.7)  (807934.7)  (812521.3)  (632581.8)  (634050.6)  (524411.8)
P4Approach5 1.25200573539e-07 12988350.0000  10824430.0000  6126032.0000  6596885.0000  8922078.0000  13427417.0000  15666424.0000  9417607.0000  6573061.0000  4374356.0000
 - (809036.8)  (613259.2)  (612834.5)  (726435.4)  (738331.7)  (807934.7)  (812521.3)  (632581.8)  (634050.6)  (524411.8)
P4Approach1 8.23001771049e-08 12935606.0000  10767426.0000  6153703.0000  6498564.0000  8893987.0000  13389251.0000  15618475.0000  9306530.0000  6420926.0000  4181705.0000
 - (809036.8)  (613259.2)  (612834.5)  (726435.4)  (738331.7)  (807934.7)  (812521.3)  (632581.8)  (634050.6)  (524411.8)
P4Approach3 7.94739722813e-08 12935606.0000  10767426.0000  6153703.0000  6498564.0000  8893987.0000  13389251.0000  15618475.0000  9306530.0000  6420926.0000  4146895.0000
 - (809036.8)  (613259.2)  (612834.5)  (726435.4)  (738331.7)  (807934.7)  (812521.3)  (632581.8)  (634050.6)  (524411.8)
BE score 1366075.0  1431945.0  2250734.0  2486745.0  3058143.0  2692734.0  4615507.0  4745546.0  2852433.0
P4Approach8 1.12357184282e-06 1958978.0000  1969799.0000  3105186.0000  2887775.0000  2737639.0000  4597308.0000  4454147.0000  3000641.0000  2958102.0000
 - (187264.0)  (173046.7)  (167578.0)  (179266.0)  (172037.3)  (172107.0)  (187864.8)  (171844.8)  (172888.8)
P4Approach3 1.12357184282e-06 1958978.0000  1969799.0000  3105186.0000  2887775.0000  2737639.0000  4597308.0000  4454147.0000  3000641.0000  2958102.0000
 - (187264.0)  (173046.7)  (167578.0)  (179266.0)  (172037.3)  (172107.0)  (187864.8)  (171844.8)  (172888.8)
P4Approach1 1.12357184282e-06 1958978.0000  1969799.0000  3105186.0000  2887775.0000  2737639.0000  4597308.0000  4454147.0000  3000641.0000  2958102.0000
 - (187264.0)  (173046.7)  (167578.0)  (179266.0)  (172037.3)  (172107.0)  (187864.8)  (171844.8)  (172888.8)
P4Approach6 1.12357184282e-06 1958978.0000  1969799.0000  3105186.0000  2887775.0000  2737639.0000  4597308.0000  4454147.0000  3000641.0000  2958102.0000
 - (187264.0)  (173046.7)  (167578.0)  (179266.0)  (172037.3)  (172107.0)  (187864.8)  (171844.8)  (172888.8)
P4Approach18 1.12357184282e-06 1958978.0000  1969799.0000  3105186.0000  2887775.0000  2737639.0000  4597308.0000  4454147.0000  3000641.0000  2958102.0000
 - (187264.0)  (173046.7)  (167578.0)  (179266.0)  (172037.3)  (172107.0)  (187864.8)  (171844.8)  (172888.8)
P4Approach16 1.12357184282e-06 1958978.0000  1969799.0000  3105186.0000  2887775.0000  2737639.0000  4597308.0000  4454147.0000  3000641.0000  2958102.0000
 - (187264.0)  (173046.7)  (167578.0)  (179266.0)  (172037.3)  (172107.0)  (187864.8)  (171844.8)  (172888.8)
P4Approach13 1.12357184282e-06 1958978.0000  1969799.0000  3105186.0000  2887775.0000  2737639.0000  4597308.0000  4454147.0000  3000641.0000  2958102.0000
 - (187264.0)  (173046.7)  (167578.0)  (179266.0)  (172037.3)  (172107.0)  (187864.8)  (171844.8)  (172888.8)
P4Approach11 1.12357184282e-06 1958978.0000  1969799.0000  3105186.0000  2887775.0000  2737639.0000  4597308.0000  4454147.0000  3000641.0000  2958102.0000
 - (187264.0)  (173046.7)  (167578.0)  (179266.0)  (172037.3)  (172107.0)  (187864.8)  (171844.8)  (172888.8)
P4Approach20 2.81678514533e-07 2094725.0000  1934218.0000  3109967.0000  3198057.0000  2771701.0000  4771272.0000  4691558.0000  3100998.0000  2952151.0000
 - (187264.0)  (173046.7)  (167578.0)  (179266.0)  (172037.3)  (172107.0)  (187864.8)  (171844.8)  (172888.8)
P4Approach5 2.81678514533e-07 2094725.0000  1934218.0000  3109967.0000  3198057.0000  2771701.0000  4771272.0000  4691558.0000  3100998.0000  2952151.0000
 - (187264.0)  (173046.7)  (167578.0)  (179266.0)  (172037.3)  (172107.0)  (187864.8)  (171844.8)  (172888.8)
P4Approach15 2.81678514533e-07 2094725.0000  1934218.0000  3109967.0000  3198057.0000  2771701.0000  4771272.0000  4691558.0000  3100998.0000  2952151.0000
 - (187264.0)  (173046.7)  (167578.0)  (179266.0)  (172037.3)  (172107.0)  (187864.8)  (171844.8)  (172888.8)
P4Approach10 2.81678514533e-07 2094725.0000  1934218.0000  3109967.0000  3198057.0000  2771701.0000  4771272.0000  4691558.0000  3100998.0000  2952151.0000
 - (187264.0)  (173046.7)  (167578.0)  (179266.0)  (172037.3)  (172107.0)  (187864.8)  (171844.8)  (172888.8)
P4Approach2 1.37003799984e-07 2094942.0000  1856648.0000  3082165.0000  3486377.0000  2835430.0000  4891833.0000  4865062.0000  3253239.0000  2990929.0000
 - (187264.0)  (173046.7)  (167578.0)  (179266.0)  (172037.3)  (172107.0)  (187864.8)  (171844.8)  (172888.8)
P4Approach7 1.37003799984e-07 2094942.0000  1856648.0000  3082165.0000  3486377.0000  2835430.0000  4891833.0000  4865062.0000  3253239.0000  2990929.0000
 - (187264.0)  (173046.7)  (167578.0)  (179266.0)  (172037.3)  (172107.0)  (187864.8)  (171844.8)  (172888.8)
P4Approach17 1.37003799984e-07 2094942.0000  1856648.0000  3082165.0000  3486377.0000  2835430.0000  4891833.0000  4865062.0000  3253239.0000  2990929.0000
 - (187264.0)  (173046.7)  (167578.0)  (179266.0)  (172037.3)  (172107.0)  (187864.8)  (171844.8)  (172888.8)
P4Approach12 1.37003799984e-07 2094942.0000  1856648.0000  3082165.0000  3486377.0000  2835430.0000  4891833.0000  4865062.0000  3253239.0000  2990929.0000
 - (187264.0)  (173046.7)  (167578.0)  (179266.0)  (172037.3)  (172107.0)  (187864.8)  (171844.8)  (172888.8)
P4Approach9 7.50708747845e-09 2365999.0000  1940624.0000  3147332.0000  3530300.0000  2776095.0000  4998641.0000  4992875.0000  3149468.0000  2901472.0000
 - (187264.0)  (173046.7)  (167578.0)  (179266.0)  (172037.3)  (172107.0)  (187864.8)  (171844.8)  (172888.8)
P4Approach4 7.50708747845e-09 2365999.0000  1940624.0000  3147332.0000  3530300.0000  2776095.0000  4998641.0000  4992875.0000  3149468.0000  2901472.0000
 - (187264.0)  (173046.7)  (167578.0)  (179266.0)  (172037.3)  (172107.0)  (187864.8)  (171844.8)  (172888.8)
P4Approach19 7.50708747845e-09 2365999.0000  1940624.0000  3147332.0000  3530300.0000  2776095.0000  4998641.0000  4992875.0000  3149468.0000  2901472.0000
 - (187264.0)  (173046.7)  (167578.0)  (179266.0)  (172037.3)  (172107.0)  (187864.8)  (171844.8)  (172888.8)
P4Approach14 7.50708747845e-09 2365999.0000  1940624.0000  3147332.0000  3530300.0000  2776095.0000  4998641.0000  4992875.0000  3149468.0000  2901472.0000
 - (187264.0)  (173046.7)  (167578.0)  (179266.0)  (172037.3)  (172107.0)  (187864.8)  (171844.8)  (172888.8)
BG score 811748.0  903532.0  742183.0  814402.0  1350464.0  3583521.0  5734834.0  3073622.0  3073622.0  881781.0
P4Approach2 0.428089298211 771293.7000  694614.3000  789518.6000  1154331.0000  2847135.0000  4888648.0000  5259448.0000  2871985.0000  1009745.0000  928595.5000
 - (573036.8)  (570684.9)  (568653.5)  (730555.8)  (727655.0)  (724727.5)  (722300.4)  (559041.6)  (716899.1)  (543421.5)
P4Approach4 0.419187168654 768166.0000  703007.3000  791229.8000  1175339.0000  2938452.0000  4891595.0000  5247072.0000  2877231.0000  1009775.0000  952306.3000
 - (573036.8)  (570684.9)  (568653.5)  (730555.8)  (727655.0)  (724727.5)  (722300.4)  (559041.6)  (716899.1)  (543421.5)
P4Approach5 0.317311951407 720237.1000  690770.1000  834600.4000  1399979.0000  3357793.0000  5295407.0000  5355251.0000  2943709.0000  940736.1000  820040.6000
 - (573036.8)  (570684.9)  (568653.5)  (730555.8)  (727655.0)  (724727.5)  (722300.4)  (559041.6)  (716899.1)  (543421.5)
P4Approach1 0.214704088539 670361.8000  682729.3000  878826.7000  1635123.0000  3822791.0000  5700693.0000  5457241.0000  3012811.0000  871712.0000  703646.9000
 - (573036.8)  (570684.9)  (568653.5)  (730555.8)  (727655.0)  (724727.5)  (722300.4)  (559041.6)  (716899.1)  (543421.5)
P4Approach3 0.214382959744 671126.9000  682729.3000  878826.7000  1635123.0000  3822791.0000  5700693.0000  5457241.0000  3012811.0000  871712.0000  695613.7000
 - (573036.8)  (570684.9)  (568653.5)  (730555.8)  (727655.0)  (724727.5)  (722300.4)  (559041.6)  (716899.1)  (543421.5)
CY score 227187.0  299677.0  470931.0  877937.0  1726651.0  2030464.0  2294488.0  2335016.0  2016010.0
P4Approach3 0.588474660853 308913.2000  490613.9000  774919.5000  1420265.0000  1688384.0000  2105015.0000  2329752.0000  2074100.0000  1636285.0000
 - (128104.1)  (127569.8)  (162596.6)  (161927.2)  (158426.9)  (157954.6)  (187129.6)  (127684.9)  (128847.1)
P4Approach1 0.588474660853 308913.2000  490613.9000  774919.5000  1420265.0000  1688384.0000  2105015.0000  2329752.0000  2074100.0000  1636285.0000
 - (128104.1)  (127569.8)  (162596.6)  (161927.2)  (158426.9)  (157954.6)  (187129.6)  (127684.9)  (128847.1)
P4Approach5 0.355910251953 299102.9000  464158.7000  785563.7000  1517141.0000  1766407.0000  2140257.0000  2315539.0000  2019155.0000  1577656.0000
 - (128104.1)  (127569.8)  (162596.6)  (161927.2)  (158426.9)  (157954.6)  (187129.6)  (127684.9)  (128847.1)
P4Approach4 0.220217126285 293469.2000  435575.6000  793095.6000  1611606.0000  1837545.0000  2208156.0000  2327810.0000  1987161.0000  1548077.0000
 - (128104.1)  (127569.8)  (162596.6)  (161927.2)  (158426.9)  (157954.6)  (187129.6)  (127684.9)  (128847.1)
P4Approach2 0.161519385658 285116.0000  439831.3000  799320.1000  1616429.0000  1851314.0000  2142843.0000  2274843.0000  1941258.0000  1489977.0000
 - (128104.1)  (127569.8)  (162596.6)  (161927.2)  (158426.9)  (157954.6)  (187129.6)  (127684.9)  (128847.1)
CZ score 2654448.0  3138548.0  3484721.0  3235692.0  4163751.0  4294915.0  7130941.0  7003416.0  4558321.0  3796716.0
P4Approach2 1.26502124675e-07 3135505.0000  3270148.0000  3289610.0000  4135170.0000  4328276.0000  6730272.0000  6698809.0000  4611275.0000  3800395.0000  2994506.0000
 - (214667.6)  (198980.1)  (211870.1)  (211116.7)  (209893.4)  (196686.1)  (208777.9)  (196923.0)  (196796.3)  (213037.6)
P4Approach4 1.12184440044e-07 3056369.0000  3270148.0000  3289610.0000  4135170.0000  4328276.0000  6730272.0000  6698809.0000  4566073.0000  3846711.0000  2994506.0000
 - (214667.6)  (198980.1)  (211870.1)  (211116.7)  (209893.4)  (196686.1)  (208777.9)  (196923.0)  (196796.3)  (213037.6)
P4Approach5 2.86361886251e-08 3132903.0000  3302739.0000  3311258.0000  4118885.0000  4370723.0000  6823322.0000  6773371.0000  4496323.0000  3759952.0000  2908097.0000
 - (214667.6)  (198980.1)  (211870.1)  (211116.7)  (209893.4)  (196686.1)  (208777.9)  (196923.0)  (196796.3)  (213037.6)
P4Approach3 6.23670777687e-09 3169868.0000  3335329.0000  3332905.0000  4102600.0000  4413171.0000  6916372.0000  6847934.0000  4403972.0000  3696351.0000  2821689.0000
 - (214667.6)  (198980.1)  (211870.1)  (211116.7)  (209893.4)  (196686.1)  (208777.9)  (196923.0)  (196796.3)  (213037.6)
P4Approach1 6.23670777687e-09 3169868.0000  3335329.0000  3332905.0000  4102600.0000  4413171.0000  6916372.0000  6847934.0000  4403972.0000  3696351.0000  2821689.0000
 - (214667.6)  (198980.1)  (211870.1)  (211116.7)  (209893.4)  (196686.1)  (208777.9)  (196923.0)  (196796.3)  (213037.6)
DE score 19333712.0  21736454.0  26896100.0  27808370.0  38062981.0  36638069.0  47115398.0  48494358.0  39741272.0
P4Approach8 0.0441881323856 22830595.0000  24603944.0000  28062146.0000  35069139.0000  37621957.0000  44229337.0000  47023033.0000  39662839.0000  35726172.0000
 - (1421325.0)  (1427412.0)  (1424832.0)  (1658939.0)  (1656496.0)  (1649922.0)  (1665402.0)  (1427357.0)  (1674321.0)
P4Approach3 0.0441881323856 22830595.0000  24603944.0000  28062146.0000  35069139.0000  37621957.0000  44229337.0000  47023033.0000  39662839.0000  35726172.0000
 - (1421325.0)  (1427412.0)  (1424832.0)  (1658939.0)  (1656496.0)  (1649922.0)  (1665402.0)  (1427357.0)  (1674321.0)
P4Approach1 0.0441881323856 22830595.0000  24603944.0000  28062146.0000  35069139.0000  37621957.0000  44229337.0000  47023033.0000  39662839.0000  35726172.0000
 - (1421325.0)  (1427412.0)  (1424832.0)  (1658939.0)  (1656496.0)  (1649922.0)  (1665402.0)  (1427357.0)  (1674321.0)
P4Approach6 0.0441881323856 22830595.0000  24603944.0000  28062146.0000  35069139.0000  37621957.0000  44229337.0000  47023033.0000  39662839.0000  35726172.0000
 - (1421325.0)  (1427412.0)  (1424832.0)  (1658939.0)  (1656496.0)  (1649922.0)  (1665402.0)  (1427357.0)  (1674321.0)
P4Approach18 0.0441881323856 22830595.0000  24603944.0000  28062146.0000  35069139.0000  37621957.0000  44229337.0000  47023033.0000  39662839.0000  35726172.0000
 - (1421325.0)  (1427412.0)  (1424832.0)  (1658939.0)  (1656496.0)  (1649922.0)  (1665402.0)  (1427357.0)  (1674321.0)
P4Approach16 0.0441881323856 22830595.0000  24603944.0000  28062146.0000  35069139.0000  37621957.0000  44229337.0000  47023033.0000  39662839.0000  35726172.0000
 - (1421325.0)  (1427412.0)  (1424832.0)  (1658939.0)  (1656496.0)  (1649922.0)  (1665402.0)  (1427357.0)  (1674321.0)
P4Approach5 0.0318822437419 22073546.0000  24474704.0000  28507519.0000  35710479.0000  38055207.0000  44696198.0000  47757810.0000  39464534.0000  35732120.0000
 - (1421325.0)  (1427412.0)  (1424832.0)  (1658939.0)  (1656496.0)  (1649922.0)  (1665402.0)  (1427357.0)  (1674321.0)
P4Approach20 0.0318822437419 22073546.0000  24474704.0000  28507519.0000  35710479.0000  38055207.0000  44696198.0000  47757810.0000  39464534.0000  35732120.0000
 - (1421325.0)  (1427412.0)  (1424832.0)  (1658939.0)  (1656496.0)  (1649922.0)  (1665402.0)  (1427357.0)  (1674321.0)
P4Approach10 0.0318822437419 22073546.0000  24474704.0000  28507519.0000  35710479.0000  38055207.0000  44696198.0000  47757810.0000  39464534.0000  35732120.0000
 - (1421325.0)  (1427412.0)  (1424832.0)  (1658939.0)  (1656496.0)  (1649922.0)  (1665402.0)  (1427357.0)  (1674321.0)
P4Approach9 0.0228993427955 21140378.0000  24292417.0000  29060125.0000  36335431.0000  38645127.0000  44996744.0000  48580573.0000  39300946.0000  35804899.0000
 - (1421325.0)  (1427412.0)  (1424832.0)  (1658939.0)  (1656496.0)  (1649922.0)  (1665402.0)  (1427357.0)  (1674321.0)
P4Approach4 0.0228993427955 21140378.0000  24292417.0000  29060125.0000  36335431.0000  38645127.0000  44996744.0000  48580573.0000  39300946.0000  35804899.0000
 - (1421325.0)  (1427412.0)  (1424832.0)  (1658939.0)  (1656496.0)  (1649922.0)  (1665402.0)  (1427357.0)  (1674321.0)
P4Approach19 0.0228993427955 21140378.0000  24292417.0000  29060125.0000  36335431.0000  38645127.0000  44996744.0000  48580573.0000  39300946.0000  35804899.0000
 - (1421325.0)  (1427412.0)  (1424832.0)  (1658939.0)  (1656496.0)  (1649922.0)  (1665402.0)  (1427357.0)  (1674321.0)
P4Approach2 0.0188054832411 21492616.0000  24398510.0000  28845659.0000  36368206.0000  38331788.0000  45329371.0000  48404600.0000  39231512.0000  35671236.0000
 - (1421325.0)  (1427412.0)  (1424832.0)  (1658939.0)  (1656496.0)  (1649922.0)  (1665402.0)  (1427357.0)  (1674321.0)
P4Approach7 0.0188054832411 21492616.0000  24398510.0000  28845659.0000  36368206.0000  38331788.0000  45329371.0000  48404600.0000  39231512.0000  35671236.0000
 - (1421325.0)  (1427412.0)  (1424832.0)  (1658939.0)  (1656496.0)  (1649922.0)  (1665402.0)  (1427357.0)  (1674321.0)
P4Approach17 0.0188054832411 21492616.0000  24398510.0000  28845659.0000  36368206.0000  38331788.0000  45329371.0000  48404600.0000  39231512.0000  35671236.0000
 - (1421325.0)  (1427412.0)  (1424832.0)  (1658939.0)  (1656496.0)  (1649922.0)  (1665402.0)  (1427357.0)  (1674321.0)
DK score 1091901.0  1306345.0  1704422.0  2235399.0  3112694.0  3471128.0  6650011.0  4675163.0  2600882.0  2113145.0
P4Approach2 2.24183791543e-17 1062008.0000  1920395.0000  1780573.0000  2835387.0000  2784540.0000  5310709.0000  3912414.0000  2391280.0000  1574300.0000  1050714.0000
 - (156265.9)  (155814.6)  (156161.5)  (155627.0)  (154854.0)  (154893.0)  (154081.4)  (153894.5)  (153656.4)  (159537.9)
P4Approach4 2.24183791543e-17 1062008.0000  1920395.0000  1780573.0000  2835387.0000  2784540.0000  5310709.0000  3912414.0000  2391280.0000  1574300.0000  1050714.0000
 - (156265.9)  (155814.6)  (156161.5)  (155627.0)  (154854.0)  (154893.0)  (154081.4)  (153894.5)  (153656.4)  (159537.9)
P4Approach5 6.70511488036e-18 1076465.0000  1769811.0000  2067333.0000  2964131.0000  3072577.0000  5963667.0000  4220216.0000  2433239.0000  1650306.0000  1209072.0000
 - (156265.9)  (155814.6)  (156161.5)  (155627.0)  (154854.0)  (154893.0)  (154081.4)  (153894.5)  (153656.4)  (159537.9)
P4Approach1 8.53150059821e-20 1090922.0000  1619227.0000  2354094.0000  3091838.0000  3361597.0000  6616625.0000  4528018.0000  2475199.0000  1726311.0000  1367430.0000
 - (156265.9)  (155814.6)  (156161.5)  (155627.0)  (154854.0)  (154893.0)  (154081.4)  (153894.5)  (153656.4)  (159537.9)
P4Approach3 8.48642351964e-20 1090922.0000  1619227.0000  2354094.0000  3093910.0000  3359634.0000  6616625.0000  4528018.0000  2475199.0000  1726311.0000  1367430.0000
 - (156265.9)  (155814.6)  (156161.5)  (155627.0)  (154854.0)  (154893.0)  (154081.4)  (153894.5)  (153656.4)  (159537.9)
EE score 332606.0  326326.0  392503.0  424579.0  515136.0  653758.0  938930.0  799710.0  480827.0  503603.0
P4Approach2 2.5609522305e-08 329218.1000  366582.5000  396738.3000  513265.5000  639672.6000  899295.0000  750014.1000  500323.9000  539276.3000  438049.6000
 - (23599.09)  (23507.43)  (23411.58)  (23410.28)  (23393.27)  (23322.45)  (25860.28)  (23176.68)  (23164.7)  (20831.61)
P4Approach7 2.5609522305e-08 329218.1000  366582.5000  396738.3000  513265.5000  639672.6000  899295.0000  750014.1000  500323.9000  539276.3000  438049.6000
 - (23599.09)  (23507.43)  (23411.58)  (23410.28)  (23393.27)  (23322.45)  (25860.28)  (23176.68)  (23164.7)  (20831.61)
P4Approach17 2.5609522305e-08 329218.1000  366582.5000  396738.3000  513265.5000  639672.6000  899295.0000  750014.1000  500323.9000  539276.3000  438049.6000
 - (23599.09)  (23507.43)  (23411.58)  (23410.28)  (23393.27)  (23322.45)  (25860.28)  (23176.68)  (23164.7)  (20831.61)
P4Approach9 2.30159477848e-08 331806.7000  364873.7000  398273.0000  513265.5000  635218.1000  900584.4000  750789.5000  496216.9000  536503.4000  439399.1000
 - (23599.09)  (23507.43)  (23411.58)  (23410.28)  (23393.27)  (23322.45)  (25860.28)  (23176.68)  (23164.7)  (20831.61)
P4Approach4 2.30159477848e-08 331806.7000  364873.7000  398273.0000  513265.5000  635218.1000  900584.4000  750789.5000  496216.9000  536503.4000  439399.1000
 - (23599.09)  (23507.43)  (23411.58)  (23410.28)  (23393.27)  (23322.45)  (25860.28)  (23176.68)  (23164.7)  (20831.61)
P4Approach19 2.30159477848e-08 331806.7000  364873.7000  398273.0000  513265.5000  635218.1000  900584.4000  750789.5000  496216.9000  536503.4000  439399.1000
 - (23599.09)  (23507.43)  (23411.58)  (23410.28)  (23393.27)  (23322.45)  (25860.28)  (23176.68)  (23164.7)  (20831.61)
P4Approach5 8.53012795055e-09 329300.7000  367332.7000  400197.2000  519715.5000  646223.1000  911684.0000  760680.6000  489250.3000  521409.2000  432706.7000
 - (23599.09)  (23507.43)  (23411.58)  (23410.28)  (23393.27)  (23322.45)  (25860.28)  (23176.68)  (23164.7)  (20831.61)
P4Approach20 8.53012795055e-09 329300.7000  367332.7000  400197.2000  519715.5000  646223.1000  911684.0000  760680.6000  489250.3000  521409.2000  432706.7000
 - (23599.09)  (23507.43)  (23411.58)  (23410.28)  (23393.27)  (23322.45)  (25860.28)  (23176.68)  (23164.7)  (20831.61)
P4Approach10 8.53012795055e-09 329300.7000  367332.7000  400197.2000  519715.5000  646223.1000  911684.0000  760680.6000  489250.3000  521409.2000  432706.7000
 - (23599.09)  (23507.43)  (23411.58)  (23410.28)  (23393.27)  (23322.45)  (25860.28)  (23176.68)  (23164.7)  (20831.61)
P4Approach8 2.60390505277e-09 328088.9000  368937.2000  402888.8000  526165.5000  655000.9000  923428.4000  770959.4000  480230.2000  504928.5000  426689.1000
 - (23599.09)  (23507.43)  (23411.58)  (23410.28)  (23393.27)  (23322.45)  (25860.28)  (23176.68)  (23164.7)  (20831.61)
P4Approach3 2.60390505277e-09 328088.9000  368937.2000  402888.8000  526165.5000  655000.9000  923428.4000  770959.4000  480230.2000  504928.5000  426689.1000
 - (23599.09)  (23507.43)  (23411.58)  (23410.28)  (23393.27)  (23322.45)  (25860.28)  (23176.68)  (23164.7)  (20831.61)
P4Approach1 2.60390505277e-09 328088.9000  368937.2000  402888.8000  526165.5000  655000.9000  923428.4000  770959.4000  480230.2000  504928.5000  426689.1000
 - (23599.09)  (23507.43)  (23411.58)  (23410.28)  (23393.27)  (23322.45)  (25860.28)  (23176.68)  (23164.7)  (20831.61)
P4Approach6 2.60390505277e-09 328088.9000  368937.2000  402888.8000  526165.5000  655000.9000  923428.4000  770959.4000  480230.2000  504928.5000  426689.1000
 - (23599.09)  (23507.43)  (23411.58)  (23410.28)  (23393.27)  (23322.45)  (25860.28)  (23176.68)  (23164.7)  (20831.61)
P4Approach18 2.60390505277e-09 328088.9000  368937.2000  402888.8000  526165.5000  655000.9000  923428.4000  770959.4000  480230.2000  504928.5000  426689.1000
 - (23599.09)  (23507.43)  (23411.58)  (23410.28)  (23393.27)  (23322.45)  (25860.28)  (23176.68)  (23164.7)  (20831.61)
P4Approach16 2.60390505277e-09 328088.9000  368937.2000  402888.8000  526165.5000  655000.9000  923428.4000  770959.4000  480230.2000  504928.5000  426689.1000
 - (23599.09)  (23507.43)  (23411.58)  (23410.28)  (23393.27)  (23322.45)  (25860.28)  (23176.68)  (23164.7)  (20831.61)
ES score 19864852.0  21968132.0  29729354.0  39552777.0  39552777.0  46620736.0  62673372.0  71314207.0  48717608.0
P4Approach4 5.47439134863e-21 20443804.0000  26278897.0000  31946877.0000  39422435.0000  45885189.0000  60737638.0000  49395012.0000  38852828.0000  24275782.0000
 - (1470595.0)  (1399528.0)  (1459724.0)  (1469972.0)  (1726292.0)  (2053125.0)  (1462364.0)  (1483037.0)  (1560684.0)
P4Approach2 4.00543283576e-21 20347541.0000  26971665.0000  31873015.0000  39481520.0000  45901438.0000  61108700.0000  49395012.0000  38852828.0000  24275782.0000
 - (1470595.0)  (1399528.0)  (1459724.0)  (1469972.0)  (1726292.0)  (2053125.0)  (1462364.0)  (1483037.0)  (1560684.0)
P4Approach5 1.01651351149e-22 20792411.0000  27083028.0000  32061166.0000  39199061.0000  46354474.0000  62396038.0000  49343747.0000  37675490.0000  23417609.0000
 - (1470595.0)  (1399528.0)  (1459724.0)  (1469972.0)  (1726292.0)  (2053125.0)  (1462364.0)  (1483037.0)  (1560684.0)
P4Approach3 1.88127819212e-24 21102018.0000  27471011.0000  32080117.0000  38814530.0000  46815634.0000  63868907.0000  49292482.0000  36498152.0000  22559435.0000
 - (1470595.0)  (1399528.0)  (1459724.0)  (1469972.0)  (1726292.0)  (2053125.0)  (1462364.0)  (1483037.0)  (1560684.0)
P4Approach1 1.73861018474e-24 21276283.0000  27610538.0000  32344656.0000  39077758.0000  46815634.0000  63868907.0000  49292482.0000  36498152.0000  22559435.0000
 - (1470595.0)  (1399528.0)  (1459724.0)  (1469972.0)  (1726292.0)  (2053125.0)  (1462364.0)  (1483037.0)  (1560684.0)
EU score 126285024.0  140321191.0  167469234.0  177852671.0  244944322.0  290592021.0  442663128.0  494740921.0  288714343.0
P4Approach4 0.59017189513 140384607.0000  153198322.0000  186127882.0000  247880774.0000  292154689.0000  442234291.0000  489752674.0000  284657747.0000  211015216.0000
 - (121416088.0)  (104892331.0)  (119549249.0)  (128406322.0)  (102630432.0)  (116946361.0)  (125575006.0)  (100490409.0)  (76188629.0)
P4Approach2 0.588026257837 140384607.0000  153198322.0000  186127882.0000  247880774.0000  293475039.0000  442234291.0000  489752674.0000  283374809.0000  211015216.0000
 - (121416088.0)  (104892331.0)  (119549249.0)  (128406322.0)  (102630432.0)  (116946361.0)  (125575006.0)  (100490409.0)  (76188629.0)
P4Approach5 0.580347013133 139077619.0000  157126052.0000  188157018.0000  244955820.0000  298456518.0000  458858149.0000  501041439.0000  287835615.0000  207403991.0000
 - (121416088.0)  (104892331.0)  (119549249.0)  (128406322.0)  (102630432.0)  (116946361.0)  (125575006.0)  (100490409.0)  (76188629.0)
P4Approach3 0.569127190072 137770631.0000  161053782.0000  190186154.0000  242030866.0000  304098173.0000  475482007.0000  512330204.0000  291654951.0000  203792766.0000
 - (121416088.0)  (104892331.0)  (119549249.0)  (128406322.0)  (102630432.0)  (116946361.0)  (125575006.0)  (100490409.0)  (76188629.0)
P4Approach1 0.569127190072 137770631.0000  161053782.0000  190186154.0000  242030866.0000  304098173.0000  475482007.0000  512330204.0000  291654951.0000  203792766.0000
 - (121416088.0)  (104892331.0)  (119549249.0)  (128406322.0)  (102630432.0)  (116946361.0)  (125575006.0)  (100490409.0)  (76188629.0)
FI score 1280887.0  1472096.0  1665552.0  1397201.0  1346377.0  1972285.0  2986953.0  2189562.0  1638302.0  1432572.0
P4Approach2 7.41917898513e-15 1481184.0000  1635357.0000  1383409.0000  1368589.0000  2081215.0000  3009174.0000  2183578.0000  1568457.0000  1425151.0000  1311799.0000
 - (63333.17)  (63112.39)  (62855.59)  (65775.02)  (65857.6)  (62738.33)  (65408.1)  (63013.4)  (62813.05)  (64153.9)
P4Approach7 7.41917898513e-15 1481184.0000  1635357.0000  1383409.0000  1368589.0000  2081215.0000  3009174.0000  2183578.0000  1568457.0000  1425151.0000  1311799.0000
 - (63333.17)  (63112.39)  (62855.59)  (65775.02)  (65857.6)  (62738.33)  (65408.1)  (63013.4)  (62813.05)  (64153.9)
P4Approach5 7.28844164403e-15 1479901.0000  1619971.0000  1375050.0000  1363405.0000  2077225.0000  3008512.0000  2185102.0000  1564283.0000  1418954.0000  1301886.0000
 - (63333.17)  (63112.39)  (62855.59)  (65775.02)  (65857.6)  (62738.33)  (65408.1)  (63013.4)  (62813.05)  (64153.9)
P4Approach10 7.28844164403e-15 1479901.0000  1619971.0000  1375050.0000  1363405.0000  2077225.0000  3008512.0000  2185102.0000  1564283.0000  1418954.0000  1301886.0000
 - (63333.17)  (63112.39)  (62855.59)  (65775.02)  (65857.6)  (62738.33)  (65408.1)  (63013.4)  (62813.05)  (64153.9)
P4Approach8 7.24009997592e-15 1476918.0000  1603919.0000  1366742.0000  1357747.0000  2072560.0000  3008143.0000  2186323.0000  1561424.0000  1412371.0000  1291079.0000
 - (63333.17)  (63112.39)  (62855.59)  (65775.02)  (65857.6)  (62738.33)  (65408.1)  (63013.4)  (62813.05)  (64153.9)
P4Approach3 7.24009997592e-15 1476918.0000  1603919.0000  1366742.0000  1357747.0000  2072560.0000  3008143.0000  2186323.0000  1561424.0000  1412371.0000  1291079.0000
 - (63333.17)  (63112.39)  (62855.59)  (65775.02)  (65857.6)  (62738.33)  (65408.1)  (63013.4)  (62813.05)  (64153.9)
P4Approach1 7.20837187321e-15 1476918.0000  1603919.0000  1366742.0000  1357747.0000  2072560.0000  3008143.0000  2186323.0000  1561424.0000  1412371.0000  1289835.0000
 - (63333.17)  (63112.39)  (62855.59)  (65775.02)  (65857.6)  (62738.33)  (65408.1)  (63013.4)  (62813.05)  (64153.9)
P4Approach6 7.20837187321e-15 1476918.0000  1603919.0000  1366742.0000  1357747.0000  2072560.0000  3008143.0000  2186323.0000  1561424.0000  1412371.0000  1289835.0000
 - (63333.17)  (63112.39)  (62855.59)  (65775.02)  (65857.6)  (62738.33)  (65408.1)  (63013.4)  (62813.05)  (64153.9)
P4Approach9 7.08146132785e-15 1484586.0000  1636688.0000  1383306.0000  1369536.0000  2082565.0000  3008589.0000  2184183.0000  1565826.0000  1425923.0000  1314832.0000
 - (63333.17)  (63112.39)  (62855.59)  (65775.02)  (65857.6)  (62738.33)  (65408.1)  (63013.4)  (62813.05)  (64153.9)
P4Approach4 7.08146132785e-15 1484586.0000  1636688.0000  1383306.0000  1369536.0000  2082565.0000  3008589.0000  2184183.0000  1565826.0000  1425923.0000  1314832.0000
 - (63333.17)  (63112.39)  (62855.59)  (65775.02)  (65857.6)  (62738.33)  (65408.1)  (63013.4)  (62813.05)  (64153.9)
FR score 17457964.0  18750219.0  23483031.0  22841266.0  32730062.0  37492304.0  67722008.0  84153850.0  36032080.0  22941270.0
P4Approach2 0.468780003646 20391948.0000  22784262.0000  24507828.0000  34178594.0000  39151671.0000  72216871.0000  85792348.0000  43423439.0000  36691070.0000  29190600.0000
 - (20077831.0)  (17036185.0)  (16913727.0)  (19632275.0)  (16675223.0)  (19350554.0)  (19657812.0)  (16347805.0)  (18957092.0)  (16115715.0)
P4Approach4 0.468647798496 20450260.0000  22783867.0000  24203774.0000  33963659.0000  38885752.0000  72207522.0000  85456128.0000  43423439.0000  36691070.0000  33801427.0000
 - (20077831.0)  (17036185.0)  (16913727.0)  (19632275.0)  (16675223.0)  (19350554.0)  (19657812.0)  (16347805.0)  (18957092.0)  (16115715.0)
P4Approach5 0.416456931871 20506666.0000  23047113.0000  24396978.0000  33350573.0000  38682815.0000  72464951.0000  85182705.0000  39232376.0000  29525441.0000  23514181.0000
 - (20077831.0)  (17036185.0)  (16913727.0)  (19632275.0)  (16675223.0)  (19350554.0)  (19657812.0)  (16347805.0)  (18957092.0)  (16115715.0)
P4Approach1 0.347602982774 20592229.0000  23310161.0000  24564279.0000  32654543.0000  38301578.0000  72673574.0000  84697185.0000  35144466.0000  22462773.0000  15532348.0000
 - (20077831.0)  (17036185.0)  (16913727.0)  (19632275.0)  (16675223.0)  (19350554.0)  (19657812.0)  (16347805.0)  (18957092.0)  (16115715.0)
P4Approach3 0.344834122349 20592229.0000  23310161.0000  24312030.0000  32605496.0000  38392258.0000  72761839.0000  84785160.0000  34938159.0000  22256850.0000  15532348.0000
 - (20077831.0)  (17036185.0)  (16913727.0)  (19632275.0)  (16675223.0)  (19350554.0)  (19657812.0)  (16347805.0)  (18957092.0)  (16115715.0)
HR score 388833.0  421935.0  842168.0  1667195.0  4257036.0  8941901.0  22799556.0  25420248.0  9641602.0  2261069.0
P4Approach3 0.000456631338901 413272.7000  716321.0000  1986049.0000  4578129.0000  7528685.0000  16574704.0000  18254671.0000  9477635.0000  2696762.0000  726454.0000
 - (1639936.0)  (1633581.0)  (1905768.0)  (1620931.0)  (1581564.0)  (1576592.0)  (1767839.0)  (1649265.0)  (1725984.0)  (1703861.0)
P4Approach1 0.000456631338901 413272.7000  716321.0000  1986049.0000  4578129.0000  7528685.0000  16574704.0000  18254671.0000  9477635.0000  2696762.0000  726454.0000
 - (1639936.0)  (1633581.0)  (1905768.0)  (1620931.0)  (1581564.0)  (1576592.0)  (1767839.0)  (1649265.0)  (1725984.0)  (1703861.0)
P4Approach5 0.000306846686335 439549.0000  740523.4000  1916499.0000  4345315.0000  7936543.0000  18601300.0000  21060191.0000  9566877.0000  2569901.0000  754169.3000
 - (1639936.0)  (1633581.0)  (1905768.0)  (1620931.0)  (1581564.0)  (1576592.0)  (1767839.0)  (1649265.0)  (1725984.0)  (1703861.0)
P4Approach2 0.000138866746846 554781.6000  853709.0000  1954066.0000  4198989.0000  8344402.0000  20711999.0000  23968275.0000  9713583.0000  2518293.0000  784182.2000
 - (1639936.0)  (1633581.0)  (1905768.0)  (1620931.0)  (1581564.0)  (1576592.0)  (1767839.0)  (1649265.0)  (1725984.0)  (1703861.0)
P4Approach4 0.000128216900568 376869.1000  675742.7000  1739834.0000  4026013.0000  8344402.0000  20543795.0000  23763147.0000  9598653.0000  2367789.0000  779586.9000
 - (1639936.0)  (1633581.0)  (1905768.0)  (1620931.0)  (1581564.0)  (1576592.0)  (1767839.0)  (1649265.0)  (1725984.0)  (1703861.0)
HU score 1290901.0  1380357.0  1773152.0  1857365.0  2389457.0  2798830.0  4741138.0  4785171.0  2502974.0  2206205.0
P4Approach2 1.11936340447e-05 1334415.0000  1643760.0000  1969114.0000  2047348.0000  2774720.0000  4420746.0000  4622446.0000  2500928.0000  2278313.0000  1761608.0000
 - (176969.7)  (176373.9)  (176160.1)  (190941.5)  (176143.5)  (190588.5)  (190124.2)  (174927.7)  (174245.0)  (171595.5)
P4Approach7 1.11936340447e-05 1334415.0000  1643760.0000  1969114.0000  2047348.0000  2774720.0000  4420746.0000  4622446.0000  2500928.0000  2278313.0000  1761608.0000
 - (176969.7)  (176373.9)  (176160.1)  (190941.5)  (176143.5)  (190588.5)  (190124.2)  (174927.7)  (174245.0)  (171595.5)
P4Approach9 1.01257091041e-05 1295472.0000  1581918.0000  1968257.0000  1968257.0000  2826189.0000  4511292.0000  4637249.0000  2525755.0000  2322879.0000  1820409.0000
 - (176969.7)  (176373.9)  (176160.1)  (190941.5)  (176143.5)  (190588.5)  (190124.2)  (174927.7)  (174245.0)  (171595.5)
P4Approach4 1.01257091041e-05 1295472.0000  1581918.0000  1968257.0000  1968257.0000  2826189.0000  4511292.0000  4637249.0000  2525755.0000  2322879.0000  1820409.0000
 - (176969.7)  (176373.9)  (176160.1)  (190941.5)  (176143.5)  (190588.5)  (190124.2)  (174927.7)  (174245.0)  (171595.5)
P4Approach5 3.68027623256e-06 1268284.0000  1585737.0000  1978214.0000  2130483.0000  2884498.0000  4562878.0000  4744280.0000  2467730.0000  2248752.0000  1742397.0000
 - (176969.7)  (176373.9)  (176160.1)  (190941.5)  (176143.5)  (190588.5)  (190124.2)  (174927.7)  (174245.0)  (171595.5)
P4Approach10 3.68027623256e-06 1268284.0000  1585737.0000  1978214.0000  2130483.0000  2884498.0000  4562878.0000  4744280.0000  2467730.0000  2248752.0000  1742397.0000
 - (176969.7)  (176373.9)  (176160.1)  (190941.5)  (176143.5)  (190588.5)  (190124.2)  (174927.7)  (174245.0)  (171595.5)
P4Approach8 1.07213817414e-06 1221625.0000  1558635.0000  1987743.0000  2253164.0000  2968541.0000  4659738.0000  4858712.0000  2422118.0000  2196908.0000  1693786.0000
 - (176969.7)  (176373.9)  (176160.1)  (190941.5)  (176143.5)  (190588.5)  (190124.2)  (174927.7)  (174245.0)  (171595.5)
P4Approach3 1.07213817414e-06 1221625.0000  1558635.0000  1987743.0000  2253164.0000  2968541.0000  4659738.0000  4858712.0000  2422118.0000  2196908.0000  1693786.0000
 - (176969.7)  (176373.9)  (176160.1)  (190941.5)  (176143.5)  (190588.5)  (190124.2)  (174927.7)  (174245.0)  (171595.5)
P4Approach1 1.07213817414e-06 1221625.0000  1558635.0000  1987743.0000  2253164.0000  2968541.0000  4659738.0000  4858712.0000  2422118.0000  2196908.0000  1693786.0000
 - (176969.7)  (176373.9)  (176160.1)  (190941.5)  (176143.5)  (190588.5)  (190124.2)  (174927.7)  (174245.0)  (171595.5)
P4Approach6 1.07213817414e-06 1221625.0000  1558635.0000  1987743.0000  2253164.0000  2968541.0000  4659738.0000  4858712.0000  2422118.0000  2196908.0000  1693786.0000
 - (176969.7)  (176373.9)  (176160.1)  (190941.5)  (176143.5)  (190588.5)  (190124.2)  (174927.7)  (174245.0)  (171595.5)
IT score 15771871.0  16365557.0  20872022.0  20113340.0  28088928.0  44805784.0  71400253.0  83553488.0  43195102.0
P4Approach2 1.30687306336e-24 17059555.0000  18873358.0000  23104279.0000  29773810.0000  46189777.0000  69659726.0000  82032917.0000  42557229.0000  24101057.0000
 - (1854393.0)  (1841602.0)  (1730140.0)  (1723637.0)  (1743309.0)  (1793699.0)  (1666005.0)  (1754366.0)  (1868084.0)
P4Approach4 1.30687306336e-24 17059555.0000  18873358.0000  23104279.0000  29773810.0000  46189777.0000  69659726.0000  82032917.0000  42557229.0000  24101057.0000
 - (1854393.0)  (1841602.0)  (1730140.0)  (1723637.0)  (1743309.0)  (1793699.0)  (1666005.0)  (1754366.0)  (1868084.0)
P4Approach5 3.71924358048e-26 16648106.0000  18809408.0000  22996781.0000  29651980.0000  46885522.0000  70617450.0000  83203052.0000  41787640.0000  23071481.0000
 - (1854393.0)  (1841602.0)  (1730140.0)  (1723637.0)  (1743309.0)  (1793699.0)  (1666005.0)  (1754366.0)  (1868084.0)
P4Approach1 9.070496882e-28 16236657.0000  18745458.0000  22889284.0000  29530150.0000  47581267.0000  71575174.0000  84373188.0000  41018051.0000  22059494.0000
 - (1854393.0)  (1841602.0)  (1730140.0)  (1723637.0)  (1743309.0)  (1793699.0)  (1666005.0)  (1754366.0)  (1868084.0)
P4Approach3 8.85654280015e-28 16236657.0000  18745458.0000  22889284.0000  29530150.0000  47581267.0000  71575174.0000  84373188.0000  41018051.0000  22024315.0000
 - (1854393.0)  (1841602.0)  (1730140.0)  (1723637.0)  (1743309.0)  (1793699.0)  (1666005.0)  (1754366.0)  (1868084.0)
LT score 340208.0  329839.0  413306.0  412846.0  559048.0  667935.0  907121.0  898626.0  563146.0
P4Approach2 0.0135358042508 304414.4000  375820.3000  422228.4000  573157.6000  699563.7000  924225.9000  901128.8000  518406.8000  456297.4000
 - (47420.52)  (47228.93)  (60109.94)  (59885.26)  (60230.78)  (60022.23)  (69657.33)  (47332.11)  (47422.18)
P4Approach7 0.0135358042508 304414.4000  375820.3000  422228.4000  573157.6000  699563.7000  924225.9000  901128.8000  518406.8000  456297.4000
 - (47420.52)  (47228.93)  (60109.94)  (59885.26)  (60230.78)  (60022.23)  (69657.33)  (47332.11)  (47422.18)
P4Approach9 0.013151133084 300413.9000  376460.0000  427391.0000  575938.0000  699116.0000  925188.0000  906497.0000  519789.0000  451605.0000
 - (47420.52)  (47228.93)  (60109.94)  (59885.26)  (60230.78)  (60022.23)  (69657.33)  (47332.11)  (47422.18)
P4Approach4 0.013151133084 300413.9000  376460.0000  427391.0000  575938.0000  699116.0000  925188.0000  906497.0000  519789.0000  451605.0000
 - (47420.52)  (47228.93)  (60109.94)  (59885.26)  (60230.78)  (60022.23)  (69657.33)  (47332.11)  (47422.18)
P4Approach5 0.00673330236295 325249.7000  378616.7000  420855.2000  578867.4000  751735.6000  950759.5000  921632.3000  512113.9000  439152.9000
 - (47420.52)  (47228.93)  (60109.94)  (59885.26)  (60230.78)  (60022.23)  (69657.33)  (47332.11)  (47422.18)
P4Approach10 0.00673330236295 325249.7000  378616.7000  420855.2000  578867.4000  751735.6000  950759.5000  921632.3000  512113.9000  439152.9000
 - (47420.52)  (47228.93)  (60109.94)  (59885.26)  (60230.78)  (60022.23)  (69657.33)  (47332.11)  (47422.18)
P4Approach8 0.0029115700159 348085.3000  381093.3000  416900.8000  583187.0000  804131.3000  976812.0000  939451.7000  505129.9000  424354.5000
 - (47420.52)  (47228.93)  (60109.94)  (59885.26)  (60230.78)  (60022.23)  (69657.33)  (47332.11)  (47422.18)
P4Approach3 0.0029115700159 348085.3000  381093.3000  416900.8000  583187.0000  804131.3000  976812.0000  939451.7000  505129.9000  424354.5000
 - (47420.52)  (47228.93)  (60109.94)  (59885.26)  (60230.78)  (60022.23)  (69657.33)  (47332.11)  (47422.18)
P4Approach1 0.0029115700159 348085.3000  381093.3000  416900.8000  583187.0000  804131.3000  976812.0000  939451.7000  505129.9000  424354.5000
 - (47420.52)  (47228.93)  (60109.94)  (59885.26)  (60230.78)  (60022.23)  (69657.33)  (47332.11)  (47422.18)
P4Approach6 0.0029115700159 348085.3000  381093.3000  416900.8000  583187.0000  804131.3000  976812.0000  939451.7000  505129.9000  424354.5000
 - (47420.52)  (47228.93)  (60109.94)  (59885.26)  (60230.78)  (60022.23)  (69657.33)  (47332.11)  (47422.18)
LV score 240921.0  226173.0  271388.0  299649.0  378593.0  475236.0  643721.0  604326.0  374570.0  328926.0
P4Approach2 0.00135315616815 225979.1000  246509.4000  286277.4000  359810.8000  436933.2000  599212.9000  558029.3000  384424.7000  355105.3000  289627.4000
 - (21327.54)  (21243.45)  (21157.65)  (24689.1)  (21045.14)  (24530.85)  (24458.44)  (20816.33)  (20736.98)  (20705.08)
P4Approach7 0.00135315616815 225979.1000  246509.4000  286277.4000  359810.8000  436933.2000  599212.9000  558029.3000  384424.7000  355105.3000  289627.4000
 - (21327.54)  (21243.45)  (21157.65)  (24689.1)  (21045.14)  (24530.85)  (24458.44)  (20816.33)  (20736.98)  (20705.08)
P4Approach17 0.00135315616815 225979.1000  246509.4000  286277.4000  359810.8000  436933.2000  599212.9000  558029.3000  384424.7000  355105.3000  289627.4000
 - (21327.54)  (21243.45)  (21157.65)  (24689.1)  (21045.14)  (24530.85)  (24458.44)  (20816.33)  (20736.98)  (20705.08)
P4Approach9 0.00106749301731 229887.6000  246981.1000  290621.7000  367905.9000  438357.8000  603695.4000  561387.3000  384145.5000  352132.9000  284097.5000
 - (21327.54)  (21243.45)  (21157.65)  (24689.1)  (21045.14)  (24530.85)  (24458.44)  (20816.33)  (20736.98)  (20705.08)
P4Approach4 0.00106749301731 229887.6000  246981.1000  290621.7000  367905.9000  438357.8000  603695.4000  561387.3000  384145.5000  352132.9000  284097.5000
 - (21327.54)  (21243.45)  (21157.65)  (24689.1)  (21045.14)  (24530.85)  (24458.44)  (20816.33)  (20736.98)  (20705.08)
P4Approach19 0.00106749301731 229887.6000  246981.1000  290621.7000  367905.9000  438357.8000  603695.4000  561387.3000  384145.5000  352132.9000  284097.5000
 - (21327.54)  (21243.45)  (21157.65)  (24689.1)  (21045.14)  (24530.85)  (24458.44)  (20816.33)  (20736.98)  (20705.08)
P4Approach5 0.000560014680302 228101.6000  251022.3000  288346.0000  364402.4000  451147.5000  623602.5000  578495.5000  380737.0000  342319.0000  284373.1000
 - (21327.54)  (21243.45)  (21157.65)  (24689.1)  (21045.14)  (24530.85)  (24458.44)  (20816.33)  (20736.98)  (20705.08)
P4Approach20 0.000560014680302 228101.6000  251022.3000  288346.0000  364402.4000  451147.5000  623602.5000  578495.5000  380737.0000  342319.0000  284373.1000
 - (21327.54)  (21243.45)  (21157.65)  (24689.1)  (21045.14)  (24530.85)  (24458.44)  (20816.33)  (20736.98)  (20705.08)
P4Approach10 0.000560014680302 228101.6000  251022.3000  288346.0000  364402.4000  451147.5000  623602.5000  578495.5000  380737.0000  342319.0000  284373.1000
 - (21327.54)  (21243.45)  (21157.65)  (24689.1)  (21045.14)  (24530.85)  (24458.44)  (20816.33)  (20736.98)  (20705.08)
P4Approach8 0.00021031876723 228269.8000  253803.8000  288242.5000  364946.5000  464649.5000  645750.8000  597282.6000  377189.0000  331018.9000  281883.7000
 - (21327.54)  (21243.45)  (21157.65)  (24689.1)  (21045.14)  (24530.85)  (24458.44)  (20816.33)  (20736.98)  (20705.08)
P4Approach3 0.00021031876723 228269.8000  253803.8000  288242.5000  364946.5000  464649.5000  645750.8000  597282.6000  377189.0000  331018.9000  281883.7000
 - (21327.54)  (21243.45)  (21157.65)  (24689.1)  (21045.14)  (24530.85)  (24458.44)  (20816.33)  (20736.98)  (20705.08)
P4Approach18 0.00021031876723 228269.8000  253803.8000  288242.5000  364946.5000  464649.5000  645750.8000  597282.6000  377189.0000  331018.9000  281883.7000
 - (21327.54)  (21243.45)  (21157.65)  (24689.1)  (21045.14)  (24530.85)  (24458.44)  (20816.33)  (20736.98)  (20705.08)
P4Approach1 0.000206539241749 228269.8000  256795.0000  288242.5000  364946.5000  464649.5000  645750.8000  597282.6000  377189.0000  331018.9000  281883.7000
 - (21327.54)  (21243.45)  (21157.65)  (24689.1)  (21045.14)  (24530.85)  (24458.44)  (20816.33)  (20736.98)  (20705.08)
P4Approach6 0.000206539241749 228269.8000  256795.0000  288242.5000  364946.5000  464649.5000  645750.8000  597282.6000  377189.0000  331018.9000  281883.7000
 - (21327.54)  (21243.45)  (21157.65)  (24689.1)  (21045.14)  (24530.85)  (24458.44)  (20816.33)  (20736.98)  (20705.08)
P4Approach16 0.000206539241749 228269.8000  256795.0000  288242.5000  364946.5000  464649.5000  645750.8000  597282.6000  377189.0000  331018.9000  281883.7000
 - (21327.54)  (21243.45)  (21157.65)  (24689.1)  (21045.14)  (24530.85)  (24458.44)  (20816.33)  (20736.98)  (20705.08)
MT score 410581.0  487365.0  638949.0  737158.0  825864.0  873672.0  1031180.0  638949.0  889457.0
P4Approach9 1.43715317247 465354.0000  588044.4000  753413.5000  851227.8000  935611.3000  1085911.0000  1127198.0000  910309.7000  827357.4000
 - (117914.5)  (117251.1)  (159200.0)  (158307.1)  (157511.2)  (156645.0)  (184656.1)  (155434.5)  (114201.1)
P4Approach4 1.43715317247 465354.0000  588044.4000  753413.5000  851227.8000  935611.3000  1085911.0000  1127198.0000  910309.7000  827357.4000
 - (117914.5)  (117251.1)  (159200.0)  (158307.1)  (157511.2)  (156645.0)  (184656.1)  (155434.5)  (114201.1)
P4Approach19 1.43715317247 465354.0000  588044.4000  753413.5000  851227.8000  935611.3000  1085911.0000  1127198.0000  910309.7000  827357.4000
 - (117914.5)  (117251.1)  (159200.0)  (158307.1)  (157511.2)  (156645.0)  (184656.1)  (155434.5)  (114201.1)
P4Approach2 1.40970024541 465354.0000  595752.2000  764648.4000  859726.6000  940332.1000  1082355.0000  1136144.0000  910309.7000  819118.3000
 - (117914.5)  (117251.1)  (159200.0)  (158307.1)  (157511.2)  (156645.0)  (184656.1)  (155434.5)  (114201.1)
P4Approach7 1.40970024541 465354.0000  595752.2000  764648.4000  859726.6000  940332.1000  1082355.0000  1136144.0000  910309.7000  819118.3000
 - (117914.5)  (117251.1)  (159200.0)  (158307.1)  (157511.2)  (156645.0)  (184656.1)  (155434.5)  (114201.1)
P4Approach17 1.40970024541 465354.0000  595752.2000  764648.4000  859726.6000  940332.1000  1082355.0000  1136144.0000  910309.7000  819118.3000
 - (117914.5)  (117251.1)  (159200.0)  (158307.1)  (157511.2)  (156645.0)  (184656.1)  (155434.5)  (114201.1)
P4Approach5 1.29102186967 480906.5000  592267.8000  750107.2000  855860.5000  969857.2000  1131847.0000  1176572.0000  910208.8000  795621.9000
 - (117914.5)  (117251.1)  (159200.0)  (158307.1)  (157511.2)  (156645.0)  (184656.1)  (155434.5)  (114201.1)
P4Approach20 1.29102186967 480906.5000  592267.8000  750107.2000  855860.5000  969857.2000  1131847.0000  1176572.0000  910208.8000  795621.9000
 - (117914.5)  (117251.1)  (159200.0)  (158307.1)  (157511.2)  (156645.0)  (184656.1)  (155434.5)  (114201.1)
P4Approach10 1.29102186967 480906.5000  592267.8000  750107.2000  855860.5000  969857.2000  1131847.0000  1176572.0000  910208.8000  795621.9000
 - (117914.5)  (117251.1)  (159200.0)  (158307.1)  (157511.2)  (156645.0)  (184656.1)  (155434.5)  (114201.1)
P4Approach8 1.13494394511 496459.0000  592637.3000  741183.4000  856243.8000  1001743.0000  1179562.0000  1221474.0000  910107.9000  768005.9000
 - (117914.5)  (117251.1)  (159200.0)  (158307.1)  (157511.2)  (156645.0)  (184656.1)  (155434.5)  (114201.1)
P4Approach3 1.13494394511 496459.0000  592637.3000  741183.4000  856243.8000  1001743.0000  1179562.0000  1221474.0000  910107.9000  768005.9000
 - (117914.5)  (117251.1)  (159200.0)  (158307.1)  (157511.2)  (156645.0)  (184656.1)  (155434.5)  (114201.1)
P4Approach1 1.13494394511 496459.0000  592637.3000  741183.4000  856243.8000  1001743.0000  1179562.0000  1221474.0000  910107.9000  768005.9000
 - (117914.5)  (117251.1)  (159200.0)  (158307.1)  (157511.2)  (156645.0)  (184656.1)  (155434.5)  (114201.1)
P4Approach6 1.13494394511 496459.0000  592637.3000  741183.4000  856243.8000  1001743.0000  1179562.0000  1221474.0000  910107.9000  768005.9000
 - (117914.5)  (117251.1)  (159200.0)  (158307.1)  (157511.2)  (156645.0)  (184656.1)  (155434.5)  (114201.1)
P4Approach18 1.13494394511 496459.0000  592637.3000  741183.4000  856243.8000  1001743.0000  1179562.0000  1221474.0000  910107.9000  768005.9000
 - (117914.5)  (117251.1)  (159200.0)  (158307.1)  (157511.2)  (156645.0)  (184656.1)  (155434.5)  (114201.1)
P4Approach16 1.13494394511 496459.0000  592637.3000  741183.4000  856243.8000  1001743.0000  1179562.0000  1221474.0000  910107.9000  768005.9000
 - (117914.5)  (117251.1)  (159200.0)  (158307.1)  (157511.2)  (156645.0)  (184656.1)  (155434.5)  (114201.1)
NL score 4367717.0  6238958.0  6238958.0  8052215.0  11332887.0  9589565.0  14296745.0  17329308.0  10176643.0  9353429.0
P4Approach5 3.17319250529e-06 4745462.0000  5570234.0000  8444178.0000  11384358.0000  11370510.0000  14753472.0000  17413423.0000  9134853.0000  8570427.0000  5704728.0000
 - (707536.1)  (705096.7)  (702121.7)  (756479.5)  (700381.7)  (699263.4)  (753029.6)  (671324.0)  (670220.2)  (679391.8)
P4Approach2 3.15799360845e-06 4858543.0000  5654639.0000  8294661.0000  11427497.0000  11270748.0000  14747491.0000  17441970.0000  8997223.0000  8619358.0000  5960002.0000
 - (707536.1)  (705096.7)  (702121.7)  (756479.5)  (700381.7)  (699263.4)  (753029.6)  (671324.0)  (670220.2)  (679391.8)
P4Approach3 3.11869043525e-06 4632382.0000  5485829.0000  8593695.0000  11341218.0000  11470273.0000  14759452.0000  17384876.0000  9272483.0000  8521496.0000  5458839.0000
 - (707536.1)  (705096.7)  (702121.7)  (756479.5)  (700381.7)  (699263.4)  (753029.6)  (671324.0)  (670220.2)  (679391.8)
P4Approach1 3.11869043525e-06 4632382.0000  5485829.0000  8593695.0000  11341218.0000  11470273.0000  14759452.0000  17384876.0000  9272483.0000  8521496.0000  5458839.0000
 - (707536.1)  (705096.7)  (702121.7)  (756479.5)  (700381.7)  (699263.4)  (753029.6)  (671324.0)  (670220.2)  (679391.8)
P4Approach4 3.11360843715e-06 4858543.0000  5654639.0000  8294661.0000  11427497.0000  11270748.0000  14747491.0000  17441970.0000  8997223.0000  8619358.0000  5941230.0000
 - (707536.1)  (705096.7)  (702121.7)  (756479.5)  (700381.7)  (699263.4)  (753029.6)  (671324.0)  (670220.2)  (679391.8)
PL score 4138127.0  4775203.0  4427938.0  4924832.0  6352734.0  7769788.0  12019819.0  11812597.0  7343738.0  5808791.0
P4Approach8 8.90949007239e-11 4563166.0000  4520112.0000  4834228.0000  6152376.0000  7098387.0000  10478742.0000  10083767.0000  7385953.0000  6794309.0000  5541587.0000
 - (234709.1)  (234498.6)  (234266.5)  (233487.8)  (232662.2)  (248965.0)  (248216.6)  (264335.7)  (289954.2)  (289218.5)
P4Approach3 8.90949007239e-11 4563166.0000  4520112.0000  4834228.0000  6152376.0000  7098387.0000  10478742.0000  10083767.0000  7385953.0000  6794309.0000  5541587.0000
 - (234709.1)  (234498.6)  (234266.5)  (233487.8)  (232662.2)  (248965.0)  (248216.6)  (264335.7)  (289954.2)  (289218.5)
P4Approach1 8.90949007239e-11 4563166.0000  4520112.0000  4834228.0000  6152376.0000  7098387.0000  10478742.0000  10083767.0000  7385953.0000  6794309.0000  5541587.0000
 - (234709.1)  (234498.6)  (234266.5)  (233487.8)  (232662.2)  (248965.0)  (248216.6)  (264335.7)  (289954.2)  (289218.5)
P4Approach6 8.90949007239e-11 4563166.0000  4520112.0000  4834228.0000  6152376.0000  7098387.0000  10478742.0000  10083767.0000  7385953.0000  6794309.0000  5541587.0000
 - (234709.1)  (234498.6)  (234266.5)  (233487.8)  (232662.2)  (248965.0)  (248216.6)  (264335.7)  (289954.2)  (289218.5)
P4Approach5 3.70465769897e-11 4581935.0000  4519572.0000  4847128.0000  6183003.0000  7194523.0000  10667058.0000  10326539.0000  7336025.0000  6600557.0000  5437841.0000
 - (234709.1)  (234498.6)  (234266.5)  (233487.8)  (232662.2)  (248965.0)  (248216.6)  (264335.7)  (289954.2)  (289218.5)
P4Approach10 3.70465769897e-11 4581935.0000  4519572.0000  4847128.0000  6183003.0000  7194523.0000  10667058.0000  10326539.0000  7336025.0000  6600557.0000  5437841.0000
 - (234709.1)  (234498.6)  (234266.5)  (233487.8)  (232662.2)  (248965.0)  (248216.6)  (264335.7)  (289954.2)  (289218.5)
P4Approach9 1.82817603728e-11 4600703.0000  4519032.0000  4860028.0000  6213630.0000  7290659.0000  10855375.0000  10569311.0000  7333645.0000  6474527.0000  5377548.0000
 - (234709.1)  (234498.6)  (234266.5)  (233487.8)  (232662.2)  (248965.0)  (248216.6)  (264335.7)  (289954.2)  (289218.5)
P4Approach4 1.82817603728e-11 4600703.0000  4519032.0000  4860028.0000  6213630.0000  7290659.0000  10855375.0000  10569311.0000  7333645.0000  6474527.0000  5377548.0000
 - (234709.1)  (234498.6)  (234266.5)  (233487.8)  (232662.2)  (248965.0)  (248216.6)  (264335.7)  (289954.2)  (289218.5)
P4Approach2 8.04101357832e-12 4600703.0000  4519032.0000  4860028.0000  6213630.0000  7290659.0000  10855375.0000  10569311.0000  7238550.0000  6339083.0000  5290642.0000
 - (234709.1)  (234498.6)  (234266.5)  (233487.8)  (232662.2)  (248965.0)  (248216.6)  (264335.7)  (289954.2)  (289218.5)
P4Approach7 8.04101357832e-12 4600703.0000  4519032.0000  4860028.0000  6213630.0000  7290659.0000  10855375.0000  10569311.0000  7238550.0000  6339083.0000  5290642.0000
 - (234709.1)  (234498.6)  (234266.5)  (233487.8)  (232662.2)  (248965.0)  (248216.6)  (264335.7)  (289954.2)  (289218.5)
PT score 2358484.0  2816378.0  3958764.0  4402737.0  5416076.0  6124668.0  7932236.0  9867443.0  6722791.0  5368149.0
P4Approach2 4.22417878739e-07 2615063.0000  3356891.0000  4264181.0000  4966169.0000  5677626.0000  7390369.0000  9571665.0000  6683275.0000  5126238.0000  3109182.0000
 - (324362.3)  (301997.2)  (301113.0)  (321356.6)  (260353.9)  (301969.9)  (301642.7)  (258769.3)  (262592.1)  (241443.3)
P4Approach4 3.83635565044e-07 2626358.0000  3390637.0000  4283959.0000  4997401.0000  5688417.0000  7418283.0000  9617232.0000  6664440.0000  5139152.0000  3143926.0000
 - (324362.3)  (301997.2)  (301113.0)  (321356.6)  (260353.9)  (301969.9)  (301642.7)  (258769.3)  (262592.1)  (241443.3)
P4Approach5 4.27277892498e-08 2537742.0000  3481930.0000  4490596.0000  5242945.0000  5855971.0000  7696494.0000  10012759.0000  6775650.0000  4985142.0000  2966551.0000
 - (324362.3)  (301997.2)  (301113.0)  (321356.6)  (260353.9)  (301969.9)  (301642.7)  (258769.3)  (262592.1)  (241443.3)
P4Approach1 2.62836450173e-09 2454773.0000  3590097.0000  4664460.0000  5474931.0000  6028920.0000  7988662.0000  10431071.0000  6877442.0000  4837589.0000  2795690.0000
 - (324362.3)  (301997.2)  (301113.0)  (321356.6)  (260353.9)  (301969.9)  (301642.7)  (258769.3)  (262592.1)  (241443.3)
P4Approach3 2.54154342311e-09 2454773.0000  3590097.0000  4749785.0000  5533279.0000  6028920.0000  7988662.0000  10431071.0000  6877442.0000  4837589.0000  2817404.0000
 - (324362.3)  (301997.2)  (301113.0)  (321356.6)  (260353.9)  (301969.9)  (301642.7)  (258769.3)  (262592.1)  (241443.3)
RO score 1145214.0  1247724.0  1236508.0  1907962.0  2413192.0  3877574.0  3877574.0  4370892.0  2580584.0
P4Approach9 1.6452627264e-06 875851.3000  1064284.0000  1497138.0000  1976496.0000  2424559.0000  3501185.0000  2514393.0000  2141140.0000  1910259.0000
 - (174862.9)  (173857.7)  (173745.5)  (153104.4)  (172892.5)  (152371.3)  (172939.6)  (172958.6)  (130525.9)
P4Approach4 1.6452627264e-06 875851.3000  1064284.0000  1497138.0000  1976496.0000  2424559.0000  3501185.0000  2514393.0000  2141140.0000  1910259.0000
 - (174862.9)  (173857.7)  (173745.5)  (153104.4)  (172892.5)  (152371.3)  (172939.6)  (172958.6)  (130525.9)
P4Approach2 1.38904899364e-06 875851.3000  1064284.0000  1500783.0000  1973491.0000  2439603.0000  3527516.0000  2494154.0000  2129488.0000  1907660.0000
 - (174862.9)  (173857.7)  (173745.5)  (153104.4)  (172892.5)  (152371.3)  (172939.6)  (172958.6)  (130525.9)
P4Approach7 1.38904899364e-06 875851.3000  1064284.0000  1500783.0000  1973491.0000  2439603.0000  3527516.0000  2494154.0000  2129488.0000  1907660.0000
 - (174862.9)  (173857.7)  (173745.5)  (153104.4)  (172892.5)  (152371.3)  (172939.6)  (172958.6)  (130525.9)
P4Approach5 3.2669310412e-07 1022952.0000  1196661.0000  1496737.0000  2021840.0000  2524657.0000  3733846.0000  2395718.0000  2009936.0000  1843136.0000
 - (174862.9)  (173857.7)  (173745.5)  (153104.4)  (172892.5)  (152371.3)  (172939.6)  (172958.6)  (130525.9)
P4Approach10 3.2669310412e-07 1022952.0000  1196661.0000  1496737.0000  2021840.0000  2524657.0000  3733846.0000  2395718.0000  2009936.0000  1843136.0000
 - (174862.9)  (173857.7)  (173745.5)  (153104.4)  (172892.5)  (152371.3)  (172939.6)  (172958.6)  (130525.9)
P4Approach8 4.06435189604e-08 1170052.0000  1329037.0000  1494514.0000  2068686.0000  2617232.0000  3953342.0000  2287162.0000  1884559.0000  1777313.0000
 - (174862.9)  (173857.7)  (173745.5)  (153104.4)  (172892.5)  (152371.3)  (172939.6)  (172958.6)  (130525.9)
P4Approach3 4.06435189604e-08 1170052.0000  1329037.0000  1494514.0000  2068686.0000  2617232.0000  3953342.0000  2287162.0000  1884559.0000  1777313.0000
 - (174862.9)  (173857.7)  (173745.5)  (153104.4)  (172892.5)  (152371.3)  (172939.6)  (172958.6)  (130525.9)
P4Approach1 4.06435189604e-08 1170052.0000  1329037.0000  1494514.0000  2068686.0000  2617232.0000  3953342.0000  2287162.0000  1884559.0000  1777313.0000
 - (174862.9)  (173857.7)  (173745.5)  (153104.4)  (172892.5)  (152371.3)  (172939.6)  (172958.6)  (130525.9)
P4Approach6 4.06435189604e-08 1170052.0000  1329037.0000  1494514.0000  2068686.0000  2617232.0000  3953342.0000  2287162.0000  1884559.0000  1777313.0000
 - (174862.9)  (173857.7)  (173745.5)  (153104.4)  (172892.5)  (152371.3)  (172939.6)  (172958.6)  (130525.9)
SE score 2745461.0  3148907.0  3500718.0  3432024.0  4379319.0  5694883.0  7918758.0  7918758.0  4067371.0  3589951.0
P4Approach4 0.0314589446064 3049055.0000  3254332.0000  3301838.0000  4584400.0000  5691812.0000  11384042.0000  7664526.0000  3900523.0000  3609862.0000  3119896.0000
 - (734657.7)  (732588.8)  (730375.8)  (728071.7)  (725546.5)  (724859.0)  (957644.6)  (954642.1)  (720065.7)  (379813.9)
P4Approach2 0.0299270084348 3130266.0000  3339024.0000  3379559.0000  4653385.0000  5769896.0000  11484839.0000  7800583.0000  4009068.0000  3688940.0000  3200542.0000
 - (734657.7)  (732588.8)  (730375.8)  (728071.7)  (725546.5)  (724859.0)  (957644.6)  (954642.1)  (720065.7)  (379813.9)
P4Approach5 0.0217705027812 3223401.0000  3489358.0000  3441850.0000  4736464.0000  5887958.0000  11456894.0000  7347197.0000  3609508.0000  3301718.0000  3115952.0000
 - (734657.7)  (732588.8)  (730375.8)  (728071.7)  (725546.5)  (724859.0)  (957644.6)  (954642.1)  (720065.7)  (379813.9)
P4Approach3 0.0142780987925 3357141.0000  3682037.0000  3543000.0000  4854035.0000  6045062.0000  11479348.0000  6961839.0000  3264220.0000  2954035.0000  3071685.0000
 - (734657.7)  (732588.8)  (730375.8)  (728071.7)  (725546.5)  (724859.0)  (957644.6)  (954642.1)  (720065.7)  (379813.9)
P4Approach1 0.0142780987925 3357141.0000  3682037.0000  3543000.0000  4854035.0000  6045062.0000  11479348.0000  6961839.0000  3264220.0000  2954035.0000  3071685.0000
 - (734657.7)  (732588.8)  (730375.8)  (728071.7)  (725546.5)  (724859.0)  (957644.6)  (954642.1)  (720065.7)  (379813.9)
SI score 626500.0  627781.0  626500.0  634164.0  800010.0  971451.0  1605226.0  1867197.0  1021997.0
P4Approach8 6.8825593892e-17 599602.3000  610417.8000  664529.8000  790870.2000  1003311.0000  1475470.0000  1678001.0000  955366.9000  735157.4000
 - (41323.34)  (41216.81)  (45044.44)  (46463.08)  (40746.6)  (40732.7)  (44523.56)  (41892.19)  (44973.76)
P4Approach3 6.8825593892e-17 599602.3000  610417.8000  664529.8000  790870.2000  1003311.0000  1475470.0000  1678001.0000  955366.9000  735157.4000
 - (41323.34)  (41216.81)  (45044.44)  (46463.08)  (40746.6)  (40732.7)  (44523.56)  (41892.19)  (44973.76)
P4Approach1 5.9833675948e-17 599602.3000  610417.8000  664529.8000  790870.2000  1004598.0000  1475470.0000  1678001.0000  955366.9000  727552.0000
 - (41323.34)  (41216.81)  (45044.44)  (46463.08)  (40746.6)  (40732.7)  (44523.56)  (41892.19)  (44973.76)
P4Approach6 5.9833675948e-17 599602.3000  610417.8000  664529.8000  790870.2000  1004598.0000  1475470.0000  1678001.0000  955366.9000  727552.0000
 - (41323.34)  (41216.81)  (45044.44)  (46463.08)  (40746.6)  (40732.7)  (44523.56)  (41892.19)  (44973.76)
P4Approach5 2.47104948904e-17 600757.5000  597444.7000  659887.3000  793848.1000  996655.5000  1484670.0000  1712030.0000  945318.8000  734494.3000
 - (41323.34)  (41216.81)  (45044.44)  (46463.08)  (40746.6)  (40732.7)  (44523.56)  (41892.19)  (44973.76)
P4Approach10 2.47104948904e-17 600757.5000  597444.7000  659887.3000  793848.1000  996655.5000  1484670.0000  1712030.0000  945318.8000  734494.3000
 - (41323.34)  (41216.81)  (45044.44)  (46463.08)  (40746.6)  (40732.7)  (44523.56)  (41892.19)  (44973.76)
P4Approach9 1.10518037647e-17 597901.6000  583541.9000  655188.2000  794667.8000  990092.2000  1484499.0000  1741649.0000  932551.1000  740753.5000
 - (41323.34)  (41216.81)  (45044.44)  (46463.08)  (40746.6)  (40732.7)  (44523.56)  (41892.19)  (44973.76)
P4Approach4 1.10518037647e-17 597901.6000  583541.9000  655188.2000  794667.8000  990092.2000  1484499.0000  1741649.0000  932551.1000  740753.5000
 - (41323.34)  (41216.81)  (45044.44)  (46463.08)  (40746.6)  (40732.7)  (44523.56)  (41892.19)  (44973.76)
P4Approach2 6.72091303374e-18 605923.9000  585401.5000  655301.6000  798984.2000  988621.6000  1503238.0000  1750469.0000  937990.4000  734514.5000
 - (41323.34)  (41216.81)  (45044.44)  (46463.08)  (40746.6)  (40732.7)  (44523.56)  (41892.19)  (44973.76)
P4Approach7 6.72091303374e-18 605923.9000  585401.5000  655301.6000  798984.2000  988621.6000  1503238.0000  1750469.0000  937990.4000  734514.5000
 - (41323.34)  (41216.81)  (45044.44)  (46463.08)  (40746.6)  (40732.7)  (44523.56)  (41892.19)  (44973.76)
SK score 867544.0  1036310.0  967003.0  893533.0  1076391.0  1220286.0  1834989.0  1895764.0  1275541.0  1124791.0
P4Approach5 0.0331280157738 898187.5000  903128.3000  916668.6000  1071841.0000  1146264.0000  1518678.0000  1642246.0000  1321643.0000  1214584.0000  988519.8000
 - (70111.98)  (70466.02)  (70671.02)  (70383.4)  (70251.2)  (75900.92)  (73768.53)  (70672.09)  (70479.62)  (62996.88)
P4Approach10 0.0331280157738 898187.5000  903128.3000  916668.6000  1071841.0000  1146264.0000  1518678.0000  1642246.0000  1321643.0000  1214584.0000  988519.8000
 - (70111.98)  (70466.02)  (70671.02)  (70383.4)  (70251.2)  (75900.92)  (73768.53)  (70672.09)  (70479.62)  (62996.88)
P4Approach2 0.0145402911942 850062.0000  826942.7000  877870.2000  983722.1000  1042493.0000  1280682.0000  1374924.0000  1322285.0000  1271693.0000  1018642.0000
 - (70111.98)  (70466.02)  (70671.02)  (70383.4)  (70251.2)  (75900.92)  (73768.53)  (70672.09)  (70479.62)  (62996.88)
P4Approach7 0.0145402911942 850062.0000  826942.7000  877870.2000  983722.1000  1042493.0000  1280682.0000  1374924.0000  1322285.0000  1271693.0000  1018642.0000
 - (70111.98)  (70466.02)  (70671.02)  (70383.4)  (70251.2)  (75900.92)  (73768.53)  (70672.09)  (70479.62)  (62996.88)
P4Approach9 0.0130371694757 850062.0000  826942.7000  877870.2000  983722.1000  1042493.0000  1280682.0000  1374924.0000  1322285.0000  1193134.0000  1006824.0000
 - (70111.98)  (70466.02)  (70671.02)  (70383.4)  (70251.2)  (75900.92)  (73768.53)  (70672.09)  (70479.62)  (62996.88)
P4Approach4 0.0130371694757 850062.0000  826942.7000  877870.2000  983722.1000  1042493.0000  1280682.0000  1374924.0000  1322285.0000  1193134.0000  1006824.0000
 - (70111.98)  (70466.02)  (70671.02)  (70383.4)  (70251.2)  (75900.92)  (73768.53)  (70672.09)  (70479.62)  (62996.88)
P4Approach8 0.00439172839626 946313.0000  987744.5000  963916.1000  1159959.0000  1250035.0000  1756674.0000  1909568.0000  1321002.0000  1196754.0000  964307.0000
 - (70111.98)  (70466.02)  (70671.02)  (70383.4)  (70251.2)  (75900.92)  (73768.53)  (70672.09)  (70479.62)  (62996.88)
P4Approach3 0.00439172839626 946313.0000  987744.5000  963916.1000  1159959.0000  1250035.0000  1756674.0000  1909568.0000  1321002.0000  1196754.0000  964307.0000
 - (70111.98)  (70466.02)  (70671.02)  (70383.4)  (70251.2)  (75900.92)  (73768.53)  (70672.09)  (70479.62)  (62996.88)
P4Approach1 0.00427581713352 946313.0000  970883.3000  947018.0000  1159959.0000  1250035.0000  1756674.0000  1909568.0000  1321002.0000  1196754.0000  964307.0000
 - (70111.98)  (70466.02)  (70671.02)  (70383.4)  (70251.2)  (75900.92)  (73768.53)  (70672.09)  (70479.62)  (62996.88)
P4Approach6 0.00427581713352 946313.0000  970883.3000  947018.0000  1159959.0000  1250035.0000  1756674.0000  1909568.0000  1321002.0000  1196754.0000  964307.0000
 - (70111.98)  (70466.02)  (70671.02)  (70383.4)  (70251.2)  (75900.92)  (73768.53)  (70672.09)  (70479.62)  (62996.88)
