AT score 99.0  111.6  111.6  107.5  109.7  110.3  107.4  109.4  114.3  112.4
P4Approach5 0.150838776469 97.8871  110.3849  109.7249  109.6432  107.4432  109.8730  105.4876  108.8721  114.8222  112.6223
 - (2.1098)  (2.1246)  (2.1157)  (2.111)  (2.1037)  (2.1033)  (2.1124)  (2.1074)  (2.1002)  (2.0587)
P4Approach3 0.1480947125 98.4971  110.1697  110.0205  109.6212  106.8694  109.1735  105.8304  108.5193  114.4907  112.7400
 - (2.1098)  (2.1246)  (2.1157)  (2.111)  (2.1037)  (2.1033)  (2.1124)  (2.1074)  (2.1002)  (2.0587)
P4Approach1 0.1480947125 98.4971  110.1697  110.0205  109.6212  106.8694  109.1735  105.8304  108.5193  114.4907  112.7400
 - (2.1098)  (2.1246)  (2.1157)  (2.111)  (2.1037)  (2.1033)  (2.1124)  (2.1074)  (2.1002)  (2.0587)
P4Approach2 0.147889441566 97.2771  110.6002  109.4293  109.6653  108.0170  110.5725  105.1448  109.2248  115.1537  112.5047
 - (2.1098)  (2.1246)  (2.1157)  (2.111)  (2.1037)  (2.1033)  (2.1124)  (2.1074)  (2.1002)  (2.0587)
P4Approach4 0.147889441566 97.2771  110.6002  109.4293  109.6653  108.0170  110.5725  105.1448  109.2248  115.1537  112.5047
 - (2.1098)  (2.1246)  (2.1157)  (2.111)  (2.1037)  (2.1033)  (2.1124)  (2.1074)  (2.1002)  (2.0587)
BE score 92.8  106.7  107.8  107.8  109.7  111.2  101.6  103.8  109.6  103.6
P4Approach9 0.121155663881 95.9627  108.1186  108.1816  108.4695  108.7657  110.9173  101.0265  105.9767  110.8031  102.4220
 - (2.9284)  (2.9338)  (2.9298)  (2.9142)  (2.904)  (2.9035)  (2.9246)  (2.9336)  (2.9186)  (2.7343)
P4Approach4 0.121155663881 95.9627  108.1186  108.1816  108.4695  108.7657  110.9173  101.0265  105.9767  110.8031  102.4220
 - (2.9284)  (2.9338)  (2.9298)  (2.9142)  (2.904)  (2.9035)  (2.9246)  (2.9336)  (2.9186)  (2.7343)
P4Approach2 0.119581179444 95.8617  108.7629  107.7867  107.9214  109.2821  110.8585  100.5310  106.3273  110.5843  102.4537
 - (2.9284)  (2.9338)  (2.9298)  (2.9142)  (2.904)  (2.9035)  (2.9246)  (2.9336)  (2.9186)  (2.7343)
P4Approach7 0.119581179444 95.8617  108.7629  107.7867  107.9214  109.2821  110.8585  100.5310  106.3273  110.5843  102.4537
 - (2.9284)  (2.9338)  (2.9298)  (2.9142)  (2.904)  (2.9035)  (2.9246)  (2.9336)  (2.9186)  (2.7343)
P4Approach5 0.114458199102 95.8533  108.4382  107.5875  107.3570  108.3970  109.0756  100.2835  106.9141  110.3158  102.8662
 - (2.9284)  (2.9338)  (2.9298)  (2.9142)  (2.904)  (2.9035)  (2.9246)  (2.9336)  (2.9186)  (2.7343)
P4Approach10 0.114458199102 95.8533  108.4382  107.5875  107.3570  108.3970  109.0756  100.2835  106.9141  110.3158  102.8662
 - (2.9284)  (2.9338)  (2.9298)  (2.9142)  (2.904)  (2.9035)  (2.9246)  (2.9336)  (2.9186)  (2.7343)
P4Approach8 0.101500711307 95.7944  108.4357  107.1909  106.5185  107.7700  107.2633  99.7883  107.6762  109.9379  103.2945
 - (2.9284)  (2.9338)  (2.9298)  (2.9142)  (2.904)  (2.9035)  (2.9246)  (2.9336)  (2.9186)  (2.7343)
P4Approach3 0.101500711307 95.7944  108.4357  107.1909  106.5185  107.7700  107.2633  99.7883  107.6762  109.9379  103.2945
 - (2.9284)  (2.9338)  (2.9298)  (2.9142)  (2.904)  (2.9035)  (2.9246)  (2.9336)  (2.9186)  (2.7343)
P4Approach1 0.101500711307 95.7944  108.4357  107.1909  106.5185  107.7700  107.2633  99.7883  107.6762  109.9379  103.2945
 - (2.9284)  (2.9338)  (2.9298)  (2.9142)  (2.904)  (2.9035)  (2.9246)  (2.9336)  (2.9186)  (2.7343)
P4Approach6 0.101500711307 95.7944  108.4357  107.1909  106.5185  107.7700  107.2633  99.7883  107.6762  109.9379  103.2945
 - (2.9284)  (2.9338)  (2.9298)  (2.9142)  (2.904)  (2.9035)  (2.9246)  (2.9336)  (2.9186)  (2.7343)
BG score 111.6  121.6  125.4  123.8  130.5  138.8  141.7  134.0  135.1  132.8
P4Approach8 0.0782158489767 105.8445  123.1345  127.6016  125.7666  127.7861  136.4144  136.2600  130.5778  134.1173  130.2432
 - (4.1897)  (2.8875)  (4.1873)  (2.8673)  (4.1547)  (4.1451)  (4.2075)  (4.2004)  (2.8863)  (3.1233)
P4Approach3 0.0782158489767 105.8445  123.1345  127.6016  125.7666  127.7861  136.4144  136.2600  130.5778  134.1173  130.2432
 - (4.1897)  (2.8875)  (4.1873)  (2.8673)  (4.1547)  (4.1451)  (4.2075)  (4.2004)  (2.8863)  (3.1233)
P4Approach1 0.0782158489767 105.8445  123.1345  127.6016  125.7666  127.7861  136.4144  136.2600  130.5778  134.1173  130.2432
 - (4.1897)  (2.8875)  (4.1873)  (2.8673)  (4.1547)  (4.1451)  (4.2075)  (4.2004)  (2.8863)  (3.1233)
P4Approach6 0.0782158489767 105.8445  123.1345  127.6016  125.7666  127.7861  136.4144  136.2600  130.5778  134.1173  130.2432
 - (4.1897)  (2.8875)  (4.1873)  (2.8673)  (4.1547)  (4.1451)  (4.2075)  (4.2004)  (2.8863)  (3.1233)
P4Approach5 0.0761204657352 104.3922  122.7630  127.8410  126.5267  129.0720  137.5017  138.0168  131.7667  134.2028  128.8357
 - (4.1897)  (2.8875)  (4.1873)  (2.8673)  (4.1547)  (4.1451)  (4.2075)  (4.2004)  (2.8863)  (3.1233)
P4Approach10 0.0761204657352 104.3922  122.7630  127.8410  126.5267  129.0720  137.5017  138.0168  131.7667  134.2028  128.8357
 - (4.1897)  (2.8875)  (4.1873)  (2.8673)  (4.1547)  (4.1451)  (4.2075)  (4.2004)  (2.8863)  (3.1233)
P4Approach9 0.0694219475964 102.9400  121.8735  126.9906  126.8194  129.6006  138.2072  139.3297  132.5308  133.8676  127.4289
 - (4.1897)  (2.8875)  (4.1873)  (2.8673)  (4.1547)  (4.1451)  (4.2075)  (4.2004)  (2.8863)  (3.1233)
P4Approach4 0.0694219475964 102.9400  121.8735  126.9906  126.8194  129.6006  138.2072  139.3297  132.5308  133.8676  127.4289
 - (4.1897)  (2.8875)  (4.1873)  (2.8673)  (4.1547)  (4.1451)  (4.2075)  (4.2004)  (2.8863)  (3.1233)
P4Approach2 0.0655233322134 102.9400  122.9093  129.1702  127.7541  131.1154  138.9709  140.2176  133.3806  134.7090  127.4275
 - (4.1897)  (2.8875)  (4.1873)  (2.8673)  (4.1547)  (4.1451)  (4.2075)  (4.2004)  (2.8863)  (3.1233)
P4Approach7 0.0655233322134 102.9400  122.9093  129.1702  127.7541  131.1154  138.9709  140.2176  133.3806  134.7090  127.4275
 - (4.1897)  (2.8875)  (4.1873)  (2.8673)  (4.1547)  (4.1451)  (4.2075)  (4.2004)  (2.8863)  (3.1233)
CY score 72.6  78.9  86.1  83.5  89.4  95.6  91.0  93.4  93.8
P4Approach4 0.0700394342641 69.6755  77.2582  82.0452  87.5393  88.8752  97.5694  90.2957  88.7834  88.7664
 - (4.0297)  (4.0198)  (4.3996)  (4.3876)  (4.3714)  (4.3676)  (4.3489)  (4.3281)  (4.3189)
P4Approach5 0.0687606202601 69.6868  77.6611  82.3051  87.7473  88.7776  97.5422  89.0991  88.7539  88.3334
 - (4.0297)  (4.0198)  (4.3996)  (4.3876)  (4.3714)  (4.3676)  (4.3489)  (4.3281)  (4.3189)
P4Approach2 0.0686697329314 69.7551  77.5632  82.6116  88.1543  89.1823  98.3089  90.2330  88.6457  88.5137
 - (4.0297)  (4.0198)  (4.3996)  (4.3876)  (4.3714)  (4.3676)  (4.3489)  (4.3281)  (4.3189)
P4Approach1 0.0674943300771 69.6583  77.9115  82.2818  87.6478  88.8739  97.1452  87.9339  88.7932  88.0267
 - (4.0297)  (4.0198)  (4.3996)  (4.3876)  (4.3714)  (4.3676)  (4.3489)  (4.3281)  (4.3189)
P4Approach3 0.0672566169732 69.6583  77.9115  82.2818  87.6478  88.1792  97.1452  87.9339  88.7932  88.0267
 - (4.0297)  (4.0198)  (4.3996)  (4.3876)  (4.3714)  (4.3676)  (4.3489)  (4.3281)  (4.3189)
CZ score 99.0  108.5  110.9  114.9  115.3  108.8  112.2  113.0  115.0
P4Approach2 0.115557695618 97.0475  109.9952  112.2103  113.6316  113.7833  112.3460  112.4269  111.7986  115.8966
 - (2.8508)  (2.8848)  (2.9287)  (2.9156)  (2.9328)  (2.9249)  (2.8813)  (2.8924)  (2.8876)
P4Approach4 0.115557695618 97.0475  109.9952  112.2103  113.6316  113.7833  112.3460  112.4269  111.7986  115.8966
 - (2.8508)  (2.8848)  (2.9287)  (2.9156)  (2.9328)  (2.9249)  (2.8813)  (2.8924)  (2.8876)
P4Approach5 0.1080068619 95.0890  109.5998  112.0154  114.2814  114.1588  112.4185  113.1327  111.5452  115.9071
 - (2.8508)  (2.8848)  (2.9287)  (2.9156)  (2.9328)  (2.9249)  (2.8813)  (2.8924)  (2.8876)
P4Approach3 0.0945810743224 93.1504  108.7956  110.9548  114.9312  113.4370  112.1889  113.5536  110.8739  115.3748
 - (2.8508)  (2.8848)  (2.9287)  (2.9156)  (2.9328)  (2.9249)  (2.8813)  (2.8924)  (2.8876)
P4Approach1 0.0903647471959 93.1106  109.6132  112.6864  114.9312  115.6317  112.7932  114.1234  111.7096  116.4603
 - (2.8508)  (2.8848)  (2.9287)  (2.9156)  (2.9328)  (2.9249)  (2.8813)  (2.8924)  (2.8876)
DE score 102.6  113.4  114.4  111.7  112.8  111.9  109.7  109.9  115.4  117.7
P4Approach5 0.108933005393 98.8486  114.5078  112.1322  113.0517  108.8999  112.8403  109.0574  111.5605  116.8735  116.6367
 - (2.6616)  (2.6666)  (2.7137)  (2.6613)  (2.6602)  (2.7104)  (2.7043)  (2.647)  (2.6417)  (2.6517)
P4Approach10 0.108933005393 98.8486  114.5078  112.1322  113.0517  108.8999  112.8403  109.0574  111.5605  116.8735  116.6367
 - (2.6616)  (2.6666)  (2.7137)  (2.6613)  (2.6602)  (2.7104)  (2.7043)  (2.647)  (2.6417)  (2.6517)
P4Approach1 0.104907168168 98.7646  113.3328  112.1857  111.5177  107.9744  110.8602  109.2001  110.9585  117.1096  116.3427
 - (2.6616)  (2.6666)  (2.7137)  (2.6613)  (2.6602)  (2.7104)  (2.7043)  (2.647)  (2.6417)  (2.6517)
P4Approach6 0.104907168168 98.7646  113.3328  112.1857  111.5177  107.9744  110.8602  109.2001  110.9585  117.1096  116.3427
 - (2.6616)  (2.6666)  (2.7137)  (2.6613)  (2.6602)  (2.7104)  (2.7043)  (2.647)  (2.6417)  (2.6517)
P4Approach8 0.103178666209 98.7646  113.3328  111.6668  111.5177  107.9744  110.8602  108.9975  110.9585  116.5299  115.9247
 - (2.6616)  (2.6666)  (2.7137)  (2.6613)  (2.6602)  (2.7104)  (2.7043)  (2.647)  (2.6417)  (2.6517)
P4Approach3 0.103178666209 98.7646  113.3328  111.6668  111.5177  107.9744  110.8602  108.9975  110.9585  116.5299  115.9247
 - (2.6616)  (2.6666)  (2.7137)  (2.6613)  (2.6602)  (2.7104)  (2.7043)  (2.647)  (2.6417)  (2.6517)
P4Approach2 0.100378053393 98.9325  115.6828  112.3381  114.5857  109.8255  114.8204  109.0160  112.1624  116.8661  117.1398
 - (2.6616)  (2.6666)  (2.7137)  (2.6613)  (2.6602)  (2.7104)  (2.7043)  (2.647)  (2.6417)  (2.6517)
P4Approach7 0.100378053393 98.9325  115.6828  112.3381  114.5857  109.8255  114.8204  109.0160  112.1624  116.8661  117.1398
 - (2.6616)  (2.6666)  (2.7137)  (2.6613)  (2.6602)  (2.7104)  (2.7043)  (2.647)  (2.6417)  (2.6517)
P4Approach9 0.100109521432 98.9325  115.6828  112.3381  114.5857  109.8255  114.8204  109.0160  112.1624  116.9885  117.1398
 - (2.6616)  (2.6666)  (2.7137)  (2.6613)  (2.6602)  (2.7104)  (2.7043)  (2.647)  (2.6417)  (2.6517)
P4Approach4 0.100109521432 98.9325  115.6828  112.3381  114.5857  109.8255  114.8204  109.0160  112.1624  116.9885  117.1398
 - (2.6616)  (2.6666)  (2.7137)  (2.6613)  (2.6602)  (2.7104)  (2.7043)  (2.647)  (2.6417)  (2.6517)
DK score 85.6  94.1  99.6  100.8  102.0  98.3  100.1  95.6  99.7  104.4
P4Approach2 0.106580073681 86.1460  98.6811  100.1295  103.4073  98.6291  97.8464  100.3822  94.9987  99.4397  101.1884
 - (2.3505)  (2.3412)  (2.3653)  (2.3548)  (2.3636)  (2.4827)  (2.3323)  (2.3246)  (2.3156)  (2.2788)
P4Approach7 0.106580073681 86.1460  98.6811  100.1295  103.4073  98.6291  97.8464  100.3822  94.9987  99.4397  101.1884
 - (2.3505)  (2.3412)  (2.3653)  (2.3548)  (2.3636)  (2.4827)  (2.3323)  (2.3246)  (2.3156)  (2.2788)
P4Approach9 0.104748807315 86.1460  98.6811  99.7353  103.0997  98.1109  97.9025  100.3822  94.9987  99.4397  101.1884
 - (2.3505)  (2.3412)  (2.3653)  (2.3548)  (2.3636)  (2.4827)  (2.3323)  (2.3246)  (2.3156)  (2.2788)
P4Approach4 0.104748807315 86.1460  98.6811  99.7353  103.0997  98.1109  97.9025  100.3822  94.9987  99.4397  101.1884
 - (2.3505)  (2.3412)  (2.3653)  (2.3548)  (2.3636)  (2.4827)  (2.3323)  (2.3246)  (2.3156)  (2.2788)
P4Approach5 0.103287440786 85.8987  98.5411  99.8184  103.6204  98.8410  97.8086  100.5554  95.0806  99.4292  100.4864
 - (2.3505)  (2.3412)  (2.3653)  (2.3548)  (2.3636)  (2.4827)  (2.3323)  (2.3246)  (2.3156)  (2.2788)
P4Approach10 0.103287440786 85.8987  98.5411  99.8184  103.6204  98.8410  97.8086  100.5554  95.0806  99.4292  100.4864
 - (2.3505)  (2.3412)  (2.3653)  (2.3548)  (2.3636)  (2.4827)  (2.3323)  (2.3246)  (2.3156)  (2.2788)
P4Approach8 0.0990187635739 85.6514  98.4011  99.7043  103.9873  99.3120  97.7428  100.7287  95.1626  99.4188  99.7845
 - (2.3505)  (2.3412)  (2.3653)  (2.3548)  (2.3636)  (2.4827)  (2.3323)  (2.3246)  (2.3156)  (2.2788)
P4Approach3 0.0990187635739 85.6514  98.4011  99.7043  103.9873  99.3120  97.7428  100.7287  95.1626  99.4188  99.7845
 - (2.3505)  (2.3412)  (2.3653)  (2.3548)  (2.3636)  (2.4827)  (2.3323)  (2.3246)  (2.3156)  (2.2788)
P4Approach1 0.0990187635739 85.6514  98.4011  99.7043  103.9873  99.3120  97.7428  100.7287  95.1626  99.4188  99.7845
 - (2.3505)  (2.3412)  (2.3653)  (2.3548)  (2.3636)  (2.4827)  (2.3323)  (2.3246)  (2.3156)  (2.2788)
P4Approach6 0.0990187635739 85.6514  98.4011  99.7043  103.9873  99.3120  97.7428  100.7287  95.1626  99.4188  99.7845
 - (2.3505)  (2.3412)  (2.3653)  (2.3548)  (2.3636)  (2.4827)  (2.3323)  (2.3246)  (2.3156)  (2.2788)
EE score 120.6  136.1  141.3  153.8  151.7  156.6  154.8  146.2  148.1  147.1
P4Approach8 0.0684745210774 122.5344  138.5118  140.8460  146.9439  150.0247  157.1510  154.2598  147.7154  152.5526  141.9221
 - (4.2738)  (3.3538)  (4.3201)  (4.3521)  (4.3245)  (4.3548)  (4.3202)  (4.2852)  (4.2739)  (3.3181)
P4Approach3 0.0684745210774 122.5344  138.5118  140.8460  146.9439  150.0247  157.1510  154.2598  147.7154  152.5526  141.9221
 - (4.2738)  (3.3538)  (4.3201)  (4.3521)  (4.3245)  (4.3548)  (4.3202)  (4.2852)  (4.2739)  (3.3181)
P4Approach1 0.0666222971755 122.5344  138.5118  140.8460  146.9439  150.0247  157.1510  154.2598  147.7154  152.5526  141.3686
 - (4.2738)  (3.3538)  (4.3201)  (4.3521)  (4.3245)  (4.3548)  (4.3202)  (4.2852)  (4.2739)  (3.3181)
P4Approach6 0.0666222971755 122.5344  138.5118  140.8460  146.9439  150.0247  157.1510  154.2598  147.7154  152.5526  141.3686
 - (4.2738)  (3.3538)  (4.3201)  (4.3521)  (4.3245)  (4.3548)  (4.3202)  (4.2852)  (4.2739)  (3.3181)
P4Approach5 0.0660493608465 123.6125  139.1781  141.4503  146.9278  149.8037  158.3006  153.5180  145.3225  151.8192  141.6504
 - (4.2738)  (3.3538)  (4.3201)  (4.3521)  (4.3245)  (4.3548)  (4.3202)  (4.2852)  (4.2739)  (3.3181)
P4Approach10 0.0660493608465 123.6125  139.1781  141.4503  146.9278  149.8037  158.3006  153.5180  145.3225  151.8192  141.6504
 - (4.2738)  (3.3538)  (4.3201)  (4.3521)  (4.3245)  (4.3548)  (4.3202)  (4.2852)  (4.2739)  (3.3181)
P4Approach2 0.0613267274676 124.0786  140.8350  142.0582  147.0473  149.0623  159.1439  153.3997  142.9926  151.1859  142.1194
 - (4.2738)  (3.3538)  (4.3201)  (4.3521)  (4.3245)  (4.3548)  (4.3202)  (4.2852)  (4.2739)  (3.3181)
P4Approach7 0.0613267274676 124.0786  140.8350  142.0582  147.0473  149.0623  159.1439  153.3997  142.9926  151.1859  142.1194
 - (4.2738)  (3.3538)  (4.3201)  (4.3521)  (4.3245)  (4.3548)  (4.3202)  (4.2852)  (4.2739)  (3.3181)
P4Approach9 0.059687036024 125.3025  138.8538  142.0509  146.7759  150.1031  159.7566  152.1526  142.8665  150.9858  141.1916
 - (4.2738)  (3.3538)  (4.3201)  (4.3521)  (4.3245)  (4.3548)  (4.3202)  (4.2852)  (4.2739)  (3.3181)
P4Approach4 0.059687036024 125.3025  138.8538  142.0509  146.7759  150.1031  159.7566  152.1526  142.8665  150.9858  141.1916
 - (4.2738)  (3.3538)  (4.3201)  (4.3521)  (4.3245)  (4.3548)  (4.3202)  (4.2852)  (4.2739)  (3.3181)
EL score 60.7  64.7  74.1  67.2  70.8  76.7  72.6  72.4  69.7
P4Approach2 0.0613387300566 60.7692  64.5196  69.1731  68.9174  69.3840  75.2424  68.5038  69.0314  70.6077
 - (6.0853)  (5.5844)  (6.0377)  (6.0109)  (5.9841)  (5.9746)  (5.8561)  (5.8543)  (5.8629)
P4Approach4 0.0613387300566 60.7692  64.5196  69.1731  68.9174  69.3840  75.2424  68.5038  69.0314  70.6077
 - (6.0853)  (5.5844)  (6.0377)  (6.0109)  (5.9841)  (5.9746)  (5.8561)  (5.8543)  (5.8629)
P4Approach5 0.0584436371438 62.4674  65.5257  70.0575  67.7665  68.3637  73.7511  66.4567  69.2211  72.3913
 - (6.0853)  (5.5844)  (6.0377)  (6.0109)  (5.9841)  (5.9746)  (5.8561)  (5.8543)  (5.8629)
P4Approach3 0.0527792590455 64.5522  66.5319  70.9418  66.6156  67.3433  71.7155  64.8544  69.4107  74.1749
 - (6.0853)  (5.5844)  (6.0377)  (6.0109)  (5.9841)  (5.9746)  (5.8561)  (5.8543)  (5.8629)
P4Approach1 0.0527515477486 63.7793  66.5319  70.9418  66.6156  67.3433  72.8040  63.9648  69.4107  74.1749
 - (6.0853)  (5.5844)  (6.0377)  (6.0109)  (5.9841)  (5.9746)  (5.8561)  (5.8543)  (5.8629)
ES score 81.6  87.7  90.5  90.4  94.8  100.9  91.6  92.2  94.1  93.3
P4Approach9 0.12773691995 80.9606  88.3679  88.5725  92.4247  92.4464  100.6516  90.4149  91.3347  93.2690  91.4335
 - (2.8074)  (2.4928)  (2.4833)  (2.4808)  (2.4705)  (2.7593)  (2.4503)  (2.4567)  (3.8659)  (2.5387)
P4Approach4 0.12773691995 80.9606  88.3679  88.5725  92.4247  92.4464  100.6516  90.4149  91.3347  93.2690  91.4335
 - (2.8074)  (2.4928)  (2.4833)  (2.4808)  (2.4705)  (2.7593)  (2.4503)  (2.4567)  (3.8659)  (2.5387)
P4Approach2 0.124204453902 80.8451  88.2403  88.7695  92.6836  92.2107  100.4810  89.5913  91.8284  93.3437  91.4931
 - (2.8074)  (2.4928)  (2.4833)  (2.4808)  (2.4705)  (2.7593)  (2.4503)  (2.4567)  (3.8659)  (2.5387)
P4Approach7 0.124204453902 80.8451  88.2403  88.7695  92.6836  92.2107  100.4810  89.5913  91.8284  93.3437  91.4931
 - (2.8074)  (2.4928)  (2.4833)  (2.4808)  (2.4705)  (2.7593)  (2.4503)  (2.4567)  (3.8659)  (2.5387)
P4Approach5 0.123601403332 80.9742  88.6428  88.5083  92.0193  92.3705  99.8438  89.2816  91.8450  93.1635  91.3995
 - (2.8074)  (2.4928)  (2.4833)  (2.4808)  (2.4705)  (2.7593)  (2.4503)  (2.4567)  (3.8659)  (2.5387)
P4Approach10 0.123601403332 80.9742  88.6428  88.5083  92.0193  92.3705  99.8438  89.2816  91.8450  93.1635  91.3995
 - (2.8074)  (2.4928)  (2.4833)  (2.4808)  (2.4705)  (2.7593)  (2.4503)  (2.4567)  (3.8659)  (2.5387)
P4Approach1 0.118834098767 81.2352  88.9601  88.4391  91.4877  92.4751  99.1093  88.5816  91.9801  93.1525  91.2503
 - (2.8074)  (2.4928)  (2.4833)  (2.4808)  (2.4705)  (2.7593)  (2.4503)  (2.4567)  (3.8659)  (2.5387)
P4Approach6 0.118834098767 81.2352  88.9601  88.4391  91.4877  92.4751  99.1093  88.5816  91.9801  93.1525  91.2503
 - (2.8074)  (2.4928)  (2.4833)  (2.4808)  (2.4705)  (2.7593)  (2.4503)  (2.4567)  (3.8659)  (2.5387)
P4Approach8 0.117321117266 80.8557  89.0027  88.2518  91.4814  92.3496  99.1332  88.5388  92.2367  92.8886  91.4210
 - (2.8074)  (2.4928)  (2.4833)  (2.4808)  (2.4705)  (2.7593)  (2.4503)  (2.4567)  (3.8659)  (2.5387)
P4Approach3 0.117321117266 80.8557  89.0027  88.2518  91.4814  92.3496  99.1332  88.5388  92.2367  92.8886  91.4210
 - (2.8074)  (2.4928)  (2.4833)  (2.4808)  (2.4705)  (2.7593)  (2.4503)  (2.4567)  (3.8659)  (2.5387)
FI score 92.0  103.2  106.8  111.8  113.2  114.0  111.3  106.5  106.9  107.9
P4Approach5 0.140595098917 89.5161  102.9161  104.6345  112.2970  113.5408  115.8842  111.3883  104.6131  108.1812  106.2316
 - (2.2668)  (2.2783)  (2.2722)  (2.2757)  (2.2622)  (2.3093)  (2.298)  (2.2447)  (2.2449)  (2.2937)
P4Approach15 0.140595098917 89.5161  102.9161  104.6345  112.2970  113.5408  115.8842  111.3883  104.6131  108.1812  106.2316
 - (2.2668)  (2.2783)  (2.2722)  (2.2757)  (2.2622)  (2.3093)  (2.298)  (2.2447)  (2.2449)  (2.2937)
P4Approach10 0.140595098917 89.5161  102.9161  104.6345  112.2970  113.5408  115.8842  111.3883  104.6131  108.1812  106.2316
 - (2.2668)  (2.2783)  (2.2722)  (2.2757)  (2.2622)  (2.3093)  (2.298)  (2.2447)  (2.2449)  (2.2937)
P4Approach9 0.139043370716 90.0190  103.8660  104.4330  112.7170  112.1752  115.9852  111.3659  104.4682  107.9347  106.1653
 - (2.2668)  (2.2783)  (2.2722)  (2.2757)  (2.2622)  (2.3093)  (2.298)  (2.2447)  (2.2449)  (2.2937)
P4Approach4 0.139043370716 90.0190  103.8660  104.4330  112.7170  112.1752  115.9852  111.3659  104.4682  107.9347  106.1653
 - (2.2668)  (2.2783)  (2.2722)  (2.2757)  (2.2622)  (2.3093)  (2.298)  (2.2447)  (2.2449)  (2.2937)
P4Approach14 0.139043370716 90.0190  103.8660  104.4330  112.7170  112.1752  115.9852  111.3659  104.4682  107.9347  106.1653
 - (2.2668)  (2.2783)  (2.2722)  (2.2757)  (2.2622)  (2.3093)  (2.298)  (2.2447)  (2.2449)  (2.2937)
P4Approach2 0.137479660949 89.5700  103.9156  104.7338  111.9997  113.2555  116.6040  111.1260  104.6073  107.8217  106.0767
 - (2.2668)  (2.2783)  (2.2722)  (2.2757)  (2.2622)  (2.3093)  (2.298)  (2.2447)  (2.2449)  (2.2937)
P4Approach7 0.137479660949 89.5700  103.9156  104.7338  111.9997  113.2555  116.6040  111.1260  104.6073  107.8217  106.0767
 - (2.2668)  (2.2783)  (2.2722)  (2.2757)  (2.2622)  (2.3093)  (2.298)  (2.2447)  (2.2449)  (2.2937)
P4Approach12 0.137479660949 89.5700  103.9156  104.7338  111.9997  113.2555  116.6040  111.1260  104.6073  107.8217  106.0767
 - (2.2668)  (2.2783)  (2.2722)  (2.2757)  (2.2622)  (2.3093)  (2.298)  (2.2447)  (2.2449)  (2.2937)
P4Approach8 0.136692542267 89.2377  101.9414  104.6856  112.2356  114.3663  115.4738  111.5306  104.6884  108.4842  106.3421
 - (2.2668)  (2.2783)  (2.2722)  (2.2757)  (2.2622)  (2.3093)  (2.298)  (2.2447)  (2.2449)  (2.2937)
P4Approach3 0.136692542267 89.2377  101.9414  104.6856  112.2356  114.3663  115.4738  111.5306  104.6884  108.4842  106.3421
 - (2.2668)  (2.2783)  (2.2722)  (2.2757)  (2.2622)  (2.3093)  (2.298)  (2.2447)  (2.2449)  (2.2937)
P4Approach1 0.136692542267 89.2377  101.9414  104.6856  112.2356  114.3663  115.4738  111.5306  104.6884  108.4842  106.3421
 - (2.2668)  (2.2783)  (2.2722)  (2.2757)  (2.2622)  (2.3093)  (2.298)  (2.2447)  (2.2449)  (2.2937)
P4Approach6 0.136692542267 89.2377  101.9414  104.6856  112.2356  114.3663  115.4738  111.5306  104.6884  108.4842  106.3421
 - (2.2668)  (2.2783)  (2.2722)  (2.2757)  (2.2622)  (2.3093)  (2.298)  (2.2447)  (2.2449)  (2.2937)
P4Approach13 0.136692542267 89.2377  101.9414  104.6856  112.2356  114.3663  115.4738  111.5306  104.6884  108.4842  106.3421
 - (2.2668)  (2.2783)  (2.2722)  (2.2757)  (2.2622)  (2.3093)  (2.298)  (2.2447)  (2.2449)  (2.2937)
P4Approach11 0.136692542267 89.2377  101.9414  104.6856  112.2356  114.3663  115.4738  111.5306  104.6884  108.4842  106.3421
 - (2.2668)  (2.2783)  (2.2722)  (2.2757)  (2.2622)  (2.3093)  (2.298)  (2.2447)  (2.2449)  (2.2937)
FR score 104.3  108.7  110.2  107.7  111.6  99.7  125.6  111.1  112.7  111.1
P4Approach8 0.0142130285038 90.0997  99.9640  110.4069  109.9437  111.5859  99.7408  124.7369  110.2711  115.9180  108.5589
 - (2.4353)  (2.5779)  (2.2201)  (2.2093)  (2.191)  (2.1889)  (2.165)  (2.1617)  (2.101)  (2.0861)
P4Approach3 0.0142130285038 90.0997  99.9640  110.4069  109.9437  111.5859  99.7408  124.7369  110.2711  115.9180  108.5589
 - (2.4353)  (2.5779)  (2.2201)  (2.2093)  (2.191)  (2.1889)  (2.165)  (2.1617)  (2.101)  (2.0861)
P4Approach1 0.0142130285038 90.0997  99.9640  110.4069  109.9437  111.5859  99.7408  124.7369  110.2711  115.9180  108.5589
 - (2.4353)  (2.5779)  (2.2201)  (2.2093)  (2.191)  (2.1889)  (2.165)  (2.1617)  (2.101)  (2.0861)
P4Approach6 0.0142130285038 90.0997  99.9640  110.4069  109.9437  111.5859  99.7408  124.7369  110.2711  115.9180  108.5589
 - (2.4353)  (2.5779)  (2.2201)  (2.2093)  (2.191)  (2.1889)  (2.165)  (2.1617)  (2.101)  (2.0861)
P4Approach5 0.0131224630449 89.8340  99.6160  110.1410  110.3168  112.1582  100.0866  125.4521  110.5339  115.3569  108.6465
 - (2.4353)  (2.5779)  (2.2201)  (2.2093)  (2.191)  (2.1889)  (2.165)  (2.1617)  (2.101)  (2.0861)
P4Approach10 0.0131224630449 89.8340  99.6160  110.1410  110.3168  112.1582  100.0866  125.4521  110.5339  115.3569  108.6465
 - (2.4353)  (2.5779)  (2.2201)  (2.2093)  (2.191)  (2.1889)  (2.165)  (2.1617)  (2.101)  (2.0861)
P4Approach9 0.0123488148371 89.8808  99.2705  109.9622  111.0147  112.7483  100.2586  126.3210  110.7143  114.6328  108.5925
 - (2.4353)  (2.5779)  (2.2201)  (2.2093)  (2.191)  (2.1889)  (2.165)  (2.1617)  (2.101)  (2.0861)
P4Approach4 0.0123488148371 89.8808  99.2705  109.9622  111.0147  112.7483  100.2586  126.3210  110.7143  114.6328  108.5925
 - (2.4353)  (2.5779)  (2.2201)  (2.2093)  (2.191)  (2.1889)  (2.165)  (2.1617)  (2.101)  (2.0861)
P4Approach2 0.0109841115077 89.2556  99.2656  109.7880  110.3653  112.7125  100.6061  126.0135  110.8793  114.9586  108.8757
 - (2.4353)  (2.5779)  (2.2201)  (2.2093)  (2.191)  (2.1889)  (2.165)  (2.1617)  (2.101)  (2.0861)
P4Approach7 0.0109841115077 89.2556  99.2656  109.7880  110.3653  112.7125  100.6061  126.0135  110.8793  114.9586  108.8757
 - (2.4353)  (2.5779)  (2.2201)  (2.2093)  (2.191)  (2.1889)  (2.165)  (2.1617)  (2.101)  (2.0861)
HR score 84.8  98.8  103.8  105.6  112.2  127.0  127.1  113.1  108.3
P4Approach2 0.0825823892393 84.3535  99.3181  105.2964  108.9272  114.2620  129.1250  125.8271  112.5790  107.1245
 - (4.7941)  (4.0497)  (4.7549)  (4.0157)  (4.717)  (4.6959)  (4.6766)  (4.6688)  (4.0108)
P4Approach4 0.0823248027066 84.3974  99.2939  105.1170  108.8308  114.2038  129.4653  126.0404  111.9827  106.8848
 - (4.7941)  (4.0497)  (4.7549)  (4.0157)  (4.717)  (4.6959)  (4.6766)  (4.6688)  (4.0108)
P4Approach5 0.0804918208953 84.6470  99.3256  104.2497  107.6044  111.3423  125.5509  122.2729  111.0033  109.9493
 - (4.7941)  (4.0497)  (4.7549)  (4.0157)  (4.717)  (4.6959)  (4.6766)  (4.6688)  (4.0108)
P4Approach1 0.0618679971765 84.9185  99.3453  103.2927  106.3298  108.4517  121.8066  118.6120  111.5837  112.8017
 - (4.7941)  (4.0497)  (4.7549)  (4.0157)  (4.717)  (4.6959)  (4.6766)  (4.6688)  (4.0108)
P4Approach3 0.057699450306 84.9185  99.3453  103.2927  106.3298  108.4517  121.8066  118.6120  107.8680  112.9860
 - (4.7941)  (4.0497)  (4.7549)  (4.0157)  (4.717)  (4.6959)  (4.6766)  (4.6688)  (4.0108)
HU score 103.8  121.4  125.0  125.5  129.7  136.4  136.8  133.7  137.0  135.4
P4Approach2 0.13040349417 104.3001  120.5482  125.5599  124.4587  127.9485  138.9946  137.0931  131.4328  137.4560  133.6963
 - (2.7094)  (2.6781)  (2.6699)  (2.661)  (2.6621)  (2.6492)  (2.5989)  (2.6186)  (2.6095)  (2.5086)
P4Approach4 0.13040349417 104.3001  120.5482  125.5599  124.4587  127.9485  138.9946  137.0931  131.4328  137.4560  133.6963
 - (2.7094)  (2.6781)  (2.6699)  (2.661)  (2.6621)  (2.6492)  (2.5989)  (2.6186)  (2.6095)  (2.5086)
P4Approach5 0.129490903354 103.0483  120.3725  125.7663  124.8502  128.1281  139.1914  137.7859  132.3799  137.7096  133.1257
 - (2.7094)  (2.6781)  (2.6699)  (2.661)  (2.6621)  (2.6492)  (2.5989)  (2.6186)  (2.6095)  (2.5086)
P4Approach3 0.122087938692 101.7966  120.1969  125.9727  125.2417  128.3078  139.3883  138.4786  133.3269  137.9631  132.5551
 - (2.7094)  (2.6781)  (2.6699)  (2.661)  (2.6621)  (2.6492)  (2.5989)  (2.6186)  (2.6095)  (2.5086)
P4Approach1 0.122087938692 101.7966  120.1969  125.9727  125.2417  128.3078  139.3883  138.4786  133.3269  137.9631  132.5551
 - (2.7094)  (2.6781)  (2.6699)  (2.661)  (2.6621)  (2.6492)  (2.5989)  (2.6186)  (2.6095)  (2.5086)
IT score 85.0  96.8  97.9  100.7  97.4  104.3  94.3  99.8  107.1
P4Approach3 0.134855182864 83.3923  96.6759  99.7541  102.5079  97.3786  104.7087  94.0272  99.6524  105.2365
 - (2.7382)  (2.7262)  (2.7176)  (2.7058)  (2.7)  (2.599)  (2.5935)  (2.6708)  (2.6594)
P4Approach1 0.134855182864 83.3923  96.6759  99.7541  102.5079  97.3786  104.7087  94.0272  99.6524  105.2365
 - (2.7382)  (2.7262)  (2.7176)  (2.7058)  (2.7)  (2.599)  (2.5935)  (2.6708)  (2.6594)
P4Approach5 0.132670981739 85.3862  98.7458  98.0801  101.4059  98.6749  103.7602  95.1460  99.6915  104.3024
 - (2.7382)  (2.7262)  (2.7176)  (2.7058)  (2.7)  (2.599)  (2.5935)  (2.6708)  (2.6594)
P4Approach2 0.103333110827 87.0829  100.8852  96.2749  100.5468  99.7756  102.9059  95.8713  99.6819  103.3719
 - (2.7382)  (2.7262)  (2.7176)  (2.7058)  (2.7)  (2.599)  (2.5935)  (2.6708)  (2.6594)
P4Approach4 0.0977609374554 87.6772  100.7461  96.5373  100.0609  100.1667  102.7176  96.6582  99.7792  103.3646
 - (2.7382)  (2.7262)  (2.7176)  (2.7058)  (2.7)  (2.599)  (2.5935)  (2.6708)  (2.6594)
LT score 117.5  132.7  136.4  143.9  146.4  150.4  154.8  146.5  151.2  144.6
P4Approach5 0.0962876661786 116.7514  133.5303  137.0994  143.9513  143.5284  150.8321  151.1280  143.4177  151.5056  143.3014
 - (4.3378)  (3.4319)  (3.4204)  (3.4042)  (3.3897)  (4.2499)  (3.3941)  (3.3957)  (3.3906)  (3.3967)
P4Approach10 0.0962876661786 116.7514  133.5303  137.0994  143.9513  143.5284  150.8321  151.1280  143.4177  151.5056  143.3014
 - (4.3378)  (3.4319)  (3.4204)  (3.4042)  (3.3897)  (4.2499)  (3.3941)  (3.3957)  (3.3906)  (3.3967)
P4Approach8 0.0952456550127 118.0371  133.6144  136.0602  143.7881  142.6378  149.2978  151.3402  144.1435  151.4748  142.7364
 - (4.3378)  (3.4319)  (3.4204)  (3.4042)  (3.3897)  (4.2499)  (3.3941)  (3.3957)  (3.3906)  (3.3967)
P4Approach3 0.0952456550127 118.0371  133.6144  136.0602  143.7881  142.6378  149.2978  151.3402  144.1435  151.4748  142.7364
 - (4.3378)  (3.4319)  (3.4204)  (3.4042)  (3.3897)  (4.2499)  (3.3941)  (3.3957)  (3.3906)  (3.3967)
P4Approach1 0.0952456550127 118.0371  133.6144  136.0602  143.7881  142.6378  149.2978  151.3402  144.1435  151.4748  142.7364
 - (4.3378)  (3.4319)  (3.4204)  (3.4042)  (3.3897)  (4.2499)  (3.3941)  (3.3957)  (3.3906)  (3.3967)
P4Approach6 0.0952456550127 118.0371  133.6144  136.0602  143.7881  142.6378  149.2978  151.3402  144.1435  151.4748  142.7364
 - (4.3378)  (3.4319)  (3.4204)  (3.4042)  (3.3897)  (4.2499)  (3.3941)  (3.3957)  (3.3906)  (3.3967)
P4Approach9 0.093165853931 115.5092  133.6148  138.1153  144.1253  144.3054  152.2001  151.0123  142.6225  151.4104  144.1940
 - (4.3378)  (3.4319)  (3.4204)  (3.4042)  (3.3897)  (4.2499)  (3.3941)  (3.3957)  (3.3906)  (3.3967)
P4Approach4 0.093165853931 115.5092  133.6148  138.1153  144.1253  144.3054  152.2001  151.0123  142.6225  151.4104  144.1940
 - (4.3378)  (3.4319)  (3.4204)  (3.4042)  (3.3897)  (4.2499)  (3.3941)  (3.3957)  (3.3906)  (3.3967)
P4Approach2 0.0926091964904 115.4223  133.2777  138.1621  144.1038  144.5325  152.5328  150.8193  142.7613  151.6626  143.5389
 - (4.3378)  (3.4319)  (3.4204)  (3.4042)  (3.3897)  (4.2499)  (3.3941)  (3.3957)  (3.3906)  (3.3967)
P4Approach7 0.0926091964904 115.4223  133.2777  138.1621  144.1038  144.5325  152.5328  150.8193  142.7613  151.6626  143.5389
 - (4.3378)  (3.4319)  (3.4204)  (3.4042)  (3.3897)  (4.2499)  (3.3941)  (3.3957)  (3.3906)  (3.3967)
LU score 200.4  220.2  204.6  205.0  194.8  225.3  217.5  231.8  239.8  318.1
P4Approach2 0.0198743870572 181.6355  210.0898  200.0797  213.7550  212.3480  239.4167  208.2714  222.0598  238.6269  316.6585
 - (13.0867)  (19.0277)  (19.0908)  (13.4046)  (13.346)  (19.9674)  (19.6258)  (13.1272)  (12.871)  (10.123)
P4Approach4 0.0197608601169 182.5598  210.3984  200.9262  213.7550  212.3480  239.4167  210.8081  222.0598  238.6992  311.1287
 - (13.0867)  (19.0277)  (19.0908)  (13.4046)  (13.346)  (19.9674)  (19.6258)  (13.1272)  (12.871)  (10.123)
P4Approach5 0.019140613258 177.5657  203.7313  208.9959  207.1951  206.7115  224.3478  201.5977  219.9116  237.6211  311.5041
 - (13.0867)  (19.0277)  (19.0908)  (13.4046)  (13.346)  (19.9674)  (19.6258)  (13.1272)  (12.871)  (10.123)
P4Approach3 0.0155725512454 173.0337  197.2186  217.4889  200.6352  201.0749  209.2789  193.6556  217.7635  236.5792  309.1147
 - (13.0867)  (19.0277)  (19.0908)  (13.4046)  (13.346)  (19.9674)  (19.6258)  (13.1272)  (12.871)  (10.123)
P4Approach1 0.0155725512454 173.0337  197.2186  217.4889  200.6352  201.0749  209.2789  193.6556  217.7635  236.5792  309.1147
 - (13.0867)  (19.0277)  (19.0908)  (13.4046)  (13.346)  (19.9674)  (19.6258)  (13.1272)  (12.871)  (10.123)
LV score 110.1  121.7  126.7  132.5  132.6  138.0  139.5  130.9  133.5  128.2
P4Approach1 0.0822716383045 106.7637  121.4710  121.9004  131.6955  133.7223  138.9505  139.4630  131.6096  133.2018  126.3539
 - (5.0737)  (3.7495)  (5.0339)  (3.7465)  (5.0142)  (5.0133)  (4.9893)  (4.9697)  (3.6651)  (3.6327)
P4Approach6 0.0822716383045 106.7637  121.4710  121.9004  131.6955  133.7223  138.9505  139.4630  131.6096  133.2018  126.3539
 - (5.0737)  (3.7495)  (5.0339)  (3.7465)  (5.0142)  (5.0133)  (4.9893)  (4.9697)  (3.6651)  (3.6327)
P4Approach8 0.0821754435514 106.7637  121.4539  121.8447  131.5677  133.1990  138.9505  139.4630  131.9518  133.2733  126.3539
 - (5.0737)  (3.7495)  (5.0339)  (3.7465)  (5.0142)  (5.0133)  (4.9893)  (4.9697)  (3.6651)  (3.6327)
P4Approach3 0.0821754435514 106.7637  121.4539  121.8447  131.5677  133.1990  138.9505  139.4630  131.9518  133.2733  126.3539
 - (5.0737)  (3.7495)  (5.0339)  (3.7465)  (5.0142)  (5.0133)  (4.9893)  (4.9697)  (3.6651)  (3.6327)
P4Approach5 0.0793133955359 107.1933  122.5111  123.4017  131.1083  133.3633  140.9614  140.1567  130.7536  133.3310  124.2869
 - (5.0737)  (3.7495)  (5.0339)  (3.7465)  (5.0142)  (5.0133)  (4.9893)  (4.9697)  (3.6651)  (3.6327)
P4Approach10 0.0793133955359 107.1933  122.5111  123.4017  131.1083  133.3633  140.9614  140.1567  130.7536  133.3310  124.2869
 - (5.0737)  (3.7495)  (5.0339)  (3.7465)  (5.0142)  (5.0133)  (4.9893)  (4.9697)  (3.6651)  (3.6327)
P4Approach2 0.0711983592013 107.6229  123.3291  124.4589  130.4851  133.3162  142.9032  140.6404  129.4886  133.3221  122.3121
 - (5.0737)  (3.7495)  (5.0339)  (3.7465)  (5.0142)  (5.0133)  (4.9893)  (4.9697)  (3.6651)  (3.6327)
P4Approach7 0.0711983592013 107.6229  123.3291  124.4589  130.4851  133.3162  142.9032  140.6404  129.4886  133.3221  122.3121
 - (5.0737)  (3.7495)  (5.0339)  (3.7465)  (5.0142)  (5.0133)  (4.9893)  (4.9697)  (3.6651)  (3.6327)
P4Approach9 0.0706659694703 107.6229  123.7903  125.4027  130.6850  133.2156  143.0414  141.0604  129.9645  133.5269  122.1278
 - (5.0737)  (3.7495)  (5.0339)  (3.7465)  (5.0142)  (5.0133)  (4.9893)  (4.9697)  (3.6651)  (3.6327)
P4Approach4 0.0706659694703 107.6229  123.7903  125.4027  130.6850  133.2156  143.0414  141.0604  129.9645  133.5269  122.1278
 - (5.0737)  (3.7495)  (5.0339)  (3.7465)  (5.0142)  (5.0133)  (4.9893)  (4.9697)  (3.6651)  (3.6327)
MT score 103.6  111.9  120.9  123.3  123.1  130.4  120.7  118.7  125.3  123.5
P4Approach2 0.097529728489 105.1018  112.8745  119.2529  124.2633  125.1678  132.5180  120.7258  118.2703  126.7182  121.8217
 - (3.6166)  (3.804)  (3.7267)  (3.7264)  (3.8948)  (4.4911)  (3.7452)  (3.7648)  (3.7699)  (3.7389)
P4Approach4 0.0972151938979 105.3608  112.8745  119.2529  124.2633  125.1678  132.5180  120.7258  118.2703  126.7182  121.8217
 - (3.6166)  (3.804)  (3.7267)  (3.7264)  (3.8948)  (4.4911)  (3.7452)  (3.7648)  (3.7699)  (3.7389)
P4Approach5 0.0971712622709 105.7974  111.9103  118.5054  123.9187  124.9157  131.0018  121.6186  119.1813  125.3304  121.4090
 - (3.6166)  (3.804)  (3.7267)  (3.7264)  (3.8948)  (4.4911)  (3.7452)  (3.7648)  (3.7699)  (3.7389)
P4Approach3 0.0920625663714 106.3636  110.9461  117.7580  123.5742  124.6635  129.4857  122.5114  120.0922  123.9426  120.9963
 - (3.6166)  (3.804)  (3.7267)  (3.7264)  (3.8948)  (4.4911)  (3.7452)  (3.7648)  (3.7699)  (3.7389)
P4Approach1 0.0920625663714 106.3636  110.9461  117.7580  123.5742  124.6635  129.4857  122.5114  120.0922  123.9426  120.9963
 - (3.6166)  (3.804)  (3.7267)  (3.7264)  (3.8948)  (4.4911)  (3.7452)  (3.7648)  (3.7699)  (3.7389)
NL score 85.9  98.0  98.9  101.1  103.1  101.3  94.8  97.3  103.7
P4Approach2 0.139382533322 83.4344  98.1299  98.5713  103.5634  102.2478  99.4207  94.1860  97.9961  103.0809
 - (2.445)  (2.4523)  (2.459)  (2.4341)  (2.4242)  (2.4269)  (2.3948)  (2.3639)  (2.4019)
P4Approach4 0.139382533322 83.4344  98.1299  98.5713  103.5634  102.2478  99.4207  94.1860  97.9961  103.0809
 - (2.445)  (2.4523)  (2.459)  (2.4341)  (2.4242)  (2.4269)  (2.3948)  (2.3639)  (2.4019)
P4Approach5 0.136421643071 84.2477  98.6918  99.2877  103.4967  101.7753  98.5826  94.7365  97.8034  102.4720
 - (2.445)  (2.4523)  (2.459)  (2.4341)  (2.4242)  (2.4269)  (2.3948)  (2.3639)  (2.4019)
P4Approach3 0.125890314706 85.0609  99.2536  100.0040  103.4301  101.3029  97.7445  95.2871  97.6108  101.8630
 - (2.445)  (2.4523)  (2.459)  (2.4341)  (2.4242)  (2.4269)  (2.3948)  (2.3639)  (2.4019)
P4Approach1 0.125890314706 85.0609  99.2536  100.0040  103.4301  101.3029  97.7445  95.2871  97.6108  101.8630
 - (2.445)  (2.4523)  (2.459)  (2.4341)  (2.4242)  (2.4269)  (2.3948)  (2.3639)  (2.4019)
PL score 103.3  119.1  120.3  120.1  121.7  123.1  123.6  122.9  126.5  117.8
P4Approach2 0.134910062918 102.6518  118.7816  119.8410  120.0509  119.9866  122.9351  122.7537  121.4412  127.2004  117.3221
 - (3.0537)  (2.6125)  (3.077)  (3.0638)  (2.5752)  (3.0388)  (3.0266)  (2.5656)  (2.5569)  (2.6035)
P4Approach7 0.134910062918 102.6518  118.7816  119.8410  120.0509  119.9866  122.9351  122.7537  121.4412  127.2004  117.3221
 - (3.0537)  (2.6125)  (3.077)  (3.0638)  (2.5752)  (3.0388)  (3.0266)  (2.5656)  (2.5569)  (2.6035)
P4Approach9 0.134712488527 102.6518  118.7816  119.8410  120.0509  119.9866  122.9351  122.7537  121.5180  127.2004  116.9927
 - (3.0537)  (2.6125)  (3.077)  (3.0638)  (2.5752)  (3.0388)  (3.0266)  (2.5656)  (2.5569)  (2.6035)
P4Approach4 0.134712488527 102.6518  118.7816  119.8410  120.0509  119.9866  122.9351  122.7537  121.5180  127.2004  116.9927
 - (3.0537)  (2.6125)  (3.077)  (3.0638)  (2.5752)  (3.0388)  (3.0266)  (2.5656)  (2.5569)  (2.6035)
P4Approach5 0.13129127819 100.5591  118.9198  119.6013  119.5657  120.2969  123.7189  124.3082  122.7482  126.6865  116.4033
 - (3.0537)  (2.6125)  (3.077)  (3.0638)  (2.5752)  (3.0388)  (3.0266)  (2.5656)  (2.5569)  (2.6035)
P4Approach10 0.13129127819 100.5591  118.9198  119.6013  119.5657  120.2969  123.7189  124.3082  122.7482  126.6865  116.4033
 - (3.0537)  (2.6125)  (3.077)  (3.0638)  (2.5752)  (3.0388)  (3.0266)  (2.5656)  (2.5569)  (2.6035)
P4Approach1 0.113358122942 98.4663  119.0579  119.3616  119.0805  120.6073  124.5027  125.8000  124.0168  126.1726  115.6492
 - (3.0537)  (2.6125)  (3.077)  (3.0638)  (2.5752)  (3.0388)  (3.0266)  (2.5656)  (2.5569)  (2.6035)
P4Approach6 0.113358122942 98.4663  119.0579  119.3616  119.0805  120.6073  124.5027  125.8000  124.0168  126.1726  115.6492
 - (3.0537)  (2.6125)  (3.077)  (3.0638)  (2.5752)  (3.0388)  (3.0266)  (2.5656)  (2.5569)  (2.6035)
P4Approach8 0.11300782374 98.4663  119.0579  119.3616  119.0805  120.6073  124.5027  125.9253  124.0168  126.1726  115.6492
 - (3.0537)  (2.6125)  (3.077)  (3.0638)  (2.5752)  (3.0388)  (3.0266)  (2.5656)  (2.5569)  (2.6035)
P4Approach3 0.11300782374 98.4663  119.0579  119.3616  119.0805  120.6073  124.5027  125.9253  124.0168  126.1726  115.6492
 - (3.0537)  (2.6125)  (3.077)  (3.0638)  (2.5752)  (3.0388)  (3.0266)  (2.5656)  (2.5569)  (2.6035)
PT score 73.1  82.8  80.8  84.0  86.8  96.1  96.5  88.4  89.8  88.1
P4Approach8 0.1093557835 72.1219  81.0401  80.9024  84.8653  83.6599  92.0873  94.0806  86.9798  88.3273  86.9051
 - (3.1788)  (2.6333)  (3.1423)  (2.6201)  (3.1389)  (3.1261)  (2.9783)  (2.9925)  (2.5761)  (2.5174)
P4Approach3 0.1093557835 72.1219  81.0401  80.9024  84.8653  83.6599  92.0873  94.0806  86.9798  88.3273  86.9051
 - (3.1788)  (2.6333)  (3.1423)  (2.6201)  (3.1389)  (3.1261)  (2.9783)  (2.9925)  (2.5761)  (2.5174)
P4Approach1 0.1093557835 72.1219  81.0401  80.9024  84.8653  83.6599  92.0873  94.0806  86.9798  88.3273  86.9051
 - (3.1788)  (2.6333)  (3.1423)  (2.6201)  (3.1389)  (3.1261)  (2.9783)  (2.9925)  (2.5761)  (2.5174)
P4Approach6 0.1093557835 72.1219  81.0401  80.9024  84.8653  83.6599  92.0873  94.0806  86.9798  88.3273  86.9051
 - (3.1788)  (2.6333)  (3.1423)  (2.6201)  (3.1389)  (3.1261)  (2.9783)  (2.9925)  (2.5761)  (2.5174)
P4Approach5 0.0929226325895 75.4799  82.1403  81.4201  84.4767  84.2377  90.3133  91.5336  86.9482  89.6858  87.0093
 - (3.1788)  (2.6333)  (3.1423)  (2.6201)  (3.1389)  (3.1261)  (2.9783)  (2.9925)  (2.5761)  (2.5174)
P4Approach10 0.0929226325895 75.4799  82.1403  81.4201  84.4767  84.2377  90.3133  91.5336  86.9482  89.6858  87.0093
 - (3.1788)  (2.6333)  (3.1423)  (2.6201)  (3.1389)  (3.1261)  (2.9783)  (2.9925)  (2.5761)  (2.5174)
P4Approach9 0.0602347432329 78.8379  83.2406  81.9378  84.0881  84.8155  88.5394  88.9865  86.9166  91.0442  87.1136
 - (3.1788)  (2.6333)  (3.1423)  (2.6201)  (3.1389)  (3.1261)  (2.9783)  (2.9925)  (2.5761)  (2.5174)
P4Approach2 0.0602347432329 78.8379  83.2406  81.9378  84.0881  84.8155  88.5394  88.9865  86.9166  91.0442  87.1136
 - (3.1788)  (2.6333)  (3.1423)  (2.6201)  (3.1389)  (3.1261)  (2.9783)  (2.9925)  (2.5761)  (2.5174)
P4Approach7 0.0602347432329 78.8379  83.2406  81.9378  84.0881  84.8155  88.5394  88.9865  86.9166  91.0442  87.1136
 - (3.1788)  (2.6333)  (3.1423)  (2.6201)  (3.1389)  (3.1261)  (2.9783)  (2.9925)  (2.5761)  (2.5174)
P4Approach4 0.0602347432329 78.8379  83.2406  81.9378  84.0881  84.8155  88.5394  88.9865  86.9166  91.0442  87.1136
 - (3.1788)  (2.6333)  (3.1423)  (2.6201)  (3.1389)  (3.1261)  (2.9783)  (2.9925)  (2.5761)  (2.5174)
RO score 120.8  135.9  145.9  140.2  147.3  152.6  156.9  152.2  152.6  159.0
P4Approach4 0.0627851483756 120.9035  137.5013  143.0997  142.1445  145.6251  152.4575  155.2662  151.0280  154.4425  154.8446
 - (5.9298)  (7.6111)  (5.8817)  (5.8579)  (5.8311)  (5.8113)  (5.7969)  (5.7725)  (5.7477)  (5.8122)
P4Approach5 0.0624048046339 118.9148  137.7486  144.1462  142.7144  146.0855  152.2053  156.2226  151.7336  155.1461  154.4124
 - (5.9298)  (7.6111)  (5.8817)  (5.8579)  (5.8311)  (5.8113)  (5.7969)  (5.7725)  (5.7477)  (5.8122)
P4Approach2 0.0616353573967 122.0469  139.9090  142.4575  141.9885  145.5555  153.1421  155.2997  151.1572  154.4803  154.9015
 - (5.9298)  (7.6111)  (5.8817)  (5.8579)  (5.8311)  (5.8113)  (5.7969)  (5.7725)  (5.7477)  (5.8122)
P4Approach3 0.0603537767686 116.3545  136.7921  145.5138  143.3623  146.5807  151.6108  157.1622  152.3746  155.8308  153.9518
 - (5.9298)  (7.6111)  (5.8817)  (5.8579)  (5.8311)  (5.8113)  (5.7969)  (5.7725)  (5.7477)  (5.8122)
P4Approach1 0.0603537767686 116.3545  136.7921  145.5138  143.3623  146.5807  151.6108  157.1622  152.3746  155.8308  153.9518
 - (5.9298)  (7.6111)  (5.8817)  (5.8579)  (5.8311)  (5.8113)  (5.7969)  (5.7725)  (5.7477)  (5.8122)
SE score 98.1  110.9  113.6  122.1  125.5  119.7  120.0  113.8  118.8  121.5
P4Approach2 0.111145751937 95.8074  112.1265  113.2998  120.2664  125.0666  122.3519  120.3800  115.3428  118.1502  118.1831
 - (2.8538)  (2.8395)  (3.1944)  (3.1818)  (2.923)  (3.2751)  (2.9374)  (2.9398)  (2.9272)  (2.5437)
P4Approach7 0.111145751937 95.8074  112.1265  113.2998  120.2664  125.0666  122.3519  120.3800  115.3428  118.1502  118.1831
 - (2.8538)  (2.8395)  (3.1944)  (3.1818)  (2.923)  (3.2751)  (2.9374)  (2.9398)  (2.9272)  (2.5437)
P4Approach9 0.108968294334 96.9598  111.8054  113.1498  120.8911  124.4368  122.9992  119.8393  115.4190  118.4200  117.5657
 - (2.8538)  (2.8395)  (3.1944)  (3.1818)  (2.923)  (3.2751)  (2.9374)  (2.9398)  (2.9272)  (2.5437)
P4Approach4 0.108968294334 96.9598  111.8054  113.1498  120.8911  124.4368  122.9992  119.8393  115.4190  118.4200  117.5657
 - (2.8538)  (2.8395)  (3.1944)  (3.1818)  (2.923)  (3.2751)  (2.9374)  (2.9398)  (2.9272)  (2.5437)
P4Approach5 0.103878553293 96.2048  111.3131  113.1704  119.6075  123.1880  121.0489  121.2989  114.6840  118.2801  117.0664
 - (2.8538)  (2.8395)  (3.1944)  (3.1818)  (2.923)  (3.2751)  (2.9374)  (2.9398)  (2.9272)  (2.5437)
P4Approach10 0.103878553293 96.2048  111.3131  113.1704  119.6075  123.1880  121.0489  121.2989  114.6840  118.2801  117.0664
 - (2.8538)  (2.8395)  (3.1944)  (3.1818)  (2.923)  (3.2751)  (2.9374)  (2.9398)  (2.9272)  (2.5437)
P4Approach1 0.0905707020988 96.3415  111.1178  114.3827  119.8848  121.6243  119.4223  122.9499  113.9870  118.2752  116.2584
 - (2.8538)  (2.8395)  (3.1944)  (3.1818)  (2.923)  (3.2751)  (2.9374)  (2.9398)  (2.9272)  (2.5437)
P4Approach6 0.0905707020988 96.3415  111.1178  114.3827  119.8848  121.6243  119.4223  122.9499  113.9870  118.2752  116.2584
 - (2.8538)  (2.8395)  (3.1944)  (3.1818)  (2.923)  (3.2751)  (2.9374)  (2.9398)  (2.9272)  (2.5437)
P4Approach8 0.0828084355125 95.7104  110.2027  111.8495  117.3879  121.6243  119.4223  122.0264  113.9870  118.2752  116.2584
 - (2.8538)  (2.8395)  (3.1944)  (3.1818)  (2.923)  (3.2751)  (2.9374)  (2.9398)  (2.9272)  (2.5437)
P4Approach3 0.0828084355125 95.7104  110.2027  111.8495  117.3879  121.6243  119.4223  122.0264  113.9870  118.2752  116.2584
 - (2.8538)  (2.8395)  (3.1944)  (3.1818)  (2.923)  (3.2751)  (2.9374)  (2.9398)  (2.9272)  (2.5437)
SI score 89.5  99.7  102.8  102.2  108.2  107.0  108.3  106.3  115.2  111.5
P4Approach2 0.0624768735858 88.6391  102.8509  104.4915  102.1389  103.9234  105.1701  106.5278  108.5968  108.9684  105.3690
 - (4.5269)  (3.6385)  (4.4957)  (4.4856)  (4.4645)  (4.4448)  (4.4396)  (4.4267)  (3.5838)  (3.5495)
P4Approach5 0.0616389585996 87.6759  103.1854  104.6484  102.3297  104.1299  104.9203  105.6299  107.9750  109.7380  104.7719
 - (4.5269)  (3.6385)  (4.4957)  (4.4856)  (4.4645)  (4.4448)  (4.4396)  (4.4267)  (3.5838)  (3.5495)
P4Approach1 0.0614142663972 86.9598  103.4115  104.2246  102.3283  104.3175  104.8408  105.2128  107.4933  110.2623  104.4991
 - (4.5269)  (3.6385)  (4.4957)  (4.4856)  (4.4645)  (4.4448)  (4.4396)  (4.4267)  (3.5838)  (3.5495)
P4Approach3 0.0609440917491 86.8363  103.3313  104.3865  102.1158  104.2366  104.8408  105.2856  107.5246  110.2320  104.4038
 - (4.5269)  (3.6385)  (4.4957)  (4.4856)  (4.4645)  (4.4448)  (4.4396)  (4.4267)  (3.5838)  (3.5495)
P4Approach4 0.0603707351306 88.2685  103.1477  105.4909  102.7356  104.0422  104.8294  105.4933  108.2855  109.4895  104.8157
 - (4.5269)  (3.6385)  (4.4957)  (4.4856)  (4.4645)  (4.4448)  (4.4396)  (4.4267)  (3.5838)  (3.5495)
SK score 97.9  109.5  109.0  111.8  114.4  110.6  110.6  111.7  115.0  116.9
P4Approach5 0.0898161532171 99.8417  106.2690  105.5756  112.3901  115.0285  114.9821  114.0435  110.1979  114.9719  113.7667
 - (3.5551)  (2.6459)  (3.5243)  (2.6464)  (3.5291)  (3.5138)  (3.4884)  (3.4956)  (2.6635)  (2.6527)
P4Approach10 0.0898161532171 99.8417  106.2690  105.5756  112.3901  115.0285  114.9821  114.0435  110.1979  114.9719  113.7667
 - (3.5551)  (2.6459)  (3.5243)  (2.6464)  (3.5291)  (3.5138)  (3.4884)  (3.4956)  (2.6635)  (2.6527)
P4Approach8 0.0893763184024 98.3068  105.8943  105.8289  112.7258  114.8966  114.8901  115.2359  111.2527  114.7927  114.3533
 - (3.5551)  (2.6459)  (3.5243)  (2.6464)  (3.5291)  (3.5138)  (3.4884)  (3.4956)  (2.6635)  (2.6527)
P4Approach3 0.0893763184024 98.3068  105.8943  105.8289  112.7258  114.8966  114.8901  115.2359  111.2527  114.7927  114.3533
 - (3.5551)  (2.6459)  (3.5243)  (2.6464)  (3.5291)  (3.5138)  (3.4884)  (3.4956)  (2.6635)  (2.6527)
P4Approach1 0.0885562171406 97.0638  105.8943  105.8289  112.7258  114.8966  114.8901  115.2359  110.3083  114.7927  114.3533
 - (3.5551)  (2.6459)  (3.5243)  (2.6464)  (3.5291)  (3.5138)  (3.4884)  (3.4956)  (2.6635)  (2.6527)
P4Approach6 0.0885562171406 97.0638  105.8943  105.8289  112.7258  114.8966  114.8901  115.2359  110.3083  114.7927  114.3533
 - (3.5551)  (2.6459)  (3.5243)  (2.6464)  (3.5291)  (3.5138)  (3.4884)  (3.4956)  (2.6635)  (2.6527)
P4Approach2 0.0851750123909 102.0337  106.5985  105.3176  111.9788  115.0687  115.0837  112.9096  109.9043  115.1228  113.1801
 - (3.5551)  (2.6459)  (3.5243)  (2.6464)  (3.5291)  (3.5138)  (3.4884)  (3.4956)  (2.6635)  (2.6527)
P4Approach7 0.0851750123909 102.0337  106.5985  105.3176  111.9788  115.0687  115.0837  112.9096  109.9043  115.1228  113.1801
 - (3.5551)  (2.6459)  (3.5243)  (2.6464)  (3.5291)  (3.5138)  (3.4884)  (3.4956)  (2.6635)  (2.6527)
P4Approach9 0.0849599358216 101.9626  106.6887  105.3271  112.1302  115.2522  115.0647  112.7926  109.3265  115.1793  113.1801
 - (3.5551)  (2.6459)  (3.5243)  (2.6464)  (3.5291)  (3.5138)  (3.4884)  (3.4956)  (2.6635)  (2.6527)
P4Approach4 0.0849599358216 101.9626  106.6887  105.3271  112.1302  115.2522  115.0647  112.7926  109.3265  115.1793  113.1801
 - (3.5551)  (2.6459)  (3.5243)  (2.6464)  (3.5291)  (3.5138)  (3.4884)  (3.4956)  (2.6635)  (2.6527)
UK score 104.7  107.0  109.9  114.4  112.9  115.9  111.7  112.7  120.2  133.1
P4Approach2 0.102771995796 105.9348  109.7142  110.2229  112.4531  114.5809  115.1872  111.3755  113.0403  116.8419  129.3236
 - (1.4765)  (1.4698)  (1.4685)  (1.4961)  (1.526)  (1.6055)  (1.4974)  (1.5001)  (1.4926)  (1.4702)
P4Approach7 0.102771995796 105.9348  109.7142  110.2229  112.4531  114.5809  115.1872  111.3755  113.0403  116.8419  129.3236
 - (1.4765)  (1.4698)  (1.4685)  (1.4961)  (1.526)  (1.6055)  (1.4974)  (1.5001)  (1.4926)  (1.4702)
P4Approach17 0.102771995796 105.9348  109.7142  110.2229  112.4531  114.5809  115.1872  111.3755  113.0403  116.8419  129.3236
 - (1.4765)  (1.4698)  (1.4685)  (1.4961)  (1.526)  (1.6055)  (1.4974)  (1.5001)  (1.4926)  (1.4702)
P4Approach12 0.102771995796 105.9348  109.7142  110.2229  112.4531  114.5809  115.1872  111.3755  113.0403  116.8419  129.3236
 - (1.4765)  (1.4698)  (1.4685)  (1.4961)  (1.526)  (1.6055)  (1.4974)  (1.5001)  (1.4926)  (1.4702)
P4Approach20 0.0965538347908 105.5444  108.9398  110.3030  111.5024  113.8430  114.5988  111.4835  112.5435  116.6689  129.0189
 - (1.4765)  (1.4698)  (1.4685)  (1.4961)  (1.526)  (1.6055)  (1.4974)  (1.5001)  (1.4926)  (1.4702)
P4Approach5 0.0965538347908 105.5444  108.9398  110.3030  111.5024  113.8430  114.5988  111.4835  112.5435  116.6689  129.0189
 - (1.4765)  (1.4698)  (1.4685)  (1.4961)  (1.526)  (1.6055)  (1.4974)  (1.5001)  (1.4926)  (1.4702)
P4Approach15 0.0965538347908 105.5444  108.9398  110.3030  111.5024  113.8430  114.5988  111.4835  112.5435  116.6689  129.0189
 - (1.4765)  (1.4698)  (1.4685)  (1.4961)  (1.526)  (1.6055)  (1.4974)  (1.5001)  (1.4926)  (1.4702)
P4Approach10 0.0965538347908 105.5444  108.9398  110.3030  111.5024  113.8430  114.5988  111.4835  112.5435  116.6689  129.0189
 - (1.4765)  (1.4698)  (1.4685)  (1.4961)  (1.526)  (1.6055)  (1.4974)  (1.5001)  (1.4926)  (1.4702)
P4Approach8 0.0888207460523 105.1706  108.2426  110.5219  110.6813  113.1954  114.1505  111.7017  112.2280  116.7042  128.9535
 - (1.4765)  (1.4698)  (1.4685)  (1.4961)  (1.526)  (1.6055)  (1.4974)  (1.5001)  (1.4926)  (1.4702)
P4Approach3 0.0888207460523 105.1706  108.2426  110.5219  110.6813  113.1954  114.1505  111.7017  112.2280  116.7042  128.9535
 - (1.4765)  (1.4698)  (1.4685)  (1.4961)  (1.526)  (1.6055)  (1.4974)  (1.5001)  (1.4926)  (1.4702)
P4Approach1 0.0888207460523 105.1706  108.2426  110.5219  110.6813  113.1954  114.1505  111.7017  112.2280  116.7042  128.9535
 - (1.4765)  (1.4698)  (1.4685)  (1.4961)  (1.526)  (1.6055)  (1.4974)  (1.5001)  (1.4926)  (1.4702)
P4Approach6 0.0888207460523 105.1706  108.2426  110.5219  110.6813  113.1954  114.1505  111.7017  112.2280  116.7042  128.9535
 - (1.4765)  (1.4698)  (1.4685)  (1.4961)  (1.526)  (1.6055)  (1.4974)  (1.5001)  (1.4926)  (1.4702)
P4Approach18 0.0888207460523 105.1706  108.2426  110.5219  110.6813  113.1954  114.1505  111.7017  112.2280  116.7042  128.9535
 - (1.4765)  (1.4698)  (1.4685)  (1.4961)  (1.526)  (1.6055)  (1.4974)  (1.5001)  (1.4926)  (1.4702)
P4Approach16 0.0888207460523 105.1706  108.2426  110.5219  110.6813  113.1954  114.1505  111.7017  112.2280  116.7042  128.9535
 - (1.4765)  (1.4698)  (1.4685)  (1.4961)  (1.526)  (1.6055)  (1.4974)  (1.5001)  (1.4926)  (1.4702)
P4Approach13 0.0888207460523 105.1706  108.2426  110.5219  110.6813  113.1954  114.1505  111.7017  112.2280  116.7042  128.9535
 - (1.4765)  (1.4698)  (1.4685)  (1.4961)  (1.526)  (1.6055)  (1.4974)  (1.5001)  (1.4926)  (1.4702)
P4Approach11 0.0888207460523 105.1706  108.2426  110.5219  110.6813  113.1954  114.1505  111.7017  112.2280  116.7042  128.9535
 - (1.4765)  (1.4698)  (1.4685)  (1.4961)  (1.526)  (1.6055)  (1.4974)  (1.5001)  (1.4926)  (1.4702)
P4Approach9 0.0879959129274 105.9016  109.5600  109.9454  112.1941  114.4002  114.9070  111.1553  112.6779  116.4254  128.8449
 - (1.4765)  (1.4698)  (1.4685)  (1.4961)  (1.526)  (1.6055)  (1.4974)  (1.5001)  (1.4926)  (1.4702)
P4Approach4 0.0879959129274 105.9016  109.5600  109.9454  112.1941  114.4002  114.9070  111.1553  112.6779  116.4254  128.8449
 - (1.4765)  (1.4698)  (1.4685)  (1.4961)  (1.526)  (1.6055)  (1.4974)  (1.5001)  (1.4926)  (1.4702)
P4Approach19 0.0879959129274 105.9016  109.5600  109.9454  112.1941  114.4002  114.9070  111.1553  112.6779  116.4254  128.8449
 - (1.4765)  (1.4698)  (1.4685)  (1.4961)  (1.526)  (1.6055)  (1.4974)  (1.5001)  (1.4926)  (1.4702)
P4Approach14 0.0879959129274 105.9016  109.5600  109.9454  112.1941  114.4002  114.9070  111.1553  112.6779  116.4254  128.8449
 - (1.4765)  (1.4698)  (1.4685)  (1.4961)  (1.526)  (1.6055)  (1.4974)  (1.5001)  (1.4926)  (1.4702)
