AT score 99.3  99.0  111.6  111.6  107.5  109.7  110.3  107.4  109.4  114.3
P4Approach3 0.0177189132415 98.9188  111.1866  110.4057  109.8758  107.0233  109.0635  105.7247  109.0488  115.1848  113.8956
 - (2.1115)  (2.1171)  (2.1104)  (2.1076)  (2.1042)  (2.0992)  (2.0934)  (2.091)  (2.0836)  (2.0829)
P4Approach1 0.0177189132415 98.9188  111.1866  110.4057  109.8758  107.0233  109.0635  105.7247  109.0488  115.1848  113.8956
 - (2.1115)  (2.1171)  (2.1104)  (2.1076)  (2.1042)  (2.0992)  (2.0934)  (2.091)  (2.0836)  (2.0829)
P4Approach5 0.0151251006516 98.6858  111.4575  110.4494  110.0977  107.8144  110.0023  105.5754  109.4466  115.6344  113.8421
 - (2.1115)  (2.1171)  (2.1104)  (2.1076)  (2.1042)  (2.0992)  (2.0934)  (2.091)  (2.0836)  (2.0829)
P4Approach4 0.0126100027197 98.4388  111.6699  110.5048  110.5329  108.5853  110.9046  105.3919  109.7247  116.1006  113.7483
 - (2.1115)  (2.1171)  (2.1104)  (2.1076)  (2.1042)  (2.0992)  (2.0934)  (2.091)  (2.0836)  (2.0829)
P4Approach2 0.012014710617 98.4669  111.7870  110.4814  110.1063  108.6256  110.9775  105.4605  109.9640  116.0675  113.8291
 - (2.1115)  (2.1171)  (2.1104)  (2.1076)  (2.1042)  (2.0992)  (2.0934)  (2.091)  (2.0836)  (2.0829)
BE score 105.9  92.8  106.7  107.8  107.8  109.7  111.2  101.6  103.8  109.6
P4Approach8 0.0063963224589 96.0459  106.7014  107.0871  106.6825  107.6271  109.0167  100.2738  107.3225  110.5621  103.7317
 - (2.9082)  (2.9141)  (3.0205)  (2.8948)  (2.8817)  (2.9855)  (3.0103)  (3.0071)  (2.9928)  (2.6722)
P4Approach3 0.0063963224589 96.0459  106.7014  107.0871  106.6825  107.6271  109.0167  100.2738  107.3225  110.5621  103.7317
 - (2.9082)  (2.9141)  (3.0205)  (2.8948)  (2.8817)  (2.9855)  (3.0103)  (3.0071)  (2.9928)  (2.6722)
P4Approach1 0.0063963224589 96.0459  106.7014  107.0871  106.6825  107.6271  109.0167  100.2738  107.3225  110.5621  103.7317
 - (2.9082)  (2.9141)  (3.0205)  (2.8948)  (2.8817)  (2.9855)  (3.0103)  (3.0071)  (2.9928)  (2.6722)
P4Approach6 0.0063963224589 96.0459  106.7014  107.0871  106.6825  107.6271  109.0167  100.2738  107.3225  110.5621  103.7317
 - (2.9082)  (2.9141)  (3.0205)  (2.8948)  (2.8817)  (2.9855)  (3.0103)  (3.0071)  (2.9928)  (2.6722)
P4Approach5 0.00574759653249 95.8543  107.4067  107.4981  107.7051  108.2413  110.2274  100.5973  106.6164  110.6863  103.2445
 - (2.9082)  (2.9141)  (3.0205)  (2.8948)  (2.8817)  (2.9855)  (3.0103)  (3.0071)  (2.9928)  (2.6722)
P4Approach10 0.00574759653249 95.8543  107.4067  107.4981  107.7051  108.2413  110.2274  100.5973  106.6164  110.6863  103.2445
 - (2.9082)  (2.9141)  (3.0205)  (2.8948)  (2.8817)  (2.9855)  (3.0103)  (3.0071)  (2.9928)  (2.6722)
P4Approach9 0.00503472079304 95.6379  107.8175  108.1195  108.8468  108.7981  111.6071  101.0090  105.8363  110.9434  102.5611
 - (2.9082)  (2.9141)  (3.0205)  (2.8948)  (2.8817)  (2.9855)  (3.0103)  (3.0071)  (2.9928)  (2.6722)
P4Approach4 0.00503472079304 95.6379  107.8175  108.1195  108.8468  108.7981  111.6071  101.0090  105.8363  110.9434  102.5611
 - (2.9082)  (2.9141)  (3.0205)  (2.8948)  (2.8817)  (2.9855)  (3.0103)  (3.0071)  (2.9928)  (2.6722)
P4Approach2 0.00476263919718 95.6877  108.4067  107.6986  108.6086  108.9127  111.2689  100.8325  105.9844  110.6779  102.9535
 - (2.9082)  (2.9141)  (3.0205)  (2.8948)  (2.8817)  (2.9855)  (3.0103)  (3.0071)  (2.9928)  (2.6722)
P4Approach7 0.00476263919718 95.6877  108.4067  107.6986  108.6086  108.9127  111.2689  100.8325  105.9844  110.6779  102.9535
 - (2.9082)  (2.9141)  (3.0205)  (2.8948)  (2.8817)  (2.9855)  (3.0103)  (3.0071)  (2.9928)  (2.6722)
BG score 112.5  111.6  121.6  125.4  123.8  130.5  138.8  141.7  134.0  135.1
P4Approach5 0.00292020362574 109.0286  130.5949  134.2765  135.2507  136.9837  140.9425  143.0148  142.5810  143.4375  136.6175
 - (4.2664)  (3.4223)  (4.4691)  (3.3969)  (4.43)  (4.4197)  (4.4136)  (4.4315)  (3.4936)  (3.1608)
P4Approach10 0.00292020362574 109.0286  130.5949  134.2765  135.2507  136.9837  140.9425  143.0148  142.5810  143.4375  136.6175
 - (4.2664)  (3.4223)  (4.4691)  (3.3969)  (4.43)  (4.4197)  (4.4136)  (4.4315)  (3.4936)  (3.1608)
P4Approach8 0.00288506365851 111.7792  130.4129  132.7214  135.9725  138.0778  137.9537  140.4788  144.8386  144.9914  138.5343
 - (4.2664)  (3.4223)  (4.4691)  (3.3969)  (4.43)  (4.4197)  (4.4136)  (4.4315)  (3.4936)  (3.1608)
P4Approach3 0.00288506365851 111.7792  130.4129  132.7214  135.9725  138.0778  137.9537  140.4788  144.8386  144.9914  138.5343
 - (4.2664)  (3.4223)  (4.4691)  (3.3969)  (4.43)  (4.4197)  (4.4136)  (4.4315)  (3.4936)  (3.1608)
P4Approach1 0.00288506365851 111.7792  130.4129  132.7214  135.9725  138.0778  137.9537  140.4788  144.8386  144.9914  138.5343
 - (4.2664)  (3.4223)  (4.4691)  (3.3969)  (4.43)  (4.4197)  (4.4136)  (4.4315)  (3.4936)  (3.1608)
P4Approach6 0.00288506365851 111.7792  130.4129  132.7214  135.9725  138.0778  137.9537  140.4788  144.8386  144.9914  138.5343
 - (4.2664)  (3.4223)  (4.4691)  (3.3969)  (4.43)  (4.4197)  (4.4136)  (4.4315)  (3.4936)  (3.1608)
P4Approach9 0.00247365796271 106.2300  130.9360  135.8817  134.3301  135.5806  143.4578  145.2607  139.8707  141.7691  134.5588
 - (4.2664)  (3.4223)  (4.4691)  (3.3969)  (4.43)  (4.4197)  (4.4136)  (4.4315)  (3.4936)  (3.1608)
P4Approach4 0.00247365796271 106.2300  130.9360  135.8817  134.3301  135.5806  143.4578  145.2607  139.8707  141.7691  134.5588
 - (4.2664)  (3.4223)  (4.4691)  (3.3969)  (4.43)  (4.4197)  (4.4136)  (4.4315)  (3.4936)  (3.1608)
P4Approach2 0.00223929369773 106.3261  130.6179  135.7816  134.7277  136.1985  144.4047  145.8407  140.7759  141.9981  134.8427
 - (4.2664)  (3.4223)  (4.4691)  (3.3969)  (4.43)  (4.4197)  (4.4136)  (4.4315)  (3.4936)  (3.1608)
P4Approach7 0.00223929369773 106.3261  130.6179  135.7816  134.7277  136.1985  144.4047  145.8407  140.7759  141.9981  134.8427
 - (4.2664)  (3.4223)  (4.4691)  (3.3969)  (4.43)  (4.4197)  (4.4136)  (4.4315)  (3.4936)  (3.1608)
CY score 78.1  72.6  78.9  86.1  83.5  89.4  95.6  91.0  93.4  93.8
P4Approach4 0.0387502272221 67.9009  76.1343  81.5809  87.2091  88.0574  96.4470  90.5961  87.9438  88.8734  86.8784
 - (3.8476)  (3.8466)  (4.0977)  (4.0921)  (4.0838)  (4.0879)  (4.1693)  (4.1469)  (4.1416)  (4.1074)
P4Approach2 0.0371580336157 67.9464  76.3758  81.8520  87.5472  88.3261  96.7802  90.6157  87.8693  88.6892  86.7741
 - (3.8476)  (3.8466)  (4.0977)  (4.0921)  (4.0838)  (4.0879)  (4.1693)  (4.1469)  (4.1416)  (4.1074)
P4Approach5 0.0357465623733 67.6426  76.3778  81.6888  87.0182  88.1977  96.8352  89.8552  87.8962  88.4692  86.8680
 - (3.8476)  (3.8466)  (4.0977)  (4.0921)  (4.0838)  (4.0879)  (4.1693)  (4.1469)  (4.1416)  (4.1074)
P4Approach1 0.033943559462 67.3616  76.5580  81.7735  86.6582  88.1847  97.0500  89.3706  87.9556  88.1572  87.0436
 - (3.8476)  (3.8466)  (4.0977)  (4.0921)  (4.0838)  (4.0879)  (4.1693)  (4.1469)  (4.1416)  (4.1074)
P4Approach3 0.0329963564657 67.3616  76.4432  81.5487  86.6582  88.2227  97.0635  88.8386  87.8163  88.1572  86.7759
 - (3.8476)  (3.8466)  (4.0977)  (4.0921)  (4.0838)  (4.0879)  (4.1693)  (4.1469)  (4.1416)  (4.1074)
CZ score 98.4  99.0  108.5  110.9  114.9  115.3  108.8  112.2  113.0  115.0
P4Approach3 0.0259714110521 97.1042  108.8594  112.0402  116.7832  114.0723  112.3806  111.5136  113.9923  119.4548  121.2576
 - (2.6013)  (2.6338)  (2.6802)  (2.6681)  (2.7107)  (2.7051)  (2.6898)  (2.6999)  (2.7025)  (2.6215)
P4Approach5 0.0177068591309 97.5379  110.9977  113.2774  115.9611  115.5953  113.3015  112.8749  113.9429  118.9827  121.8300
 - (2.6013)  (2.6338)  (2.6802)  (2.6681)  (2.7107)  (2.7051)  (2.6898)  (2.6999)  (2.7025)  (2.6215)
P4Approach2 0.0168717077025 98.8140  112.0254  113.4489  115.2639  115.2049  113.5294  112.4202  113.8960  118.5797  121.4941
 - (2.6013)  (2.6338)  (2.6802)  (2.6681)  (2.7107)  (2.7051)  (2.6898)  (2.6999)  (2.7025)  (2.6215)
P4Approach4 0.0167916568773 99.1117  111.9096  113.8917  115.0141  115.4973  113.4741  112.1130  113.8296  119.1888  121.1789
 - (2.6013)  (2.6338)  (2.6802)  (2.6681)  (2.7107)  (2.7051)  (2.6898)  (2.6999)  (2.7025)  (2.6215)
P4Approach1 0.00989492396122 95.1218  111.1965  113.7290  116.7832  117.6069  113.8219  115.4527  114.0538  118.7073  123.3895
 - (2.6013)  (2.6338)  (2.6802)  (2.6681)  (2.7107)  (2.7051)  (2.6898)  (2.6999)  (2.7025)  (2.6215)
DE score 102.3  102.6  113.4  114.4  111.7  112.8  111.9  109.7  109.9  115.4
P4Approach8 0.03296793416 99.1131  113.4895  112.2119  111.6807  108.1177  110.9738  108.8020  110.9387  116.8913  116.4119
 - (2.6662)  (2.6733)  (2.7426)  (2.6463)  (2.6429)  (2.7336)  (2.7414)  (2.6513)  (2.6474)  (2.6368)
P4Approach3 0.03296793416 99.1131  113.4895  112.2119  111.6807  108.1177  110.9738  108.8020  110.9387  116.8913  116.4119
 - (2.6662)  (2.6733)  (2.7426)  (2.6463)  (2.6429)  (2.7336)  (2.7414)  (2.6513)  (2.6474)  (2.6368)
P4Approach1 0.0308931650129 99.1131  113.4895  112.2119  111.6807  108.1177  111.3001  108.8020  111.4059  117.3267  117.2666
 - (2.6662)  (2.6733)  (2.7426)  (2.6463)  (2.6429)  (2.7336)  (2.7414)  (2.6513)  (2.6474)  (2.6368)
P4Approach6 0.0308931650129 99.1131  113.4895  112.2119  111.6807  108.1177  111.3001  108.8020  111.4059  117.3267  117.2666
 - (2.6662)  (2.6733)  (2.7426)  (2.6463)  (2.6429)  (2.7336)  (2.7414)  (2.6513)  (2.6474)  (2.6368)
P4Approach5 0.0281563513863 99.1645  114.7568  112.3782  113.1943  109.0048  113.0147  108.8847  111.6964  117.2064  117.2111
 - (2.6662)  (2.6733)  (2.7426)  (2.6463)  (2.6429)  (2.7336)  (2.7414)  (2.6513)  (2.6474)  (2.6368)
P4Approach10 0.0281563513863 99.1645  114.7568  112.3782  113.1943  109.0048  113.0147  108.8847  111.6964  117.2064  117.2111
 - (2.6662)  (2.6733)  (2.7426)  (2.6463)  (2.6429)  (2.7336)  (2.7414)  (2.6513)  (2.6474)  (2.6368)
P4Approach2 0.0219811870288 99.2271  116.0229  112.5478  114.6726  109.9134  114.9052  108.9727  112.3326  117.2520  117.6636
 - (2.6662)  (2.6733)  (2.7426)  (2.6463)  (2.6429)  (2.7336)  (2.7414)  (2.6513)  (2.6474)  (2.6368)
P4Approach7 0.0219811870288 99.2271  116.0229  112.5478  114.6726  109.9134  114.9052  108.9727  112.3326  117.2520  117.6636
 - (2.6662)  (2.6733)  (2.7426)  (2.6463)  (2.6429)  (2.7336)  (2.7414)  (2.6513)  (2.6474)  (2.6368)
P4Approach9 0.0219710442517 99.2046  116.0253  112.5410  114.7432  109.8703  114.8799  108.9623  112.1082  117.3556  117.5023
 - (2.6662)  (2.6733)  (2.7426)  (2.6463)  (2.6429)  (2.7336)  (2.7414)  (2.6513)  (2.6474)  (2.6368)
P4Approach4 0.0219710442517 99.2046  116.0253  112.5410  114.7432  109.8703  114.8799  108.9623  112.1082  117.3556  117.5023
 - (2.6662)  (2.6733)  (2.7426)  (2.6463)  (2.6429)  (2.7336)  (2.7414)  (2.6513)  (2.6474)  (2.6368)
DK score 92.1  85.6  94.1  99.6  100.8  102.0  98.3  100.1  95.6  99.7
P4Approach9 0.00518358342289 87.5730  100.0480  101.7120  104.8147  99.9544  99.0423  101.4678  96.0902  100.9300  103.0776
 - (2.3723)  (2.3627)  (2.3879)  (2.3777)  (2.3937)  (2.417)  (2.3558)  (2.3478)  (2.3375)  (2.3632)
P4Approach2 0.00518358342289 87.5730  100.0480  101.7120  104.8147  99.9544  99.0423  101.4678  96.0902  100.9300  103.0776
 - (2.3723)  (2.3627)  (2.3879)  (2.3777)  (2.3937)  (2.417)  (2.3558)  (2.3478)  (2.3375)  (2.3632)
P4Approach7 0.00518358342289 87.5730  100.0480  101.7120  104.8147  99.9544  99.0423  101.4678  96.0902  100.9300  103.0776
 - (2.3723)  (2.3627)  (2.3879)  (2.3777)  (2.3937)  (2.417)  (2.3558)  (2.3478)  (2.3375)  (2.3632)
P4Approach4 0.00518358342289 87.5730  100.0480  101.7120  104.8147  99.9544  99.0423  101.4678  96.0902  100.9300  103.0776
 - (2.3723)  (2.3627)  (2.3879)  (2.3777)  (2.3937)  (2.417)  (2.3558)  (2.3478)  (2.3375)  (2.3632)
P4Approach5 0.00513458234138 87.2726  100.0040  101.4875  105.2174  100.2402  99.1217  101.8317  96.0103  101.0287  102.2651
 - (2.3723)  (2.3627)  (2.3879)  (2.3777)  (2.3937)  (2.417)  (2.3558)  (2.3478)  (2.3375)  (2.3632)
P4Approach10 0.00513458234138 87.2726  100.0040  101.4875  105.2174  100.2402  99.1217  101.8317  96.0103  101.0287  102.2651
 - (2.3723)  (2.3627)  (2.3879)  (2.3777)  (2.3937)  (2.417)  (2.3558)  (2.3478)  (2.3375)  (2.3632)
P4Approach8 0.00498337564361 86.9723  99.9601  101.2629  105.6201  100.5259  99.2011  102.1956  95.9303  101.1171  101.4525
 - (2.3723)  (2.3627)  (2.3879)  (2.3777)  (2.3937)  (2.417)  (2.3558)  (2.3478)  (2.3375)  (2.3632)
P4Approach3 0.00498337564361 86.9723  99.9601  101.2629  105.6201  100.5259  99.2011  102.1956  95.9303  101.1171  101.4525
 - (2.3723)  (2.3627)  (2.3879)  (2.3777)  (2.3937)  (2.417)  (2.3558)  (2.3478)  (2.3375)  (2.3632)
P4Approach1 0.00497310221168 86.9723  99.9601  101.2629  105.6201  100.5259  99.2011  102.1956  95.9303  101.1375  101.4525
 - (2.3723)  (2.3627)  (2.3879)  (2.3777)  (2.3937)  (2.417)  (2.3558)  (2.3478)  (2.3375)  (2.3632)
P4Approach6 0.00497310221168 86.9723  99.9601  101.2629  105.6201  100.5259  99.2011  102.1956  95.9303  101.1375  101.4525
 - (2.3723)  (2.3627)  (2.3879)  (2.3777)  (2.3937)  (2.417)  (2.3558)  (2.3478)  (2.3375)  (2.3632)
EE score 131.3  120.6  136.1  141.3  153.8  151.7  156.6  154.8  146.2  148.1
P4Approach9 0.000643357973727 128.8892  144.6942  146.7211  152.0045  155.0123  163.0734  155.3480  144.8628  153.5366  145.5332
 - (3.7599)  (2.978)  (3.7722)  (3.7552)  (3.7582)  (3.7557)  (3.7287)  (3.7176)  (3.7072)  (2.9317)
P4Approach2 0.000643357973727 128.8892  144.6942  146.7211  152.0045  155.0123  163.0734  155.3480  144.8628  153.5366  145.5332
 - (3.7599)  (2.978)  (3.7722)  (3.7552)  (3.7582)  (3.7557)  (3.7287)  (3.7176)  (3.7072)  (2.9317)
P4Approach7 0.000643357973727 128.8892  144.6942  146.7211  152.0045  155.0123  163.0734  155.3480  144.8628  153.5366  145.5332
 - (3.7599)  (2.978)  (3.7722)  (3.7552)  (3.7582)  (3.7557)  (3.7287)  (3.7176)  (3.7072)  (2.9317)
P4Approach4 0.000643357973727 128.8892  144.6942  146.7211  152.0045  155.0123  163.0734  155.3480  144.8628  153.5366  145.5332
 - (3.7599)  (2.978)  (3.7722)  (3.7552)  (3.7582)  (3.7557)  (3.7287)  (3.7176)  (3.7072)  (2.9317)
P4Approach5 0.0005796804454 127.1067  144.8006  147.4838  153.1116  156.1860  162.4919  156.7903  147.8473  155.2402  145.4228
 - (3.7599)  (2.978)  (3.7722)  (3.7552)  (3.7582)  (3.7557)  (3.7287)  (3.7176)  (3.7072)  (2.9317)
P4Approach10 0.0005796804454 127.1067  144.8006  147.4838  153.1116  156.1860  162.4919  156.7903  147.8473  155.2402  145.4228
 - (3.7599)  (2.978)  (3.7722)  (3.7552)  (3.7582)  (3.7557)  (3.7287)  (3.7176)  (3.7072)  (2.9317)
P4Approach8 0.000450350464742 125.3242  144.9070  148.2465  154.2188  157.3598  161.9105  158.2325  150.8318  156.9439  145.3125
 - (3.7599)  (2.978)  (3.7722)  (3.7552)  (3.7582)  (3.7557)  (3.7287)  (3.7176)  (3.7072)  (2.9317)
P4Approach3 0.000450350464742 125.3242  144.9070  148.2465  154.2188  157.3598  161.9105  158.2325  150.8318  156.9439  145.3125
 - (3.7599)  (2.978)  (3.7722)  (3.7552)  (3.7582)  (3.7557)  (3.7287)  (3.7176)  (3.7072)  (2.9317)
P4Approach1 0.000450350464742 125.3242  144.9070  148.2465  154.2188  157.3598  161.9105  158.2325  150.8318  156.9439  145.3125
 - (3.7599)  (2.978)  (3.7722)  (3.7552)  (3.7582)  (3.7557)  (3.7287)  (3.7176)  (3.7072)  (2.9317)
P4Approach6 0.000450350464742 125.3242  144.9070  148.2465  154.2188  157.3598  161.9105  158.2325  150.8318  156.9439  145.3125
 - (3.7599)  (2.978)  (3.7722)  (3.7552)  (3.7582)  (3.7557)  (3.7287)  (3.7176)  (3.7072)  (2.9317)
EL score 61.1  60.7  64.7  74.1  67.2  70.8  76.7  72.6  72.4  69.7
P4Approach2 0.0488157323831 63.2492  66.1572  71.6736  71.8259  71.3469  77.8714  69.7958  71.7732  72.2801  71.9189
 - (6.3675)  (6.2703)  (6.3305)  (6.3133)  (6.2924)  (6.2713)  (6.4333)  (6.4317)  (6.4335)  (5.7827)
P4Approach4 0.0488157323831 63.2492  66.1572  71.6736  71.8259  71.3469  77.8714  69.7958  71.7732  72.2801  71.9189
 - (6.3675)  (6.2703)  (6.3305)  (6.3133)  (6.2924)  (6.2713)  (6.4333)  (6.4317)  (6.4335)  (5.7827)
P4Approach5 0.0451193872601 65.4576  67.6123  72.6744  70.7528  69.7577  75.5377  66.8312  70.5739  73.1644  71.0817
 - (6.3675)  (6.2703)  (6.3305)  (6.3133)  (6.2924)  (6.2713)  (6.4333)  (6.4317)  (6.4335)  (5.7827)
P4Approach3 0.0394389783838 67.7160  68.6330  73.4143  69.3083  68.8858  73.5849  64.0747  70.0587  74.0488  70.2445
 - (6.3675)  (6.2703)  (6.3305)  (6.3133)  (6.2924)  (6.2713)  (6.4333)  (6.4317)  (6.4335)  (5.7827)
P4Approach1 0.038054947562 67.6159  69.5018  73.9363  70.0513  67.4510  72.8233  63.6586  68.6907  74.0488  70.2445
 - (6.3675)  (6.2703)  (6.3305)  (6.3133)  (6.2924)  (6.2713)  (6.4333)  (6.4317)  (6.4335)  (5.7827)
ES score 92.7  81.6  87.7  90.5  90.4  94.8  100.9  91.6  92.2  94.1
P4Approach9 0.0117035740718 81.3237  88.8339  89.2174  93.3271  93.1839  101.6278  90.2752  92.1847  94.7354  92.2760
 - (2.834)  (2.5952)  (2.5843)  (2.5839)  (2.5758)  (2.7908)  (2.5802)  (2.5864)  (3.6875)  (2.539)
P4Approach4 0.0117035740718 81.3237  88.8339  89.2174  93.3271  93.1839  101.6278  90.2752  92.1847  94.7354  92.2760
 - (2.834)  (2.5952)  (2.5843)  (2.5839)  (2.5758)  (2.7908)  (2.5802)  (2.5864)  (3.6875)  (2.539)
P4Approach2 0.0103708923994 81.0232  88.7530  89.1004  93.3303  93.1395  101.7992  89.7965  92.2796  94.6570  92.3524
 - (2.834)  (2.5952)  (2.5843)  (2.5839)  (2.5758)  (2.7908)  (2.5802)  (2.5864)  (3.6875)  (2.539)
P4Approach7 0.0103708923994 81.0232  88.7530  89.1004  93.3303  93.1395  101.7992  89.7965  92.2796  94.6570  92.3524
 - (2.834)  (2.5952)  (2.5843)  (2.5839)  (2.5758)  (2.7908)  (2.5802)  (2.5864)  (3.6875)  (2.539)
P4Approach5 0.00943666249768 80.9120  88.9518  89.1193  92.9121  93.2296  101.1024  89.2169  92.8162  94.9857  91.8563
 - (2.834)  (2.5952)  (2.5843)  (2.5839)  (2.5758)  (2.7908)  (2.5802)  (2.5864)  (3.6875)  (2.539)
P4Approach10 0.00943666249768 80.9120  88.9518  89.1193  92.9121  93.2296  101.1024  89.2169  92.8162  94.9857  91.8563
 - (2.834)  (2.5952)  (2.5843)  (2.5839)  (2.5758)  (2.7908)  (2.5802)  (2.5864)  (3.6875)  (2.539)
P4Approach8 0.00785644589854 80.6506  89.1101  89.0796  92.4956  93.2975  100.4913  88.3980  93.4003  95.2752  91.3985
 - (2.834)  (2.5952)  (2.5843)  (2.5839)  (2.5758)  (2.7908)  (2.5802)  (2.5864)  (3.6875)  (2.539)
P4Approach3 0.00785644589854 80.6506  89.1101  89.0796  92.4956  93.2975  100.4913  88.3980  93.4003  95.2752  91.3985
 - (2.834)  (2.5952)  (2.5843)  (2.5839)  (2.5758)  (2.7908)  (2.5802)  (2.5864)  (3.6875)  (2.539)
P4Approach1 0.00785644589854 80.6506  89.1101  89.0796  92.4956  93.2975  100.4913  88.3980  93.4003  95.2752  91.3985
 - (2.834)  (2.5952)  (2.5843)  (2.5839)  (2.5758)  (2.7908)  (2.5802)  (2.5864)  (3.6875)  (2.539)
P4Approach6 0.00785644589854 80.6506  89.1101  89.0796  92.4956  93.2975  100.4913  88.3980  93.4003  95.2752  91.3985
 - (2.834)  (2.5952)  (2.5843)  (2.5839)  (2.5758)  (2.7908)  (2.5802)  (2.5864)  (3.6875)  (2.539)
FI score 95.6  92.0  103.2  106.8  111.8  113.2  114.0  111.3  106.5  106.9
P4Approach8 0.0173857227687 89.5209  102.5122  104.9792  113.0552  114.4503  115.8362  112.0802  105.8886  109.5893  107.0161
 - (2.3351)  (2.3164)  (2.3223)  (2.3334)  (2.3145)  (2.3575)  (2.3481)  (2.2925)  (2.2991)  (2.3712)
P4Approach3 0.0173857227687 89.5209  102.5122  104.9792  113.0552  114.4503  115.8362  112.0802  105.8886  109.5893  107.0161
 - (2.3351)  (2.3164)  (2.3223)  (2.3334)  (2.3145)  (2.3575)  (2.3481)  (2.2925)  (2.2991)  (2.3712)
P4Approach1 0.0173857227687 89.5209  102.5122  104.9792  113.0552  114.4503  115.8362  112.0802  105.8886  109.5893  107.0161
 - (2.3351)  (2.3164)  (2.3223)  (2.3334)  (2.3145)  (2.3575)  (2.3481)  (2.2925)  (2.2991)  (2.3712)
P4Approach6 0.0173857227687 89.5209  102.5122  104.9792  113.0552  114.4503  115.8362  112.0802  105.8886  109.5893  107.0161
 - (2.3351)  (2.3164)  (2.3223)  (2.3334)  (2.3145)  (2.3575)  (2.3481)  (2.2925)  (2.2991)  (2.3712)
P4Approach13 0.0173857227687 89.5209  102.5122  104.9792  113.0552  114.4503  115.8362  112.0802  105.8886  109.5893  107.0161
 - (2.3351)  (2.3164)  (2.3223)  (2.3334)  (2.3145)  (2.3575)  (2.3481)  (2.2925)  (2.2991)  (2.3712)
P4Approach11 0.0173857227687 89.5209  102.5122  104.9792  113.0552  114.4503  115.8362  112.0802  105.8886  109.5893  107.0161
 - (2.3351)  (2.3164)  (2.3223)  (2.3334)  (2.3145)  (2.3575)  (2.3481)  (2.2925)  (2.2991)  (2.3712)
P4Approach5 0.0143798990714 89.6539  103.5067  105.0729  113.0623  113.6766  116.5498  111.9981  105.7648  109.1142  107.1689
 - (2.3351)  (2.3164)  (2.3223)  (2.3334)  (2.3145)  (2.3575)  (2.3481)  (2.2925)  (2.2991)  (2.3712)
P4Approach15 0.0143798990714 89.6539  103.5067  105.0729  113.0623  113.6766  116.5498  111.9981  105.7648  109.1142  107.1689
 - (2.3351)  (2.3164)  (2.3223)  (2.3334)  (2.3145)  (2.3575)  (2.3481)  (2.2925)  (2.2991)  (2.3712)
P4Approach10 0.0143798990714 89.6539  103.5067  105.0729  113.0623  113.6766  116.5498  111.9981  105.7648  109.1142  107.1689
 - (2.3351)  (2.3164)  (2.3223)  (2.3334)  (2.3145)  (2.3575)  (2.3481)  (2.2925)  (2.2991)  (2.3712)
P4Approach2 0.0115834955681 89.7136  104.5182  105.1919  113.0208  113.0538  117.3166  111.7054  106.0035  108.5762  107.2626
 - (2.3351)  (2.3164)  (2.3223)  (2.3334)  (2.3145)  (2.3575)  (2.3481)  (2.2925)  (2.2991)  (2.3712)
P4Approach7 0.0115834955681 89.7136  104.5182  105.1919  113.0208  113.0538  117.3166  111.7054  106.0035  108.5762  107.2626
 - (2.3351)  (2.3164)  (2.3223)  (2.3334)  (2.3145)  (2.3575)  (2.3481)  (2.2925)  (2.2991)  (2.3712)
P4Approach12 0.0115834955681 89.7136  104.5182  105.1919  113.0208  113.0538  117.3166  111.7054  106.0035  108.5762  107.2626
 - (2.3351)  (2.3164)  (2.3223)  (2.3334)  (2.3145)  (2.3575)  (2.3481)  (2.2925)  (2.2991)  (2.3712)
P4Approach9 0.0111304150235 89.8601  104.4840  105.1412  113.1182  112.7521  117.2101  112.1266  105.2786  108.7022  107.3806
 - (2.3351)  (2.3164)  (2.3223)  (2.3334)  (2.3145)  (2.3575)  (2.3481)  (2.2925)  (2.2991)  (2.3712)
P4Approach4 0.0111304150235 89.8601  104.4840  105.1412  113.1182  112.7521  117.2101  112.1266  105.2786  108.7022  107.3806
 - (2.3351)  (2.3164)  (2.3223)  (2.3334)  (2.3145)  (2.3575)  (2.3481)  (2.2925)  (2.2991)  (2.3712)
P4Approach14 0.0111304150235 89.8601  104.4840  105.1412  113.1182  112.7521  117.2101  112.1266  105.2786  108.7022  107.3806
 - (2.3351)  (2.3164)  (2.3223)  (2.3334)  (2.3145)  (2.3575)  (2.3481)  (2.2925)  (2.2991)  (2.3712)
FR score 99.5  104.3  108.7  110.2  107.7  111.6  99.7  125.6  111.1  112.7
P4Approach2 6.68348848147e-07 91.0246  100.1312  111.0000  111.4972  114.1232  101.0088  126.7067  112.5843  116.9622  111.2540
 - (2.2823)  (2.3444)  (2.2183)  (2.2084)  (2.2156)  (2.1928)  (2.1645)  (2.1584)  (2.1285)  (2.1223)
P4Approach7 6.68348848147e-07 91.0246  100.1312  111.0000  111.4972  114.1232  101.0088  126.7067  112.5843  116.9622  111.2540
 - (2.2823)  (2.3444)  (2.2183)  (2.2084)  (2.2156)  (2.1928)  (2.1645)  (2.1584)  (2.1285)  (2.1223)
P4Approach9 6.45528904474e-07 91.0246  100.1312  111.1061  111.4972  114.2287  101.0088  126.7067  112.5843  116.9622  110.8266
 - (2.2823)  (2.3444)  (2.2183)  (2.2084)  (2.2156)  (2.1928)  (2.1645)  (2.1584)  (2.1285)  (2.1223)
P4Approach4 6.45528904474e-07 91.0246  100.1312  111.1061  111.4972  114.2287  101.0088  126.7067  112.5843  116.9622  110.8266
 - (2.2823)  (2.3444)  (2.2183)  (2.2084)  (2.2156)  (2.1928)  (2.1645)  (2.1584)  (2.1285)  (2.1223)
P4Approach5 6.09820523355e-07 91.0633  100.4068  111.6315  111.5195  113.1041  100.4235  126.6243  112.4437  117.5088  111.0187
 - (2.2823)  (2.3444)  (2.2183)  (2.2084)  (2.2156)  (2.1928)  (2.1645)  (2.1584)  (2.1285)  (2.1223)
P4Approach10 6.09820523355e-07 91.0633  100.4068  111.6315  111.5195  113.1041  100.4235  126.6243  112.4437  117.5088  111.0187
 - (2.2823)  (2.3444)  (2.2183)  (2.2084)  (2.2156)  (2.1928)  (2.1645)  (2.1584)  (2.1285)  (2.1223)
P4Approach8 5.52089250492e-07 91.1544  100.8835  112.2100  111.5417  112.0322  99.8381  126.5418  112.3031  118.0555  110.9970
 - (2.2823)  (2.3444)  (2.2183)  (2.2084)  (2.2156)  (2.1928)  (2.1645)  (2.1584)  (2.1285)  (2.1223)
P4Approach3 5.52089250492e-07 91.1544  100.8835  112.2100  111.5417  112.0322  99.8381  126.5418  112.3031  118.0555  110.9970
 - (2.2823)  (2.3444)  (2.2183)  (2.2084)  (2.2156)  (2.1928)  (2.1645)  (2.1584)  (2.1285)  (2.1223)
P4Approach1 5.2865253513e-07 91.0495  100.4814  112.2100  111.5417  112.0322  99.8381  126.5418  112.3031  118.0555  110.9970
 - (2.2823)  (2.3444)  (2.2183)  (2.2084)  (2.2156)  (2.1928)  (2.1645)  (2.1584)  (2.1285)  (2.1223)
P4Approach6 5.2865253513e-07 91.0495  100.4814  112.2100  111.5417  112.0322  99.8381  126.5418  112.3031  118.0555  110.9970
 - (2.2823)  (2.3444)  (2.2183)  (2.2084)  (2.2156)  (2.1928)  (2.1645)  (2.1584)  (2.1285)  (2.1223)
HR score 83.7  84.8  98.8  103.8  105.6  112.2  127.0  127.1  113.1  108.3
P4Approach1 0.00781894318949 84.2769  98.2127  102.2021  105.0508  107.4002  120.0800  116.3238  109.2811  110.3470  94.0069
 - (4.9908)  (4.1613)  (4.9482)  (4.1258)  (4.9095)  (4.8875)  (4.8711)  (4.8573)  (4.099)  (3.5637)
P4Approach5 0.0076304058731 83.8707  98.0905  102.8991  105.9438  109.6844  123.3168  119.7659  109.1312  107.9428  94.7343
 - (4.9908)  (4.1613)  (4.9482)  (4.1258)  (4.9095)  (4.8875)  (4.8711)  (4.8573)  (4.099)  (3.5637)
P4Approach2 0.00746622558773 83.3643  97.8763  103.7397  106.8085  111.9950  126.3090  122.8632  111.0144  105.7239  95.4217
 - (4.9908)  (4.1613)  (4.9482)  (4.1258)  (4.9095)  (4.8875)  (4.8711)  (4.8573)  (4.099)  (3.5637)
P4Approach4 0.006828959694 83.5646  98.0602  103.4525  106.8651  111.9420  126.7980  123.1568  110.3199  105.3531  95.5015
 - (4.9908)  (4.1613)  (4.9482)  (4.1258)  (4.9095)  (4.8875)  (4.8711)  (4.8573)  (4.099)  (3.5637)
P4Approach3 0.00602131565143 84.2769  98.2127  102.2021  105.0508  107.4002  120.0800  116.7198  105.9095  110.3470  94.0069
 - (4.9908)  (4.1613)  (4.9482)  (4.1258)  (4.9095)  (4.8875)  (4.8711)  (4.8573)  (4.099)  (3.5637)
HU score 102.1  103.8  121.4  125.0  125.5  129.7  136.4  136.8  133.7  137.0
P4Approach3 0.00246134442553 102.8898  120.7303  126.9627  127.0809  131.3454  140.2388  140.7576  135.9240  142.0826  136.1769
 - (2.5906)  (2.6011)  (2.605)  (2.6278)  (2.6201)  (2.6095)  (2.5428)  (2.5619)  (2.5605)  (2.4723)
P4Approach1 0.00246134442553 102.8898  120.7303  126.9627  127.0809  131.3454  140.2388  140.7576  135.9240  142.0826  136.1769
 - (2.5906)  (2.6011)  (2.605)  (2.6278)  (2.6201)  (2.6095)  (2.5428)  (2.5619)  (2.5605)  (2.4723)
P4Approach5 0.00233847578485 105.0595  121.9452  126.9535  126.5416  130.6517  139.4157  139.3473  134.8836  141.5209  136.6426
 - (2.5906)  (2.6011)  (2.605)  (2.6278)  (2.6201)  (2.6095)  (2.5428)  (2.5619)  (2.5605)  (2.4723)
P4Approach2 0.00187676046399 107.2293  123.1601  126.9443  126.0022  129.9579  138.5926  137.9369  133.8432  140.9592  137.1082
 - (2.5906)  (2.6011)  (2.605)  (2.6278)  (2.6201)  (2.6095)  (2.5428)  (2.5619)  (2.5605)  (2.4723)
P4Approach4 0.00187676046399 107.2293  123.1601  126.9443  126.0022  129.9579  138.5926  137.9369  133.8432  140.9592  137.1082
 - (2.5906)  (2.6011)  (2.605)  (2.6278)  (2.6201)  (2.6095)  (2.5428)  (2.5619)  (2.5605)  (2.4723)
IT score 95.9  85.0  96.8  97.9  100.7  97.4  104.3  94.3  99.8  107.1
P4Approach5 0.00658353166018 86.2793  100.3689  97.5033  103.9387  98.3064  105.0830  97.4788  103.0494  107.7710  102.8928
 - (3.4202)  (3.4045)  (3.3932)  (3.3801)  (3.3649)  (3.307)  (3.2968)  (3.3266)  (3.312)  (1.9826)
P4Approach3 0.00614709722968 84.3587  97.3133  100.3685  103.8381  97.4619  104.6961  94.7021  101.6293  107.7870  101.9697
 - (3.4202)  (3.4045)  (3.3932)  (3.3801)  (3.3649)  (3.307)  (3.2968)  (3.3266)  (3.312)  (1.9826)
P4Approach1 0.00614709722968 84.3587  97.3133  100.3685  103.8381  97.4619  104.6961  94.7021  101.6293  107.7870  101.9697
 - (3.4202)  (3.4045)  (3.3932)  (3.3801)  (3.3649)  (3.307)  (3.2968)  (3.3266)  (3.312)  (1.9826)
P4Approach4 0.00536438141571 89.0207  104.0574  95.4475  103.5406  98.3823  105.2054  101.1932  104.0172  107.1379  102.9788
 - (3.4202)  (3.4045)  (3.3932)  (3.3801)  (3.3649)  (3.307)  (3.2968)  (3.3266)  (3.312)  (1.9826)
P4Approach2 0.0047986604321 87.3791  102.7918  93.8288  104.5379  99.9197  105.7342  99.3177  104.9221  108.3723  104.6529
 - (3.4202)  (3.4045)  (3.3932)  (3.3801)  (3.3649)  (3.307)  (3.2968)  (3.3266)  (3.312)  (1.9826)
LT score 119.4  117.5  132.7  136.4  143.9  146.4  150.4  154.8  146.5  151.2
P4Approach1 0.00405649665876 121.9766  138.6990  139.4668  145.0804  141.8911  148.6496  150.3565  145.9377  148.6389  141.6644
 - (4.2719)  (3.3901)  (3.3862)  (3.3737)  (3.3686)  (4.2067)  (3.3492)  (3.3445)  (3.3374)  (3.2742)
P4Approach6 0.00405649665876 121.9766  138.6990  139.4668  145.0804  141.8911  148.6496  150.3565  145.9377  148.6389  141.6644
 - (4.2719)  (3.3901)  (3.3862)  (3.3737)  (3.3686)  (4.2067)  (3.3492)  (3.3445)  (3.3374)  (3.2742)
P4Approach5 0.00344652263461 120.9661  138.0461  140.0313  145.1539  142.3973  150.1540  150.3914  143.1944  148.9364  141.9163
 - (4.2719)  (3.3901)  (3.3862)  (3.3737)  (3.3686)  (4.2067)  (3.3492)  (3.3445)  (3.3374)  (3.2742)
P4Approach10 0.00344652263461 120.9661  138.0461  140.0313  145.1539  142.3973  150.1540  150.3914  143.1944  148.9364  141.9163
 - (4.2719)  (3.3901)  (3.3862)  (3.3737)  (3.3686)  (4.2067)  (3.3492)  (3.3445)  (3.3374)  (3.2742)
P4Approach9 0.003342308132 119.9556  137.3932  140.5957  145.2273  143.1534  151.7627  150.4263  142.3223  149.0253  142.1681
 - (4.2719)  (3.3901)  (3.3862)  (3.3737)  (3.3686)  (4.2067)  (3.3492)  (3.3445)  (3.3374)  (3.2742)
P4Approach2 0.003342308132 119.9556  137.3932  140.5957  145.2273  143.1534  151.7627  150.4263  142.3223  149.0253  142.1681
 - (4.2719)  (3.3901)  (3.3862)  (3.3737)  (3.3686)  (4.2067)  (3.3492)  (3.3445)  (3.3374)  (3.2742)
P4Approach7 0.003342308132 119.9556  137.3932  140.5957  145.2273  143.1534  151.7627  150.4263  142.3223  149.0253  142.1681
 - (4.2719)  (3.3901)  (3.3862)  (3.3737)  (3.3686)  (4.2067)  (3.3492)  (3.3445)  (3.3374)  (3.2742)
P4Approach4 0.003342308132 119.9556  137.3932  140.5957  145.2273  143.1534  151.7627  150.4263  142.3223  149.0253  142.1681
 - (4.2719)  (3.3901)  (3.3862)  (3.3737)  (3.3686)  (4.2067)  (3.3492)  (3.3445)  (3.3374)  (3.2742)
P4Approach8 0.00278706410443 121.9766  138.6990  139.4668  145.0804  141.3912  148.4408  150.3565  142.1952  149.0559  141.6644
 - (4.2719)  (3.3901)  (3.3862)  (3.3737)  (3.3686)  (4.2067)  (3.3492)  (3.3445)  (3.3374)  (3.2742)
P4Approach3 0.00278706410443 121.9766  138.6990  139.4668  145.0804  141.3912  148.4408  150.3565  142.1952  149.0559  141.6644
 - (4.2719)  (3.3901)  (3.3862)  (3.3737)  (3.3686)  (4.2067)  (3.3492)  (3.3445)  (3.3374)  (3.2742)
LU score 199.6  200.4  220.2  204.6  205.0  194.8  225.3  217.5  231.8  239.8
P4Approach1 0.000168270571975 179.4347  197.0404  212.8292  212.2125  210.5456  220.9925  206.9192  240.0622  267.1852  339.1433
 - (14.1854)  (19.8093)  (19.845)  (15.2827)  (15.2165)  (20.9761)  (21.206)  (14.4712)  (14.2888)  (10.6983)
P4Approach3 0.00013458252494 179.4347  197.0404  196.4583  212.2125  210.5456  220.9925  206.9192  240.0622  267.1852  340.9555
 - (14.1854)  (19.8093)  (19.845)  (15.2827)  (15.2165)  (20.9761)  (21.206)  (14.4712)  (14.2888)  (10.6983)
P4Approach4 0.000101855444902 195.1077  225.2184  208.4334  222.0429  223.7606  254.6625  226.9174  238.9026  256.8684  342.1078
 - (14.1854)  (19.8093)  (19.845)  (15.2827)  (15.2165)  (20.9761)  (21.206)  (14.4712)  (14.2888)  (10.6983)
P4Approach5 8.61216400357e-05 187.1448  211.0027  206.0661  217.1277  217.1531  237.8275  216.3236  239.4824  262.2843  346.2178
 - (14.1854)  (19.8093)  (19.845)  (15.2827)  (15.2165)  (20.9761)  (21.206)  (14.4712)  (14.2888)  (10.6983)
P4Approach2 1.32584983206e-05 194.6021  224.7117  206.5435  222.0429  223.7606  254.6625  224.5385  238.9026  257.8982  362.6644
 - (14.1854)  (19.8093)  (19.845)  (15.2827)  (15.2165)  (20.9761)  (21.206)  (14.4712)  (14.2888)  (10.6983)
LV score 114.3  110.1  121.7  126.7  132.5  132.6  138.0  139.5  130.9  133.5
P4Approach1 0.00193845874379 113.4221  131.5686  131.4323  139.0403  140.9598  142.8999  140.9213  133.5497  136.6734  130.2874
 - (4.2696)  (3.2594)  (4.2557)  (3.242)  (4.2313)  (4.2133)  (4.2149)  (4.2029)  (3.204)  (3.2186)
P4Approach6 0.00193845874379 113.4221  131.5686  131.4323  139.0403  140.9598  142.8999  140.9213  133.5497  136.6734  130.2874
 - (4.2696)  (3.2594)  (4.2557)  (3.242)  (4.2313)  (4.2133)  (4.2149)  (4.2029)  (3.204)  (3.2186)
P4Approach8 0.00188552728569 113.6214  131.6977  131.4872  138.6429  140.7867  143.6099  141.0210  133.5665  136.8433  130.2874
 - (4.2696)  (3.2594)  (4.2557)  (3.242)  (4.2313)  (4.2133)  (4.2149)  (4.2029)  (3.204)  (3.2186)
P4Approach3 0.00188552728569 113.6214  131.6977  131.4872  138.6429  140.7867  143.6099  141.0210  133.5665  136.8433  130.2874
 - (4.2696)  (3.2594)  (4.2557)  (3.242)  (4.2313)  (4.2133)  (4.2149)  (4.2029)  (3.204)  (3.2186)
P4Approach5 0.00157244129677 114.7180  131.8309  132.2141  138.0599  140.1657  145.2151  140.8850  131.5588  136.8921  129.6828
 - (4.2696)  (3.2594)  (4.2557)  (3.242)  (4.2313)  (4.2133)  (4.2149)  (4.2029)  (3.204)  (3.2186)
P4Approach10 0.00157244129677 114.7180  131.8309  132.2141  138.0599  140.1657  145.2151  140.8850  131.5588  136.8921  129.6828
 - (4.2696)  (3.2594)  (4.2557)  (3.242)  (4.2313)  (4.2133)  (4.2149)  (4.2029)  (3.204)  (3.2186)
P4Approach9 0.00131544092174 115.8345  131.8895  132.6648  136.9644  139.2366  146.9991  140.3293  129.1065  136.7096  128.7309
 - (4.2696)  (3.2594)  (4.2557)  (3.242)  (4.2313)  (4.2133)  (4.2149)  (4.2029)  (3.204)  (3.2186)
P4Approach4 0.00131544092174 115.8345  131.8895  132.6648  136.9644  139.2366  146.9991  140.3293  129.1065  136.7096  128.7309
 - (4.2696)  (3.2594)  (4.2557)  (3.242)  (4.2313)  (4.2133)  (4.2149)  (4.2029)  (3.204)  (3.2186)
P4Approach2 0.00110100960584 115.9941  132.1680  133.2723  137.5922  139.6797  147.3517  141.2684  130.0124  137.3419  129.4257
 - (4.2696)  (3.2594)  (4.2557)  (3.242)  (4.2313)  (4.2133)  (4.2149)  (4.2029)  (3.204)  (3.2186)
P4Approach7 0.00110100960584 115.9941  132.1680  133.2723  137.5922  139.6797  147.3517  141.2684  130.0124  137.3419  129.4257
 - (4.2696)  (3.2594)  (4.2557)  (3.242)  (4.2313)  (4.2133)  (4.2149)  (4.2029)  (3.204)  (3.2186)
MT score 110.1  103.6  111.9  120.9  123.3  123.1  130.4  120.7  118.7  125.3
P4Approach3 0.0154243314308 95.8214  106.1523  112.8114  118.0686  120.1701  125.7461  114.8662  113.2066  118.1032  113.7127
 - (4.3361)  (4.3598)  (4.2659)  (4.2755)  (4.6738)  (5.4208)  (4.3264)  (4.3378)  (4.3515)  (4.418)
P4Approach5 0.0149666708819 96.6710  106.0908  112.6153  117.9883  119.3436  128.3045  114.6275  112.5316  119.4692  113.7651
 - (4.3361)  (4.3598)  (4.2659)  (4.2755)  (4.6738)  (5.4208)  (4.3264)  (4.3378)  (4.3515)  (4.418)
P4Approach4 0.0148442144352 97.8549  106.6901  112.8706  118.3995  119.1682  131.5250  114.6129  112.0237  120.8114  114.2306
 - (4.3361)  (4.3598)  (4.2659)  (4.2755)  (4.6738)  (5.4208)  (4.3264)  (4.3378)  (4.3515)  (4.418)
P4Approach1 0.0146603103883 95.8214  106.1523  112.8114  118.0686  120.1701  125.7461  114.8662  113.2066  118.1032  112.8864
 - (4.3361)  (4.3598)  (4.2659)  (4.2755)  (4.6738)  (5.4208)  (4.3264)  (4.3378)  (4.3515)  (4.418)
P4Approach2 0.0135735916132 97.1861  105.3688  111.9677  117.4166  117.8660  130.2011  114.1647  111.6896  120.8589  114.2306
 - (4.3361)  (4.3598)  (4.2659)  (4.2755)  (4.6738)  (5.4208)  (4.3264)  (4.3378)  (4.3515)  (4.418)
NL score 90.5  85.9  98.0  98.9  101.1  103.1  101.3  94.8  97.3  103.7
P4Approach3 0.0300767749717 80.2249  93.2830  93.3190  97.1717  95.5112  92.1341  89.4532  92.0279  95.2940  95.2983
 - (8.3292)  (7.1925)  (6.9022)  (7.1177)  (6.9444)  (6.8252)  (6.7789)  (6.6017)  (5.5878)  (3.9434)
P4Approach1 0.0300767749717 80.2249  93.2830  93.3190  97.1717  95.5112  92.1341  89.4532  92.0279  95.2940  95.2983
 - (8.3292)  (7.1925)  (6.9022)  (7.1177)  (6.9444)  (6.8252)  (6.7789)  (6.6017)  (5.5878)  (3.9434)
P4Approach5 0.0258759160231 80.6933  94.1517  94.2929  98.0415  96.5927  93.2563  90.2729  93.1334  96.1890  91.8864
 - (8.3292)  (7.1925)  (6.9022)  (7.1177)  (6.9444)  (6.8252)  (6.7789)  (6.6017)  (5.5878)  (3.9434)
P4Approach2 0.0203032491992 81.1616  95.0204  95.2668  98.9113  97.6742  94.3785  91.0926  94.2389  97.0841  88.4744
 - (8.3292)  (7.1925)  (6.9022)  (7.1177)  (6.9444)  (6.8252)  (6.7789)  (6.6017)  (5.5878)  (3.9434)
P4Approach4 0.0203032491992 81.1616  95.0204  95.2668  98.9113  97.6742  94.3785  91.0926  94.2389  97.0841  88.4744
 - (8.3292)  (7.1925)  (6.9022)  (7.1177)  (6.9444)  (6.8252)  (6.7789)  (6.6017)  (5.5878)  (3.9434)
PL score 104.7  103.3  119.1  120.3  120.1  121.7  123.1  123.6  122.9  126.5
P4Approach9 0.000903982306724 108.4887  125.2765  125.8026  126.0828  126.1425  128.4545  128.2034  126.9755  132.5963  122.5978
 - (3.3193)  (2.7574)  (3.3431)  (3.3306)  (2.7253)  (3.3089)  (3.3009)  (2.7152)  (2.7066)  (2.7189)
P4Approach2 0.000903982306724 108.4887  125.2765  125.8026  126.0828  126.1425  128.4545  128.2034  126.9755  132.5963  122.5978
 - (3.3193)  (2.7574)  (3.3431)  (3.3306)  (2.7253)  (3.3089)  (3.3009)  (2.7152)  (2.7066)  (2.7189)
P4Approach7 0.000903982306724 108.4887  125.2765  125.8026  126.0828  126.1425  128.4545  128.2034  126.9755  132.5963  122.5978
 - (3.3193)  (2.7574)  (3.3431)  (3.3306)  (2.7253)  (3.3089)  (3.3009)  (2.7152)  (2.7066)  (2.7189)
P4Approach4 0.000903982306724 108.4887  125.2765  125.8026  126.0828  126.1425  128.4545  128.2034  126.9755  132.5963  122.5978
 - (3.3193)  (2.7574)  (3.3431)  (3.3306)  (2.7253)  (3.3089)  (3.3009)  (2.7152)  (2.7066)  (2.7189)
P4Approach5 0.000649529138374 106.0419  125.6849  125.9447  125.7950  126.6170  129.1526  129.9177  128.4779  132.4395  122.0374
 - (3.3193)  (2.7574)  (3.3431)  (3.3306)  (2.7253)  (3.3089)  (3.3009)  (2.7152)  (2.7066)  (2.7189)
P4Approach10 0.000649529138374 106.0419  125.6849  125.9447  125.7950  126.6170  129.1526  129.9177  128.4779  132.4395  122.0374
 - (3.3193)  (2.7574)  (3.3431)  (3.3306)  (2.7253)  (3.3089)  (3.3009)  (2.7152)  (2.7066)  (2.7189)
P4Approach8 0.000473572265116 103.1029  125.6638  125.2279  125.5072  127.0915  129.8507  131.6320  130.5100  132.1445  121.4771
 - (3.3193)  (2.7574)  (3.3431)  (3.3306)  (2.7253)  (3.3089)  (3.3009)  (2.7152)  (2.7066)  (2.7189)
P4Approach3 0.000473572265116 103.1029  125.6638  125.2279  125.5072  127.0915  129.8507  131.6320  130.5100  132.1445  121.4771
 - (3.3193)  (2.7574)  (3.3431)  (3.3306)  (2.7253)  (3.3089)  (3.3009)  (2.7152)  (2.7066)  (2.7189)
P4Approach1 0.000351268032332 104.0875  126.5229  126.9456  125.5072  127.0915  129.8507  131.6320  129.4506  132.4208  121.4771
 - (3.3193)  (2.7574)  (3.3431)  (3.3306)  (2.7253)  (3.3089)  (3.3009)  (2.7152)  (2.7066)  (2.7189)
P4Approach6 0.000351268032332 104.0875  126.5229  126.9456  125.5072  127.0915  129.8507  131.6320  129.4506  132.4208  121.4771
 - (3.3193)  (2.7574)  (3.3431)  (3.3306)  (2.7253)  (3.3089)  (3.3009)  (2.7152)  (2.7066)  (2.7189)
PT score 78.7  73.1  82.8  80.8  84.0  86.8  96.1  96.5  88.4  89.8
P4Approach3 0.0321581586272 73.3875  81.0128  81.0827  85.3031  84.3338  93.0120  94.5760  87.5767  88.9198  87.8139
 - (3.2562)  (2.6477)  (2.8697)  (2.6463)  (2.8818)  (2.8717)  (2.9172)  (2.9322)  (2.6139)  (2.4355)
P4Approach1 0.0320059172458 73.3875  81.0128  81.0827  85.3031  84.3338  93.0120  94.5760  87.5767  88.9198  87.6769
 - (3.2562)  (2.6477)  (2.8697)  (2.6463)  (2.8818)  (2.8717)  (2.9172)  (2.9322)  (2.6139)  (2.4355)
P4Approach5 0.0233132011206 75.3735  83.5626  81.4437  85.4266  85.6051  91.5647  92.5349  87.1898  90.3422  87.2663
 - (3.2562)  (2.6477)  (2.8697)  (2.6463)  (2.8818)  (2.8717)  (2.9172)  (2.9322)  (2.6139)  (2.4355)
P4Approach4 0.0130653395116 77.3812  86.1125  81.8047  85.4275  86.6941  90.0505  90.2881  86.7357  91.8161  86.9440
 - (3.2562)  (2.6477)  (2.8697)  (2.6463)  (2.8818)  (2.8717)  (2.9172)  (2.9322)  (2.6139)  (2.4355)
P4Approach2 0.0130162041862 77.3380  86.1125  81.8047  85.6727  87.0586  90.1844  90.6996  86.8702  91.7130  86.6303
 - (3.2562)  (2.6477)  (2.8697)  (2.6463)  (2.8818)  (2.8717)  (2.9172)  (2.9322)  (2.6139)  (2.4355)
RO score 116.3  120.8  135.9  145.9  140.2  147.3  152.6  156.9  152.2  152.6
P4Approach3 0.0165110794301 120.2631  137.1267  151.2463  147.9683  151.4680  152.4945  160.0915  158.0729  159.9549  161.6431
 - (4.924)  (6.3817)  (5.0165)  (4.9939)  (4.9744)  (4.9796)  (4.9881)  (4.9667)  (4.9462)  (4.8736)
P4Approach1 0.0165110794301 120.2631  137.1267  151.2463  147.9683  151.4680  152.4945  160.0915  158.0729  159.9549  161.6431
 - (4.924)  (6.3817)  (5.0165)  (4.9939)  (4.9744)  (4.9796)  (4.9881)  (4.9667)  (4.9462)  (4.8736)
P4Approach5 0.0143695716435 125.0355  140.7942  149.9665  147.2743  151.3058  152.4415  158.9145  157.3729  159.0412  161.6606
 - (4.924)  (6.3817)  (5.0165)  (4.9939)  (4.9744)  (4.9796)  (4.9881)  (4.9667)  (4.9462)  (4.8736)
P4Approach4 0.0113164093689 129.1930  143.9224  148.8097  146.5879  150.9985  152.5165  158.1015  156.8114  158.1854  161.8393
 - (4.924)  (6.3817)  (5.0165)  (4.9939)  (4.9744)  (4.9796)  (4.9881)  (4.9667)  (4.9462)  (4.8736)
P4Approach2 0.0102772680373 130.4228  145.0009  148.5637  146.5729  151.2889  152.2606  157.3734  156.5343  158.0694  161.5170
 - (4.924)  (6.3817)  (5.0165)  (4.9939)  (4.9744)  (4.9796)  (4.9881)  (4.9667)  (4.9462)  (4.8736)
SE score 99.8  98.1  110.9  113.6  122.1  125.5  119.7  120.0  113.8  118.8
P4Approach9 0.00376057561877 98.9849  113.6062  116.3348  123.2228  124.1059  121.6877  119.2877  115.2710  119.0218  118.6959
 - (2.3387)  (2.3424)  (2.4795)  (2.4743)  (2.3691)  (2.5112)  (2.3441)  (2.3371)  (2.3373)  (2.1992)
P4Approach4 0.00376057561877 98.9849  113.6062  116.3348  123.2228  124.1059  121.6877  119.2877  115.2710  119.0218  118.6959
 - (2.3387)  (2.3424)  (2.4795)  (2.4743)  (2.3691)  (2.5112)  (2.3441)  (2.3371)  (2.3373)  (2.1992)
P4Approach8 0.00356335535829 97.1290  112.8131  116.3149  123.5116  123.8207  121.6512  119.2149  114.9793  120.2703  117.5583
 - (2.3387)  (2.3424)  (2.4795)  (2.4743)  (2.3691)  (2.5112)  (2.3441)  (2.3371)  (2.3373)  (2.1992)
P4Approach3 0.00356335535829 97.1290  112.8131  116.3149  123.5116  123.8207  121.6512  119.2149  114.9793  120.2703  117.5583
 - (2.3387)  (2.3424)  (2.4795)  (2.4743)  (2.3691)  (2.5112)  (2.3441)  (2.3371)  (2.3373)  (2.1992)
P4Approach2 0.00351128336879 99.1487  113.9394  116.4925  123.0554  124.4550  122.6624  119.3169  115.4644  119.4451  118.7815
 - (2.3387)  (2.3424)  (2.4795)  (2.4743)  (2.3691)  (2.5112)  (2.3441)  (2.3371)  (2.3373)  (2.1992)
P4Approach7 0.00351128336879 99.1487  113.9394  116.4925  123.0554  124.4550  122.6624  119.3169  115.4644  119.4451  118.7815
 - (2.3387)  (2.3424)  (2.4795)  (2.4743)  (2.3691)  (2.5112)  (2.3441)  (2.3371)  (2.3373)  (2.1992)
P4Approach5 0.00333003053533 98.0979  113.5648  116.7464  123.3254  124.0506  121.9131  119.2586  115.1735  119.6254  118.1485
 - (2.3387)  (2.3424)  (2.4795)  (2.4743)  (2.3691)  (2.5112)  (2.3441)  (2.3371)  (2.3373)  (2.1992)
P4Approach10 0.00333003053533 98.0979  113.5648  116.7464  123.3254  124.0506  121.9131  119.2586  115.1735  119.6254  118.1485
 - (2.3387)  (2.3424)  (2.4795)  (2.4743)  (2.3691)  (2.5112)  (2.3441)  (2.3371)  (2.3373)  (2.1992)
P4Approach1 0.00239216065534 97.1290  113.9007  117.8435  123.5116  123.8207  121.6512  119.2149  114.9793  119.7646  117.5583
 - (2.3387)  (2.3424)  (2.4795)  (2.4743)  (2.3691)  (2.5112)  (2.3441)  (2.3371)  (2.3373)  (2.1992)
P4Approach6 0.00239216065534 97.1290  113.9007  117.8435  123.5116  123.8207  121.6512  119.2149  114.9793  119.7646  117.5583
 - (2.3387)  (2.3424)  (2.4795)  (2.4743)  (2.3691)  (2.5112)  (2.3441)  (2.3371)  (2.3373)  (2.1992)
SI score 96.0  89.5  99.7  102.8  102.2  108.2  107.0  108.3  106.3  115.2
P4Approach9 7.9102084539e-05 81.3278  98.1454  100.6328  98.5876  101.0801  101.4813  96.4402  99.6357  102.0326  95.9522
 - (2.5687)  (2.4487)  (2.5599)  (2.56)  (2.5466)  (2.5378)  (2.5267)  (2.5189)  (2.4131)  (2.3952)
P4Approach4 7.9102084539e-05 81.3278  98.1454  100.6328  98.5876  101.0801  101.4813  96.4402  99.6357  102.0326  95.9522
 - (2.5687)  (2.4487)  (2.5599)  (2.56)  (2.5466)  (2.5378)  (2.5267)  (2.5189)  (2.4131)  (2.3952)
P4Approach2 6.57771601619e-05 81.4759  98.1454  100.6328  98.5876  101.0801  101.4813  96.4402  99.6357  99.7038  95.9522
 - (2.5687)  (2.4487)  (2.5599)  (2.56)  (2.5466)  (2.5378)  (2.5267)  (2.5189)  (2.4131)  (2.3952)
P4Approach7 6.57771601619e-05 81.4759  98.1454  100.6328  98.5876  101.0801  101.4813  96.4402  99.6357  99.7038  95.9522
 - (2.5687)  (2.4487)  (2.5599)  (2.56)  (2.5466)  (2.5378)  (2.5267)  (2.5189)  (2.4131)  (2.3952)
P4Approach5 5.40060241505e-05 80.8681  98.5189  100.1929  99.0364  101.3271  101.1608  96.7525  99.1327  101.2430  95.5351
 - (2.5687)  (2.4487)  (2.5599)  (2.56)  (2.5466)  (2.5378)  (2.5267)  (2.5189)  (2.4131)  (2.3952)
P4Approach10 5.40060241505e-05 80.8681  98.5189  100.1929  99.0364  101.3271  101.1608  96.7525  99.1327  101.2430  95.5351
 - (2.5687)  (2.4487)  (2.5599)  (2.56)  (2.5466)  (2.5378)  (2.5267)  (2.5189)  (2.4131)  (2.3952)
P4Approach8 3.8933628529e-05 80.3344  98.8925  99.7529  99.4851  101.5742  100.8404  97.0647  98.6297  101.6178  95.1181
 - (2.5687)  (2.4487)  (2.5599)  (2.56)  (2.5466)  (2.5378)  (2.5267)  (2.5189)  (2.4131)  (2.3952)
P4Approach3 3.8933628529e-05 80.3344  98.8925  99.7529  99.4851  101.5742  100.8404  97.0647  98.6297  101.6178  95.1181
 - (2.5687)  (2.4487)  (2.5599)  (2.56)  (2.5466)  (2.5378)  (2.5267)  (2.5189)  (2.4131)  (2.3952)
P4Approach1 3.8933628529e-05 80.3344  98.8925  99.7529  99.4851  101.5742  100.8404  97.0647  98.6297  101.6178  95.1181
 - (2.5687)  (2.4487)  (2.5599)  (2.56)  (2.5466)  (2.5378)  (2.5267)  (2.5189)  (2.4131)  (2.3952)
P4Approach6 3.8933628529e-05 80.3344  98.8925  99.7529  99.4851  101.5742  100.8404  97.0647  98.6297  101.6178  95.1181
 - (2.5687)  (2.4487)  (2.5599)  (2.56)  (2.5466)  (2.5378)  (2.5267)  (2.5189)  (2.4131)  (2.3952)
SK score 97.7  97.9  109.5  109.0  111.8  114.4  110.6  110.6  111.7  115.0
P4Approach1 0.0525910731971 98.6714  107.0146  107.5795  113.0343  115.2478  114.9948  115.1472  111.9440  115.3899  115.9799
 - (3.6966)  (2.9158)  (3.6715)  (2.9155)  (3.6685)  (3.6529)  (3.6649)  (3.6675)  (2.8096)  (2.8916)
P4Approach6 0.0525910731971 98.6714  107.0146  107.5795  113.0343  115.2478  114.9948  115.1472  111.9440  115.3899  115.9799
 - (3.6966)  (2.9158)  (3.6715)  (2.9155)  (3.6685)  (3.6529)  (3.6649)  (3.6675)  (2.8096)  (2.8916)
P4Approach8 0.05141488898 100.4320  107.0146  107.5795  113.0343  115.2478  114.5521  115.1472  111.9440  115.3899  115.9799
 - (3.6966)  (2.9158)  (3.6715)  (2.9155)  (3.6685)  (3.6529)  (3.6649)  (3.6675)  (2.8096)  (2.8916)
P4Approach3 0.05141488898 100.4320  107.0146  107.5795  113.0343  115.2478  114.5521  115.1472  111.9440  115.3899  115.9799
 - (3.6966)  (2.9158)  (3.6715)  (2.9155)  (3.6685)  (3.6529)  (3.6649)  (3.6675)  (2.8096)  (2.8916)
P4Approach5 0.0490717169192 101.9174  107.2275  106.7001  112.8675  115.3803  114.9468  114.3939  111.6649  115.4678  115.5168
 - (3.6966)  (2.9158)  (3.6715)  (2.9155)  (3.6685)  (3.6529)  (3.6649)  (3.6675)  (2.8096)  (2.8916)
P4Approach10 0.0490717169192 101.9174  107.2275  106.7001  112.8675  115.3803  114.9468  114.3939  111.6649  115.4678  115.5168
 - (3.6966)  (2.9158)  (3.6715)  (2.9155)  (3.6685)  (3.6529)  (3.6649)  (3.6675)  (2.8096)  (2.8916)
P4Approach2 0.043744807552 104.2722  107.3684  105.7489  112.7464  115.5711  115.1250  113.6144  111.2938  115.5808  115.3930
 - (3.6966)  (2.9158)  (3.6715)  (2.9155)  (3.6685)  (3.6529)  (3.6649)  (3.6675)  (2.8096)  (2.8916)
P4Approach7 0.043744807552 104.2722  107.3684  105.7489  112.7464  115.5711  115.1250  113.6144  111.2938  115.5808  115.3930
 - (3.6966)  (2.9158)  (3.6715)  (2.9155)  (3.6685)  (3.6529)  (3.6649)  (3.6675)  (2.8096)  (2.8916)
P4Approach9 0.0435505697036 104.2940  107.5125  105.8925  112.6550  115.4545  115.1154  113.6669  111.4776  115.5104  114.7143
 - (3.6966)  (2.9158)  (3.6715)  (2.9155)  (3.6685)  (3.6529)  (3.6649)  (3.6675)  (2.8096)  (2.8916)
P4Approach4 0.0435505697036 104.2940  107.5125  105.8925  112.6550  115.4545  115.1154  113.6669  111.4776  115.5104  114.7143
 - (3.6966)  (2.9158)  (3.6715)  (2.9155)  (3.6685)  (3.6529)  (3.6649)  (3.6675)  (2.8096)  (2.8916)
UK score 103.9  104.7  107.0  109.9  114.4  112.9  115.9  111.7  112.7  120.2
P4Approach8 0.00280672054258 105.4612  108.8784  111.0890  111.7876  113.8998  114.7789  112.0907  112.2561  117.6659  130.6701
 - (1.4168)  (1.4043)  (1.403)  (1.4389)  (1.4711)  (1.4706)  (1.4495)  (1.4512)  (1.4535)  (1.4653)
P4Approach3 0.00280672054258 105.4612  108.8784  111.0890  111.7876  113.8998  114.7789  112.0907  112.2561  117.6659  130.6701
 - (1.4168)  (1.4043)  (1.403)  (1.4389)  (1.4711)  (1.4706)  (1.4495)  (1.4512)  (1.4535)  (1.4653)
P4Approach1 0.00280672054258 105.4612  108.8784  111.0890  111.7876  113.8998  114.7789  112.0907  112.2561  117.6659  130.6701
 - (1.4168)  (1.4043)  (1.403)  (1.4389)  (1.4711)  (1.4706)  (1.4495)  (1.4512)  (1.4535)  (1.4653)
P4Approach6 0.00280672054258 105.4612  108.8784  111.0890  111.7876  113.8998  114.7789  112.0907  112.2561  117.6659  130.6701
 - (1.4168)  (1.4043)  (1.403)  (1.4389)  (1.4711)  (1.4706)  (1.4495)  (1.4512)  (1.4535)  (1.4653)
P4Approach18 0.00280672054258 105.4612  108.8784  111.0890  111.7876  113.8998  114.7789  112.0907  112.2561  117.6659  130.6701
 - (1.4168)  (1.4043)  (1.403)  (1.4389)  (1.4711)  (1.4706)  (1.4495)  (1.4512)  (1.4535)  (1.4653)
P4Approach16 0.00280672054258 105.4612  108.8784  111.0890  111.7876  113.8998  114.7789  112.0907  112.2561  117.6659  130.6701
 - (1.4168)  (1.4043)  (1.403)  (1.4389)  (1.4711)  (1.4706)  (1.4495)  (1.4512)  (1.4535)  (1.4653)
P4Approach13 0.00280672054258 105.4612  108.8784  111.0890  111.7876  113.8998  114.7789  112.0907  112.2561  117.6659  130.6701
 - (1.4168)  (1.4043)  (1.403)  (1.4389)  (1.4711)  (1.4706)  (1.4495)  (1.4512)  (1.4535)  (1.4653)
P4Approach11 0.00280672054258 105.4612  108.8784  111.0890  111.7876  113.8998  114.7789  112.0907  112.2561  117.6659  130.6701
 - (1.4168)  (1.4043)  (1.403)  (1.4389)  (1.4711)  (1.4706)  (1.4495)  (1.4512)  (1.4535)  (1.4653)
P4Approach20 0.00223778835149 105.6348  109.3290  110.8975  112.3093  114.1861  114.8913  111.6378  112.5873  117.5167  130.7258
 - (1.4168)  (1.4043)  (1.403)  (1.4389)  (1.4711)  (1.4706)  (1.4495)  (1.4512)  (1.4535)  (1.4653)
P4Approach5 0.00223778835149 105.6348  109.3290  110.8975  112.3093  114.1861  114.8913  111.6378  112.5873  117.5167  130.7258
 - (1.4168)  (1.4043)  (1.403)  (1.4389)  (1.4711)  (1.4706)  (1.4495)  (1.4512)  (1.4535)  (1.4653)
P4Approach15 0.00223778835149 105.6348  109.3290  110.8975  112.3093  114.1861  114.8913  111.6378  112.5873  117.5167  130.7258
 - (1.4168)  (1.4043)  (1.403)  (1.4389)  (1.4711)  (1.4706)  (1.4495)  (1.4512)  (1.4535)  (1.4653)
P4Approach10 0.00223778835149 105.6348  109.3290  110.8975  112.3093  114.1861  114.8913  111.6378  112.5873  117.5167  130.7258
 - (1.4168)  (1.4043)  (1.403)  (1.4389)  (1.4711)  (1.4706)  (1.4495)  (1.4512)  (1.4535)  (1.4653)
P4Approach9 0.00170162756601 105.8083  109.7796  110.7060  112.8311  114.4725  115.0037  111.1849  112.9185  117.3676  130.7815
 - (1.4168)  (1.4043)  (1.403)  (1.4389)  (1.4711)  (1.4706)  (1.4495)  (1.4512)  (1.4535)  (1.4653)
P4Approach2 0.00170162756601 105.8083  109.7796  110.7060  112.8311  114.4725  115.0037  111.1849  112.9185  117.3676  130.7815
 - (1.4168)  (1.4043)  (1.403)  (1.4389)  (1.4711)  (1.4706)  (1.4495)  (1.4512)  (1.4535)  (1.4653)
P4Approach7 0.00170162756601 105.8083  109.7796  110.7060  112.8311  114.4725  115.0037  111.1849  112.9185  117.3676  130.7815
 - (1.4168)  (1.4043)  (1.403)  (1.4389)  (1.4711)  (1.4706)  (1.4495)  (1.4512)  (1.4535)  (1.4653)
P4Approach4 0.00170162756601 105.8083  109.7796  110.7060  112.8311  114.4725  115.0037  111.1849  112.9185  117.3676  130.7815
 - (1.4168)  (1.4043)  (1.403)  (1.4389)  (1.4711)  (1.4706)  (1.4495)  (1.4512)  (1.4535)  (1.4653)
P4Approach19 0.00170162756601 105.8083  109.7796  110.7060  112.8311  114.4725  115.0037  111.1849  112.9185  117.3676  130.7815
 - (1.4168)  (1.4043)  (1.403)  (1.4389)  (1.4711)  (1.4706)  (1.4495)  (1.4512)  (1.4535)  (1.4653)
P4Approach17 0.00170162756601 105.8083  109.7796  110.7060  112.8311  114.4725  115.0037  111.1849  112.9185  117.3676  130.7815
 - (1.4168)  (1.4043)  (1.403)  (1.4389)  (1.4711)  (1.4706)  (1.4495)  (1.4512)  (1.4535)  (1.4653)
P4Approach14 0.00170162756601 105.8083  109.7796  110.7060  112.8311  114.4725  115.0037  111.1849  112.9185  117.3676  130.7815
 - (1.4168)  (1.4043)  (1.403)  (1.4389)  (1.4711)  (1.4706)  (1.4495)  (1.4512)  (1.4535)  (1.4653)
P4Approach12 0.00170162756601 105.8083  109.7796  110.7060  112.8311  114.4725  115.0037  111.1849  112.9185  117.3676  130.7815
 - (1.4168)  (1.4043)  (1.403)  (1.4389)  (1.4711)  (1.4706)  (1.4495)  (1.4512)  (1.4535)  (1.4653)
