AT score 283.0  261.0  273.0  284.0  271.0  265.0  287.0  281.0  245.0  253.0
P4Approach4 3.74796556017 265.1000  278.2300  275.3500  265.3700  270.8200  282.6200  268.0600  290.1900  271.4000  275.7200
 - (21.31)  (21.27)  (21.22)  (17.03)  (21.16)  (21.46)  (21.52)  (17.17)  (21.49)  (17.04)
P4Approach2 3.70942011043 265.2400  274.6400  274.3300  263.2900  269.9300  285.3700  266.6800  288.4900  272.3200  274.2000
 - (21.31)  (21.27)  (21.22)  (17.03)  (21.16)  (21.46)  (21.52)  (17.17)  (21.49)  (17.04)
P4Approach5 3.54002047465 275.6500  279.3100  270.5100  254.4800  253.6700  278.6000  271.8000  290.0000  277.7300  264.9300
 - (21.31)  (21.27)  (21.22)  (17.03)  (21.16)  (21.46)  (21.52)  (17.17)  (21.49)  (17.04)
P4Approach3 2.80460265559 286.1300  282.1900  266.1800  244.6300  236.9700  273.2100  276.2400  290.6700  283.6100  254.9000
 - (21.31)  (21.27)  (21.22)  (17.03)  (21.16)  (21.46)  (21.52)  (17.17)  (21.49)  (17.04)
P4Approach1 2.80460265559 286.1300  282.1900  266.1800  244.6300  236.9700  273.2100  276.2400  290.6700  283.6100  254.9000
 - (21.31)  (21.27)  (21.22)  (17.03)  (21.16)  (21.46)  (21.52)  (17.17)  (21.49)  (17.04)
BE score 436.0  425.0  421.0  391.0  393.0  410.0  419.0  407.0  400.0  378.0
P4Approach5 4.26614591154 395.7500  385.7300  418.6700  414.2900  411.8000  403.6700  417.9100  418.0300  418.8900  392.8400
 - (20.61)  (20.59)  (20.79)  (11.8)  (20.71)  (20.79)  (20.63)  (11.65)  (20.54)  (11.54)
P4Approach2 4.10809813316 404.4800  386.9400  419.0300  416.1300  414.9100  394.5400  404.6100  418.6800  424.7400  392.1700
 - (20.61)  (20.59)  (20.79)  (11.8)  (20.71)  (20.79)  (20.63)  (11.65)  (20.54)  (11.54)
P4Approach3 4.05816544487 388.2700  384.5200  418.3700  412.4600  407.0500  413.4300  432.8500  417.9200  413.4900  393.8800
 - (20.61)  (20.59)  (20.79)  (11.8)  (20.71)  (20.79)  (20.63)  (11.65)  (20.54)  (11.54)
P4Approach4 4.02252812531 404.4800  386.9400  419.0300  416.1300  415.3400  393.2300  400.0000  418.4700  425.3900  391.4300
 - (20.61)  (20.59)  (20.79)  (11.8)  (20.71)  (20.79)  (20.63)  (11.65)  (20.54)  (11.54)
P4Approach1 3.92704336743 385.7600  384.5200  418.2600  412.4600  409.8900  413.4700  434.2000  417.0600  411.9500  393.8800
 - (20.61)  (20.59)  (20.79)  (11.8)  (20.71)  (20.79)  (20.63)  (11.65)  (20.54)  (11.54)
BG score 261.0  256.0  245.0  239.0  225.0  250.0  242.0  234.0  233.0  226.0
P4Approach2 2.06676488065 314.1300  304.9400  257.2800  228.9600  214.3300  209.6000  212.2700  234.7600  232.6200  234.1700
 - (20.5)  (20.45)  (20.19)  (10.35)  (20.12)  (20.36)  (20.33)  (10.28)  (20.03)  (10.24)
P4Approach5 1.95396662461 312.5400  312.6800  256.2600  232.5800  221.7500  210.2300  207.3600  235.1800  231.5500  233.1800
 - (20.5)  (20.45)  (20.19)  (10.35)  (20.12)  (20.36)  (20.33)  (10.28)  (20.03)  (10.24)
P4Approach4 1.91046971913 313.8600  309.6300  257.2800  228.9600  214.3300  210.9200  207.5100  234.7600  232.6200  234.1700
 - (20.5)  (20.45)  (20.19)  (10.35)  (20.12)  (20.36)  (20.33)  (10.28)  (20.03)  (10.24)
P4Approach3 1.84966220899 311.0800  318.0800  255.2400  236.2000  229.1600  210.2000  204.8400  235.6000  230.4800  232.2000
 - (20.5)  (20.45)  (20.19)  (10.35)  (20.12)  (20.36)  (20.33)  (10.28)  (20.03)  (10.24)
P4Approach1 1.84966220899 311.0800  318.0800  255.2400  236.2000  229.1600  210.2000  204.8400  235.6000  230.4800  232.2000
 - (20.5)  (20.45)  (20.19)  (10.35)  (20.12)  (20.36)  (20.33)  (10.28)  (20.03)  (10.24)
CY score 56.0  52.0  44.0  44.0  46.0  48.0  52.0  48.0  44.0  64.0
P4Approach2 0.00991198983593 74.0400  69.6200  47.1000  40.7200  43.0900  50.3900  47.6800  48.3100  44.1000  50.0100
 - (2.97)  (2.98)  (3.07)  (1.99)  (3.12)  (3.08)  (3.14)  (2.0)  (3.09)  (1.91)
P4Approach4 0.00954810910802 73.9700  69.8800  47.1000  40.7200  43.0900  50.3900  47.6800  48.3100  44.1000  50.0100
 - (2.97)  (2.98)  (3.07)  (1.99)  (3.12)  (3.08)  (3.14)  (2.0)  (3.09)  (1.91)
P4Approach5 0.00903846267719 75.2500  69.9100  47.9900  41.5000  44.2700  49.1600  46.6700  47.9100  44.6300  50.5200
 - (2.97)  (2.98)  (3.07)  (1.99)  (3.12)  (3.08)  (3.14)  (2.0)  (3.09)  (1.91)
P4Approach3 0.00804989753767 76.5000  70.0700  47.6700  42.2700  45.4500  47.9300  45.6600  47.5100  45.1500  51.0400
 - (2.97)  (2.98)  (3.07)  (1.99)  (3.12)  (3.08)  (3.14)  (2.0)  (3.09)  (1.91)
P4Approach1 0.00706537491569 76.5000  70.0700  50.0800  42.2700  45.4500  47.9300  45.6600  47.5100  45.1500  51.0100
 - (2.97)  (2.98)  (3.07)  (1.99)  (3.12)  (3.08)  (3.14)  (2.0)  (3.09)  (1.91)
CZ score 253.0  217.0  220.0  208.0  220.0  228.0  202.0  211.0  202.0  194.0
P4Approach2 3.60257488204 242.2800  234.9100  237.9400  210.2400  201.8600  210.2400  208.1100  210.6800  208.1200  192.3500
 - (21.1)  (21.07)  (21.03)  (18.19)  (21.01)  (20.98)  (20.88)  (18.2)  (20.95)  (18.32)
P4Approach5 3.58184944081 243.2200  239.3700  235.6900  209.0200  205.6500  211.0400  217.4600  211.0600  207.8700  197.1700
 - (21.1)  (21.07)  (21.03)  (18.19)  (21.01)  (20.98)  (20.88)  (18.2)  (20.95)  (18.32)
P4Approach1 3.4889214978 246.5800  238.5400  229.4100  206.5000  205.4400  209.3900  225.7400  210.7600  206.1100  204.2100
 - (21.1)  (21.07)  (21.03)  (18.19)  (21.01)  (20.98)  (20.88)  (18.2)  (20.95)  (18.32)
P4Approach3 3.46610336127 246.5800  238.5400  229.4100  206.5000  205.4400  208.0400  225.7400  210.7600  206.1100  204.2100
 - (21.1)  (21.07)  (21.03)  (18.19)  (21.01)  (20.98)  (20.88)  (18.2)  (20.95)  (18.32)
P4Approach4 3.37405599121 237.4400  245.4800  246.0100  212.8400  209.8500  216.4800  210.2500  212.0300  211.1300  187.9100
 - (21.1)  (21.07)  (21.03)  (18.19)  (21.01)  (20.98)  (20.88)  (18.2)  (20.95)  (18.32)
DE score 1949.0  1888.0  1760.0  1783.0  1796.0  1854.0  1797.0  1651.0  1734.0  1705.0
P4Approach5 4.32998276679 2106.2400  1853.3800  1802.6200  1721.7300  1746.4900  1788.7900  1788.4000  1755.9700  1752.4200  1768.1800
 - (158.52)  (160.18)  (159.86)  (118.47)  (159.73)  (158.27)  (156.4)  (115.81)  (155.12)  (120.17)
P4Approach3 4.29403647055 2163.2000  1883.3500  1807.6500  1736.2200  1763.3900  1819.1300  1810.8300  1748.6200  1740.3100  1756.7600
 - (158.52)  (160.18)  (159.86)  (118.47)  (159.73)  (158.27)  (156.4)  (115.81)  (155.12)  (120.17)
P4Approach1 4.28923951786 2163.2000  1868.0600  1722.6700  1736.2200  1763.3900  1819.1300  1810.8300  1741.2600  1722.6600  1756.7600
 - (158.52)  (160.18)  (159.86)  (118.47)  (159.73)  (158.27)  (156.4)  (115.81)  (155.12)  (120.17)
P4Approach2 4.2676670145 2037.5700  1841.8300  1840.0200  1710.9400  1732.5200  1748.6000  1745.7400  1755.7400  1761.5500  1773.1400
 - (158.52)  (160.18)  (159.86)  (118.47)  (159.73)  (158.27)  (156.4)  (115.81)  (155.12)  (120.17)
P4Approach4 4.1370202688 2060.9800  1820.2800  1840.1600  1703.5400  1726.6800  1768.3000  1786.1900  1778.2600  1785.1400  1786.0400
 - (158.52)  (160.18)  (159.86)  (118.47)  (159.73)  (158.27)  (156.4)  (115.81)  (155.12)  (120.17)
DK score 187.0  183.0  180.0  179.0  178.0  186.0  190.0  190.0  192.0  190.0
P4Approach5 6.06035664949 192.1900  187.9000  179.3900  171.6800  169.6400  180.9200  183.1400  184.5100  182.2900  191.5200
 - (11.33)  (11.29)  (11.3)  (7.39)  (11.12)  (11.11)  (11.2)  (7.35)  (11.19)  (7.25)
P4Approach2 6.01880314775 189.2100  190.6400  181.5700  172.5900  171.7700  185.9500  182.8000  182.7500  180.3300  191.3500
 - (11.33)  (11.29)  (11.3)  (7.39)  (11.12)  (11.11)  (11.2)  (7.35)  (11.19)  (7.25)
P4Approach4 6.01880314775 189.2100  190.6400  181.5700  172.5900  171.7700  185.9500  182.8000  182.7500  180.3300  191.3500
 - (11.33)  (11.29)  (11.3)  (7.39)  (11.12)  (11.11)  (11.2)  (7.35)  (11.19)  (7.25)
P4Approach3 5.79762692557 195.1700  185.1600  177.2000  170.7800  167.5100  175.8900  183.4700  186.2700  184.2600  191.6900
 - (11.33)  (11.29)  (11.3)  (7.39)  (11.12)  (11.11)  (11.2)  (7.35)  (11.19)  (7.25)
P4Approach1 5.79762692557 195.1700  185.1600  177.2000  170.7800  167.5100  175.8900  183.4700  186.2700  184.2600  191.6900
 - (11.33)  (11.29)  (11.3)  (7.39)  (11.12)  (11.11)  (11.2)  (7.35)  (11.19)  (7.25)
EA score 17262.0  17058.0  16562.0  16046.0  15860.0  15744.0  15532.0  15826.0  16062.0  16101.0
P4Approach5 17.8691363596 17380.7400  16938.5900  16476.0800  16187.7900  15800.4600  15392.4900  15338.2300  15744.8000  16066.0700  16095.9400
 - (372.63)  (369.53)  (372.92)  (248.29)  (366.95)  (370.43)  (366.41)  (246.85)  (364.46)  (248.34)
P4Approach20 17.8691363596 17380.7400  16938.5900  16476.0800  16187.7900  15800.4600  15392.4900  15338.2300  15744.8000  16066.0700  16095.9400
 - (372.63)  (369.53)  (372.92)  (248.29)  (366.95)  (370.43)  (366.41)  (246.85)  (364.46)  (248.34)
P4Approach3 17.3591365794 17396.8100  16912.1400  16369.5400  16145.4100  15711.7100  15533.8500  15551.5100  15582.3100  15872.7800  16087.1100
 - (372.63)  (369.53)  (372.92)  (248.29)  (366.95)  (370.43)  (366.41)  (246.85)  (364.46)  (248.34)
P4Approach1 17.3591365794 17396.8100  16912.1400  16369.5400  16145.4100  15711.7100  15533.8500  15551.5100  15582.3100  15872.7800  16087.1100
 - (372.63)  (369.53)  (372.92)  (248.29)  (366.95)  (370.43)  (366.41)  (246.85)  (364.46)  (248.34)
P4Approach18 17.3591365794 17396.8100  16912.1400  16369.5400  16145.4100  15711.7100  15533.8500  15551.5100  15582.3100  15872.7800  16087.1100
 - (372.63)  (369.53)  (372.92)  (248.29)  (366.95)  (370.43)  (366.41)  (246.85)  (364.46)  (248.34)
P4Approach16 17.3591365794 17396.8100  16912.1400  16369.5400  16145.4100  15711.7100  15533.8500  15551.5100  15582.3100  15872.7800  16087.1100
 - (372.63)  (369.53)  (372.92)  (248.29)  (366.95)  (370.43)  (366.41)  (246.85)  (364.46)  (248.34)
P4Approach2 16.02763948 17364.6800  16965.0300  16582.6100  16230.1700  15889.2000  15251.1300  15124.9400  15907.2800  16259.3700  16104.7700
 - (372.63)  (369.53)  (372.92)  (248.29)  (366.95)  (370.43)  (366.41)  (246.85)  (364.46)  (248.34)
P4Approach4 16.02763948 17364.6800  16965.0300  16582.6100  16230.1700  15889.2000  15251.1300  15124.9400  15907.2800  16259.3700  16104.7700
 - (372.63)  (369.53)  (372.92)  (248.29)  (366.95)  (370.43)  (366.41)  (246.85)  (364.46)  (248.34)
P4Approach19 16.02763948 17364.6800  16965.0300  16582.6100  16230.1700  15889.2000  15251.1300  15124.9400  15907.2800  16259.3700  16104.7700
 - (372.63)  (369.53)  (372.92)  (248.29)  (366.95)  (370.43)  (366.41)  (246.85)  (364.46)  (248.34)
P4Approach17 16.02763948 17364.6800  16965.0300  16582.6100  16230.1700  15889.2000  15251.1300  15124.9400  15907.2800  16259.3700  16104.7700
 - (372.63)  (369.53)  (372.92)  (248.29)  (366.95)  (370.43)  (366.41)  (246.85)  (364.46)  (248.34)
EE score 43.0  47.0  45.0  45.0  48.0  48.0  53.0  48.0  49.0
P4Approach3 1.94508601552 44.0000  44.0000  45.0000  47.0000  47.0000  45.0000  45.0000  48.0000  48.0000
 - (9.65)  (9.63)  (9.61)  (6.96)  (9.47)  (9.45)  (9.52)  (6.9)  (9.48)
P4Approach1 1.90127811552 46.0600  42.8100  40.5100  46.0500  45.3500  45.7800  45.8100  50.4200  52.4300
 - (9.65)  (9.63)  (9.61)  (6.96)  (9.47)  (9.45)  (9.52)  (6.9)  (9.48)
P4Approach5 1.89644589376 44.7200  43.8800  44.1000  46.6400  45.9800  43.1500  44.1600  48.9200  50.0200
 - (9.65)  (9.63)  (9.61)  (6.96)  (9.47)  (9.45)  (9.52)  (6.9)  (9.48)
P4Approach4 1.85507429889 45.2300  44.4300  45.9400  47.0900  46.2600  41.0600  43.5100  48.8600  49.5900
 - (9.65)  (9.63)  (9.61)  (6.96)  (9.47)  (9.45)  (9.52)  (6.9)  (9.48)
P4Approach2 1.80234735515 43.6000  44.3000  44.9400  46.4100  45.3100  40.7600  42.3200  48.3900  50.0800
 - (9.65)  (9.63)  (9.61)  (6.96)  (9.47)  (9.45)  (9.52)  (6.9)  (9.48)
EL score 1180.0  1190.0  1126.0  1117.0  1087.0  1084.0  1122.0  1061.0
P4Approach3 9.46590290373 1179.4700  1167.2400  1173.8400  1147.3100  1128.8200  1105.0000  1103.5400  1079.4700
 - (31.89)  (31.82)  (31.86)  (31.79)  (31.66)  (31.81)  (31.78)  (31.84)
P4Approach1 9.46590290373 1179.4700  1167.2400  1173.8400  1147.3100  1128.8200  1105.0000  1103.5400  1079.4700
 - (31.89)  (31.82)  (31.86)  (31.79)  (31.66)  (31.81)  (31.78)  (31.84)
P4Approach5 7.44648194023 1176.7700  1176.9100  1195.3500  1153.0600  1144.6800  1100.5900  1104.6800  1080.0600
 - (31.89)  (31.82)  (31.86)  (31.79)  (31.66)  (31.81)  (31.78)  (31.84)
P4Approach2 5.37768424623 1179.5800  1181.1000  1215.8900  1161.2800  1155.3600  1100.7900  1111.3100  1088.2400
 - (31.89)  (31.82)  (31.86)  (31.79)  (31.66)  (31.81)  (31.78)  (31.84)
P4Approach4 5.01545166221 1168.5700  1192.0700  1217.8500  1156.3400  1165.7500  1091.5800  1100.3200  1073.0600
 - (31.89)  (31.82)  (31.86)  (31.79)  (31.66)  (31.81)  (31.78)  (31.84)
ES score 4776.0  4765.0  4663.0  4501.0  4428.0  4329.0  4334.0  4353.0  4400.0  4419.0
P4Approach5 19.0134771116 4726.7300  4681.4700  4629.9800  4545.1200  4457.9100  4303.0500  4311.3300  4343.7000  4367.3000  4382.3100
 - (99.12)  (98.9)  (98.74)  (52.85)  (99.0)  (98.88)  (98.43)  (53.14)  (98.58)  (58.12)
P4Approach20 19.0134771116 4726.7300  4681.4700  4629.9800  4545.1200  4457.9100  4303.0500  4311.3300  4343.7000  4367.3000  4382.3100
 - (99.12)  (98.9)  (98.74)  (52.85)  (99.0)  (98.88)  (98.43)  (53.14)  (98.58)  (58.12)
P4Approach10 19.0134771116 4726.7300  4681.4700  4629.9800  4545.1200  4457.9100  4303.0500  4311.3300  4343.7000  4367.3000  4382.3100
 - (99.12)  (98.9)  (98.74)  (52.85)  (99.0)  (98.88)  (98.43)  (53.14)  (98.58)  (58.12)
P4Approach2 18.2727112212 4752.0400  4699.1000  4670.8800  4538.5200  4414.2300  4241.3100  4281.0000  4344.9200  4387.3500  4357.0400
 - (99.12)  (98.9)  (98.74)  (52.85)  (99.0)  (98.88)  (98.43)  (53.14)  (98.58)  (58.12)
P4Approach7 18.2727112212 4752.0400  4699.1000  4670.8800  4538.5200  4414.2300  4241.3100  4281.0000  4344.9200  4387.3500  4357.0400
 - (99.12)  (98.9)  (98.74)  (52.85)  (99.0)  (98.88)  (98.43)  (53.14)  (98.58)  (58.12)
P4Approach17 18.2727112212 4752.0400  4699.1000  4670.8800  4538.5200  4414.2300  4241.3100  4281.0000  4344.9200  4387.3500  4357.0400
 - (99.12)  (98.9)  (98.74)  (52.85)  (99.0)  (98.88)  (98.43)  (53.14)  (98.58)  (58.12)
P4Approach8 17.7562133895 4719.7800  4654.0500  4580.7500  4546.3000  4492.0800  4371.5400  4351.4700  4342.9600  4354.8400  4431.4600
 - (99.12)  (98.9)  (98.74)  (52.85)  (99.0)  (98.88)  (98.43)  (53.14)  (98.58)  (58.12)
P4Approach3 17.7562133895 4719.7800  4654.0500  4580.7500  4546.3000  4492.0800  4371.5400  4351.4700  4342.9600  4354.8400  4431.4600
 - (99.12)  (98.9)  (98.74)  (52.85)  (99.0)  (98.88)  (98.43)  (53.14)  (98.58)  (58.12)
P4Approach18 17.7562133895 4719.7800  4654.0500  4580.7500  4546.3000  4492.0800  4371.5400  4351.4700  4342.9600  4354.8400  4431.4600
 - (99.12)  (98.9)  (98.74)  (52.85)  (99.0)  (98.88)  (98.43)  (53.14)  (98.58)  (58.12)
P4Approach9 17.4626819465 4715.3200  4718.6900  4687.5700  4549.3400  4433.2500  4227.8200  4261.4000  4343.9400  4372.1900  4361.2100
 - (99.12)  (98.9)  (98.74)  (52.85)  (99.0)  (98.88)  (98.43)  (53.14)  (98.58)  (58.12)
P4Approach4 17.4626819465 4715.3200  4718.6900  4687.5700  4549.3400  4433.2500  4227.8200  4261.4000  4343.9400  4372.1900  4361.2100
 - (99.12)  (98.9)  (98.74)  (52.85)  (99.0)  (98.88)  (98.43)  (53.14)  (98.58)  (58.12)
P4Approach19 17.4626819465 4715.3200  4718.6900  4687.5700  4549.3400  4433.2500  4227.8200  4261.4000  4343.9400  4372.1900  4361.2100
 - (99.12)  (98.9)  (98.74)  (52.85)  (99.0)  (98.88)  (98.43)  (53.14)  (98.58)  (58.12)
P4Approach1 17.3710843584 4719.7800  4654.0500  4580.7500  4546.3000  4492.0800  4371.5400  4351.4700  4342.9600  4354.8400  4379.5400
 - (99.12)  (98.9)  (98.74)  (52.85)  (99.0)  (98.88)  (98.43)  (53.14)  (98.58)  (58.12)
P4Approach6 17.3710843584 4719.7800  4654.0500  4580.7500  4546.3000  4492.0800  4371.5400  4351.4700  4342.9600  4354.8400  4379.5400
 - (99.12)  (98.9)  (98.74)  (52.85)  (99.0)  (98.88)  (98.43)  (53.14)  (98.58)  (58.12)
P4Approach16 17.3710843584 4719.7800  4654.0500  4580.7500  4546.3000  4492.0800  4371.5400  4351.4700  4342.9600  4354.8400  4379.5400
 - (99.12)  (98.9)  (98.74)  (52.85)  (99.0)  (98.88)  (98.43)  (53.14)  (98.58)  (58.12)
EU score 22475.0  22150.0  21368.0  20819.0  20559.0  20391.0  20085.0  20349.0  20445.0  20484.0
P4Approach20 19.3028285613 22697.7000  22129.2600  21359.3100  20864.4800  20463.8100  20116.4600  19969.3500  20259.0000  20438.1400  20478.9300
 - (478.01)  (478.01)  (477.87)  (303.56)  (474.82)  (473.49)  (471.05)  (302.74)  (471.32)  (301.84)
P4Approach5 19.3028285613 22697.7000  22129.2600  21359.3100  20864.4800  20463.8100  20116.4600  19969.3500  20259.0000  20438.1400  20478.9300
 - (478.01)  (478.01)  (477.87)  (303.56)  (474.82)  (473.49)  (471.05)  (302.74)  (471.32)  (301.84)
P4Approach15 19.3028285613 22697.7000  22129.2600  21359.3100  20864.4800  20463.8100  20116.4600  19969.3500  20259.0000  20438.1400  20478.9300
 - (478.01)  (478.01)  (477.87)  (303.56)  (474.82)  (473.49)  (471.05)  (302.74)  (471.32)  (301.84)
P4Approach10 19.3028285613 22697.7000  22129.2600  21359.3100  20864.4800  20463.8100  20116.4600  19969.3500  20259.0000  20438.1400  20478.9300
 - (478.01)  (478.01)  (477.87)  (303.56)  (474.82)  (473.49)  (471.05)  (302.74)  (471.32)  (301.84)
P4Approach8 18.6652866081 22649.4300  22115.8700  21202.3800  20832.6000  20391.8400  20292.6800  20222.8300  20101.1000  20222.5400  20516.7900
 - (478.01)  (478.01)  (477.87)  (303.56)  (474.82)  (473.49)  (471.05)  (302.74)  (471.32)  (301.84)
P4Approach3 18.6652866081 22649.4300  22115.8700  21202.3800  20832.6000  20391.8400  20292.6800  20222.8300  20101.1000  20222.5400  20516.7900
 - (478.01)  (478.01)  (477.87)  (303.56)  (474.82)  (473.49)  (471.05)  (302.74)  (471.32)  (301.84)
P4Approach1 18.6652866081 22649.4300  22115.8700  21202.3800  20832.6000  20391.8400  20292.6800  20222.8300  20101.1000  20222.5400  20516.7900
 - (478.01)  (478.01)  (477.87)  (303.56)  (474.82)  (473.49)  (471.05)  (302.74)  (471.32)  (301.84)
P4Approach6 18.6652866081 22649.4300  22115.8700  21202.3800  20832.6000  20391.8400  20292.6800  20222.8300  20101.1000  20222.5400  20516.7900
 - (478.01)  (478.01)  (477.87)  (303.56)  (474.82)  (473.49)  (471.05)  (302.74)  (471.32)  (301.84)
P4Approach18 18.6652866081 22649.4300  22115.8700  21202.3800  20832.6000  20391.8400  20292.6800  20222.8300  20101.1000  20222.5400  20516.7900
 - (478.01)  (478.01)  (477.87)  (303.56)  (474.82)  (473.49)  (471.05)  (302.74)  (471.32)  (301.84)
P4Approach16 18.6652866081 22649.4300  22115.8700  21202.3800  20832.6000  20391.8400  20292.6800  20222.8300  20101.1000  20222.5400  20516.7900
 - (478.01)  (478.01)  (477.87)  (303.56)  (474.82)  (473.49)  (471.05)  (302.74)  (471.32)  (301.84)
P4Approach13 18.6652866081 22649.4300  22115.8700  21202.3800  20832.6000  20391.8400  20292.6800  20222.8300  20101.1000  20222.5400  20516.7900
 - (478.01)  (478.01)  (477.87)  (303.56)  (474.82)  (473.49)  (471.05)  (302.74)  (471.32)  (301.84)
P4Approach11 18.6652866081 22649.4300  22115.8700  21202.3800  20832.6000  20391.8400  20292.6800  20222.8300  20101.1000  20222.5400  20516.7900
 - (478.01)  (478.01)  (477.87)  (303.56)  (474.82)  (473.49)  (471.05)  (302.74)  (471.32)  (301.84)
P4Approach9 17.9185447062 22745.9700  22142.6600  21516.2500  20896.3500  20535.7700  19940.2400  19715.8700  20408.1800  20637.0600  20410.0000
 - (478.01)  (478.01)  (477.87)  (303.56)  (474.82)  (473.49)  (471.05)  (302.74)  (471.32)  (301.84)
P4Approach4 17.9185447062 22745.9700  22142.6600  21516.2500  20896.3500  20535.7700  19940.2400  19715.8700  20408.1800  20637.0600  20410.0000
 - (478.01)  (478.01)  (477.87)  (303.56)  (474.82)  (473.49)  (471.05)  (302.74)  (471.32)  (301.84)
P4Approach19 17.9185447062 22745.9700  22142.6600  21516.2500  20896.3500  20535.7700  19940.2400  19715.8700  20408.1800  20637.0600  20410.0000
 - (478.01)  (478.01)  (477.87)  (303.56)  (474.82)  (473.49)  (471.05)  (302.74)  (471.32)  (301.84)
P4Approach14 17.9185447062 22745.9700  22142.6600  21516.2500  20896.3500  20535.7700  19940.2400  19715.8700  20408.1800  20637.0600  20410.0000
 - (478.01)  (478.01)  (477.87)  (303.56)  (474.82)  (473.49)  (471.05)  (302.74)  (471.32)  (301.84)
P4Approach2 17.9016434884 22745.9700  22142.6600  21516.2500  20896.3500  20535.7700  19940.2400  19715.8700  20425.6000  20670.3900  20472.1200
 - (478.01)  (478.01)  (477.87)  (303.56)  (474.82)  (473.49)  (471.05)  (302.74)  (471.32)  (301.84)
P4Approach7 17.9016434884 22745.9700  22142.6600  21516.2500  20896.3500  20535.7700  19940.2400  19715.8700  20425.6000  20670.3900  20472.1200
 - (478.01)  (478.01)  (477.87)  (303.56)  (474.82)  (473.49)  (471.05)  (302.74)  (471.32)  (301.84)
P4Approach17 17.9016434884 22745.9700  22142.6600  21516.2500  20896.3500  20535.7700  19940.2400  19715.8700  20425.6000  20670.3900  20472.1200
 - (478.01)  (478.01)  (477.87)  (303.56)  (474.82)  (473.49)  (471.05)  (302.74)  (471.32)  (301.84)
P4Approach12 17.9016434884 22745.9700  22142.6600  21516.2500  20896.3500  20535.7700  19940.2400  19715.8700  20425.6000  20670.3900  20472.1200
 - (478.01)  (478.01)  (477.87)  (303.56)  (474.82)  (473.49)  (471.05)  (302.74)  (471.32)  (301.84)
FI score 248.0  273.0  264.0  298.0  264.0  214.0  195.0  204.0  217.0  213.0
P4Approach5 5.02950887793 260.9500  260.7100  277.1100  314.0200  260.9200  215.2700  209.4500  204.6300  205.9400  201.8200
 - (13.21)  (13.18)  (13.19)  (13.19)  (13.28)  (14.63)  (13.24)  (13.25)  (13.22)  (13.0)
P4Approach4 4.72904490089 273.7500  263.7800  276.9900  305.2400  264.9100  221.3300  207.7500  203.9000  211.2600  197.5100
 - (13.21)  (13.18)  (13.19)  (13.19)  (13.28)  (14.63)  (13.24)  (13.25)  (13.22)  (13.0)
P4Approach2 4.51823776143 273.3200  264.3500  276.8100  303.6000  271.6900  217.7300  207.0000  206.1800  202.5400  196.9600
 - (13.21)  (13.18)  (13.19)  (13.19)  (13.28)  (14.63)  (13.24)  (13.25)  (13.22)  (13.0)
P4Approach3 4.4098478871 248.3800  257.3700  277.3200  323.6300  253.5400  211.0000  211.5300  204.2300  204.9800  206.4000
 - (13.21)  (13.18)  (13.19)  (13.19)  (13.28)  (14.63)  (13.24)  (13.25)  (13.22)  (13.0)
P4Approach1 4.4098478871 248.3800  257.3700  277.3200  323.6300  253.5400  211.0000  211.5300  204.2300  204.9800  206.4000
 - (13.21)  (13.18)  (13.19)  (13.19)  (13.28)  (14.63)  (13.24)  (13.25)  (13.22)  (13.0)
FR score 3144.0  2979.0  2895.0  2827.0  2724.0  2814.0  3019.0  2917.0  2902.0  2938.0
P4Approach2 6.15453330062 3121.7500  3018.0200  3016.0200  2809.9400  2697.0200  2722.0800  2859.3500  3017.7800  3144.4400  2955.3200
 - (87.7)  (87.43)  (87.68)  (46.59)  (87.02)  (86.98)  (88.09)  (46.87)  (88.33)  (51.45)
P4Approach5 3.80805165486 3109.7700  3035.4400  3005.8500  2816.2100  2691.1100  2680.6200  2817.1100  3042.1900  3200.0600  2959.4400
 - (87.7)  (87.43)  (87.68)  (46.59)  (87.02)  (86.98)  (88.09)  (46.87)  (88.33)  (51.45)
P4Approach4 3.45300325113 3109.8600  3038.6900  2995.6000  2816.5600  2683.8200  2679.7800  2829.1000  3056.6900  3213.2800  2954.6700
 - (87.7)  (87.43)  (87.68)  (46.59)  (87.02)  (86.98)  (88.09)  (46.87)  (88.33)  (51.45)
P4Approach3 3.00149355974 3103.7400  3042.5200  3005.9000  2819.1600  2691.7900  2660.3200  2790.0000  3047.1400  3221.2700  2963.8900
 - (87.7)  (87.43)  (87.68)  (46.59)  (87.02)  (86.98)  (88.09)  (46.87)  (88.33)  (51.45)
P4Approach1 3.00149355974 3103.7400  3042.5200  3005.9000  2819.1600  2691.7900  2660.3200  2790.0000  3047.1400  3221.2700  2963.8900
 - (87.7)  (87.43)  (87.68)  (46.59)  (87.02)  (86.98)  (88.09)  (46.87)  (88.33)  (51.45)
HR score 308.0  299.0  280.0  228.0  218.0  221.0  219.0  221.0  238.0  218.0
P4Approach2 0.751014094314 315.5500  309.1400  289.7400  263.7300  255.0700  225.4200  231.1500  222.9100  236.9100  245.6100
 - (15.37)  (15.41)  (15.31)  (7.07)  (14.93)  (15.16)  (15.45)  (7.1)  (15.32)  (7.16)
P4Approach4 0.751014094314 315.5500  309.1400  289.7400  263.7300  255.0700  225.4200  231.1500  222.9100  236.9100  245.6100
 - (15.37)  (15.41)  (15.31)  (7.07)  (14.93)  (15.16)  (15.45)  (7.1)  (15.32)  (7.16)
P4Approach5 0.570424274185 318.9100  313.7200  295.4700  264.5700  254.5900  216.2800  220.6300  221.5300  230.6100  248.6000
 - (15.37)  (15.41)  (15.31)  (7.07)  (14.93)  (15.16)  (15.45)  (7.1)  (15.32)  (7.16)
P4Approach1 0.375240269675 330.6000  317.4700  294.3900  266.0300  255.5800  213.6300  215.1700  222.8900  232.5000  251.6000
 - (15.37)  (15.41)  (15.31)  (7.07)  (14.93)  (15.16)  (15.45)  (7.1)  (15.32)  (7.16)
P4Approach3 0.3263301557 313.9300  319.1100  308.0000  264.8000  252.6400  200.6400  205.0400  217.4000  216.1200  251.6000
 - (15.37)  (15.41)  (15.31)  (7.07)  (14.93)  (15.16)  (15.45)  (7.1)  (15.32)  (7.16)
HU score 273.0  265.0  251.0  234.0  228.0  227.0  226.0  219.0  208.0
P4Approach1 4.30928172852 301.4500  285.6800  257.0700  241.7100  234.9200  228.6100  218.3200  218.9700  213.5000
 - (18.95)  (18.9)  (18.91)  (14.33)  (19.01)  (18.96)  (18.88)  (14.21)  (18.79)
P4Approach3 4.30197321296 301.4500  285.6800  257.0700  241.7100  234.9200  228.6100  218.3200  216.1300  208.3300
 - (18.95)  (18.9)  (18.91)  (14.33)  (19.01)  (18.96)  (18.88)  (14.21)  (18.79)
P4Approach5 4.24991991822 294.8900  279.9500  257.0900  248.4600  244.6400  230.9100  213.7700  221.3900  217.0100
 - (18.95)  (18.9)  (18.91)  (14.33)  (19.01)  (18.96)  (18.88)  (14.21)  (18.79)
P4Approach4 3.85588101355 288.3200  275.4600  257.0100  253.3200  253.5700  233.0700  209.2200  225.2200  223.1000
 - (18.95)  (18.9)  (18.91)  (14.33)  (19.01)  (18.96)  (18.88)  (14.21)  (18.79)
P4Approach2 3.67245716953 288.3200  273.0000  257.2400  257.1200  255.1500  233.3300  209.2200  225.2200  223.1000
 - (18.95)  (18.9)  (18.91)  (14.33)  (19.01)  (18.96)  (18.88)  (14.21)  (18.79)
IE score 190.0  188.0  184.0  171.0  177.0  179.0  190.0  169.0  160.0  152.0  152.0
P4Approach4 5.0581651503 180.1200  187.9500  187.1600  182.7900  176.1100  178.1900  189.9800  176.4100  158.4600  152.0000  151.7700
 - (5.09)  (5.07)  (5.05)  (5.04)  (5.1)  (5.05)  (5.08)  (5.08)  (5.14)  (760.0)  (4.98)
P4Approach19 5.0581651503 180.1200  187.9500  187.1600  182.7900  176.1100  178.1900  189.9800  176.4100  158.4600  152.0000  151.7700
 - (5.09)  (5.07)  (5.05)  (5.04)  (5.1)  (5.05)  (5.08)  (5.08)  (5.14)  (760.0)  (4.98)
P4Approach2 4.9546265124 180.2100  187.9500  187.1600  183.0600  175.4500  178.2600  189.5800  176.6100  157.9600  152.0000  152.8000
 - (5.09)  (5.07)  (5.05)  (5.04)  (5.1)  (5.05)  (5.08)  (5.08)  (5.14)  (760.0)  (4.98)
P4Approach17 4.9546265124 180.2100  187.9500  187.1600  183.0600  175.4500  178.2600  189.5800  176.6100  157.9600  152.0000  152.8000
 - (5.09)  (5.07)  (5.05)  (5.04)  (5.1)  (5.05)  (5.08)  (5.08)  (5.14)  (760.0)  (4.98)
P4Approach5 4.87329323435 181.3900  187.9300  186.8800  182.3800  174.0300  178.2400  192.0000  179.1300  160.4300  152.0000  151.8100
 - (5.09)  (5.07)  (5.05)  (5.04)  (5.1)  (5.05)  (5.08)  (5.08)  (5.14)  (760.0)  (4.98)
P4Approach20 4.87329323435 181.3900  187.9300  186.8800  182.3800  174.0300  178.2400  192.0000  179.1300  160.4300  152.0000  151.8100
 - (5.09)  (5.07)  (5.05)  (5.04)  (5.1)  (5.05)  (5.08)  (5.08)  (5.14)  (760.0)  (4.98)
P4Approach3 4.39113701205 182.6100  187.9200  186.5900  181.8400  172.2800  178.2500  194.2200  181.7600  162.5300  152.0000  151.3400
 - (5.09)  (5.07)  (5.05)  (5.04)  (5.1)  (5.05)  (5.08)  (5.08)  (5.14)  (760.0)  (4.98)
P4Approach18 4.39113701205 182.6100  187.9200  186.5900  181.8400  172.2800  178.2500  194.2200  181.7600  162.5300  152.0000  151.3400
 - (5.09)  (5.07)  (5.05)  (5.04)  (5.1)  (5.05)  (5.08)  (5.08)  (5.14)  (760.0)  (4.98)
P4Approach1 4.38173154453 182.6100  187.9200  186.5900  181.8400  172.2800  178.2500  194.2200  181.7600  162.7800  152.0000  151.3400
 - (5.09)  (5.07)  (5.05)  (5.04)  (5.1)  (5.05)  (5.08)  (5.08)  (5.14)  (760.0)  (4.98)
P4Approach16 4.38173154453 182.6100  187.9200  186.5900  181.8400  172.2800  178.2500  194.2200  181.7600  162.7800  152.0000  151.3400
 - (5.09)  (5.07)  (5.05)  (5.04)  (5.1)  (5.05)  (5.08)  (5.08)  (5.14)  (760.0)  (4.98)
P1ApproachRNA 1.56098181038 183.0000  190.0000  189.0000  187.0000  173.0000  174.0000  192.0000  192.0000  182.0000  172.0000  168.0000
 - (40.4623)  (41.1343)  (41.9746)  (42.7665)  (44.2817)  (45.2783)  (45.5669)  (46.0978)  (46.6166)  (47.4498)  (48.2482)
IT score 3102.0  3050.0  3057.0  2973.0  2970.0  2756.0  2570.0  3029.0  3099.0  3294.0
P4Approach2 7.00881840993 3056.8100  3054.2700  2947.6700  3003.3800  2881.1700  2679.9500  2536.5500  2913.2700  3116.3100  3141.2300
 - (143.86)  (143.84)  (143.6)  (123.73)  (143.11)  (142.81)  (143.28)  (123.76)  (143.65)  (123.29)
P4Approach4 6.91861732827 2982.1900  3094.3900  2939.0700  3016.0400  2881.3800  2670.6400  2558.9300  2921.2500  3119.5700  3167.6000
 - (143.86)  (143.84)  (143.6)  (123.73)  (143.11)  (142.81)  (143.28)  (123.76)  (143.65)  (123.29)
P4Approach5 6.87620779954 3099.9600  3124.0300  2934.3800  2999.1200  2839.4500  2614.3800  2493.1800  2940.9800  3174.9700  3216.6400
 - (143.86)  (143.84)  (143.6)  (123.73)  (143.11)  (142.81)  (143.28)  (123.76)  (143.65)  (123.29)
P4Approach1 5.90200112546 3147.4300  3155.7800  2917.7700  2979.6500  2789.7100  2550.7900  2428.5800  2956.2100  3225.4900  3278.8700
 - (143.86)  (143.84)  (143.6)  (123.73)  (143.11)  (142.81)  (143.28)  (123.76)  (143.65)  (123.29)
P4Approach3 5.89367065488 3213.4100  3191.7000  2933.0100  2997.3900  2805.5200  2556.1700  2448.6700  2973.2000  3238.5100  3278.8700
 - (143.86)  (143.84)  (143.6)  (123.73)  (143.11)  (142.81)  (143.28)  (123.76)  (143.65)  (123.29)
LT score 141.0  134.0  121.0  117.0  113.0  128.0  123.0  118.0  110.0  115.0
P4Approach3 2.95529389778 152.5600  154.6300  135.1100  122.3400  123.9500  111.4000  107.3700  118.9900  115.7700  111.4400
 - (13.25)  (13.26)  (13.27)  (6.26)  (13.54)  (13.5)  (13.33)  (6.25)  (13.26)  (6.37)
P4Approach1 2.95529389778 152.5600  154.6300  135.1100  122.3400  123.9500  111.4000  107.3700  118.9900  115.7700  111.4400
 - (13.25)  (13.26)  (13.27)  (6.26)  (13.54)  (13.5)  (13.33)  (6.25)  (13.26)  (6.37)
P4Approach5 2.84114456299 145.3600  153.9300  133.7500  122.5400  124.7900  109.2200  102.5100  118.9700  117.7700  112.1300
 - (13.25)  (13.26)  (13.27)  (6.26)  (13.54)  (13.5)  (13.33)  (6.25)  (13.26)  (6.37)
P4Approach4 2.82701132729 140.1900  151.8600  134.0900  121.3700  123.3700  108.5000  99.4600  118.0400  118.0700  112.5600
 - (13.25)  (13.26)  (13.27)  (6.26)  (13.54)  (13.5)  (13.33)  (6.25)  (13.26)  (6.37)
P4Approach2 2.33570068995 136.1400  154.6000  130.7000  124.1100  127.8900  105.5700  95.8500  119.8400  121.4600  113.0800
 - (13.25)  (13.26)  (13.27)  (6.26)  (13.54)  (13.5)  (13.33)  (6.25)  (13.26)  (6.37)
LV score 107.0  105.0  98.0  95.0  94.0  92.0  90.0  89.0  92.0  93.0
P4Approach5 4.87775422904 108.5500  110.1900  107.0600  96.2500  97.9400  88.9800  93.9100  87.7300  85.8000  92.0900
 - (8.69)  (8.69)  (8.67)  (4.06)  (8.66)  (8.64)  (8.57)  (4.0)  (8.5)  (3.99)
P4Approach4 4.81563939758 108.6600  109.6200  105.0100  96.7000  99.2800  89.6400  95.6400  87.0000  84.4700  92.8700
 - (8.69)  (8.69)  (8.67)  (4.06)  (8.66)  (8.64)  (8.57)  (4.0)  (8.5)  (3.99)
P4Approach3 4.79125811155 107.7600  110.7600  109.8800  95.6000  96.1200  89.2200  92.5600  88.4000  87.1200  91.2000
 - (8.69)  (8.69)  (8.67)  (4.06)  (8.66)  (8.64)  (8.57)  (4.0)  (8.5)  (3.99)
P4Approach1 4.79125811155 107.7600  110.7600  109.8800  95.6000  96.1200  89.2200  92.5600  88.4000  87.1200  91.2000
 - (8.69)  (8.69)  (8.67)  (4.06)  (8.66)  (8.64)  (8.57)  (4.0)  (8.5)  (3.99)
P4Approach2 4.79001925905 110.0300  109.6200  103.4500  97.1000  100.2400  87.8400  94.9000  87.1200  84.5000  93.0800
 - (8.69)  (8.69)  (8.67)  (4.06)  (8.66)  (8.64)  (8.57)  (4.0)  (8.5)  (3.99)
NL score 612.0  599.0  587.0  557.0  528.0  517.0  484.0  514.0  510.0  495.0
P4Approach8 17.051323914 606.0500  602.6100  580.3900  561.0400  538.4500  516.5800  499.9200  511.0500  512.5400  501.3100
 - (8.88)  (8.87)  (12.53)  (8.86)  (8.83)  (8.85)  (8.83)  (8.88)  (8.86)  (8.98)
P4Approach3 17.051323914 606.0500  602.6100  580.3900  561.0400  538.4500  516.5800  499.9200  511.0500  512.5400  501.3100
 - (8.88)  (8.87)  (12.53)  (8.86)  (8.83)  (8.85)  (8.83)  (8.88)  (8.86)  (8.98)
P4Approach1 17.051323914 606.0500  602.6100  580.3900  561.0400  538.4500  516.5800  499.9200  511.0500  512.5400  501.3100
 - (8.88)  (8.87)  (12.53)  (8.86)  (8.83)  (8.85)  (8.83)  (8.88)  (8.86)  (8.98)
P4Approach6 17.051323914 606.0500  602.6100  580.3900  561.0400  538.4500  516.5800  499.9200  511.0500  512.5400  501.3100
 - (8.88)  (8.87)  (12.53)  (8.86)  (8.83)  (8.85)  (8.83)  (8.88)  (8.86)  (8.98)
P4Approach18 17.051323914 606.0500  602.6100  580.3900  561.0400  538.4500  516.5800  499.9200  511.0500  512.5400  501.3100
 - (8.88)  (8.87)  (12.53)  (8.86)  (8.83)  (8.85)  (8.83)  (8.88)  (8.86)  (8.98)
P4Approach16 17.051323914 606.0500  602.6100  580.3900  561.0400  538.4500  516.5800  499.9200  511.0500  512.5400  501.3100
 - (8.88)  (8.87)  (12.53)  (8.86)  (8.83)  (8.85)  (8.83)  (8.88)  (8.86)  (8.98)
P4Approach5 11.5635334874 597.1000  603.5100  594.6200  563.9000  540.0100  519.6400  507.4300  513.9500  518.4600  500.5100
 - (8.88)  (8.87)  (12.53)  (8.86)  (8.83)  (8.85)  (8.83)  (8.88)  (8.86)  (8.98)
P4Approach20 11.5635334874 597.1000  603.5100  594.6200  563.9000  540.0100  519.6400  507.4300  513.9500  518.4600  500.5100
 - (8.88)  (8.87)  (12.53)  (8.86)  (8.83)  (8.85)  (8.83)  (8.88)  (8.86)  (8.98)
P4Approach10 11.5635334874 597.1000  603.5100  594.6200  563.9000  540.0100  519.6400  507.4300  513.9500  518.4600  500.5100
 - (8.88)  (8.87)  (12.53)  (8.86)  (8.83)  (8.85)  (8.83)  (8.88)  (8.86)  (8.98)
P4Approach9 5.33397876778 588.1400  604.4100  608.8500  566.7600  541.5600  522.7000  514.9300  516.8500  524.3800  499.7100
 - (8.88)  (8.87)  (12.53)  (8.86)  (8.83)  (8.85)  (8.83)  (8.88)  (8.86)  (8.98)
P4Approach2 5.33397876778 588.1400  604.4100  608.8500  566.7600  541.5600  522.7000  514.9300  516.8500  524.3800  499.7100
 - (8.88)  (8.87)  (12.53)  (8.86)  (8.83)  (8.85)  (8.83)  (8.88)  (8.86)  (8.98)
P4Approach7 5.33397876778 588.1400  604.4100  608.8500  566.7600  541.5600  522.7000  514.9300  516.8500  524.3800  499.7100
 - (8.88)  (8.87)  (12.53)  (8.86)  (8.83)  (8.85)  (8.83)  (8.88)  (8.86)  (8.98)
P4Approach4 5.33397876778 588.1400  604.4100  608.8500  566.7600  541.5600  522.7000  514.9300  516.8500  524.3800  499.7100
 - (8.88)  (8.87)  (12.53)  (8.86)  (8.83)  (8.85)  (8.83)  (8.88)  (8.86)  (8.98)
P4Approach19 5.33397876778 588.1400  604.4100  608.8500  566.7600  541.5600  522.7000  514.9300  516.8500  524.3800  499.7100
 - (8.88)  (8.87)  (12.53)  (8.86)  (8.83)  (8.85)  (8.83)  (8.88)  (8.86)  (8.98)
P4Approach17 5.33397876778 588.1400  604.4100  608.8500  566.7600  541.5600  522.7000  514.9300  516.8500  524.3800  499.7100
 - (8.88)  (8.87)  (12.53)  (8.86)  (8.83)  (8.85)  (8.83)  (8.88)  (8.86)  (8.98)
PL score 1302.0  1260.0  1098.0  1059.0  1021.0  1011.0  974.0  960.0  941.0  1013.0
P4Approach4 5.07338731278 1307.4300  1251.9400  1178.2900  1049.8000  1009.1600  1026.3200  1019.5500  964.9000  944.9100  939.7200
 - (81.38)  (81.3)  (81.09)  (42.47)  (83.39)  (83.4)  (81.49)  (42.24)  (81.09)  (43.0)
P4Approach2 5.04046013523 1312.6600  1250.5000  1183.3700  1049.8000  1009.1600  1026.3200  1019.5500  964.9000  944.9100  939.7200
 - (81.38)  (81.3)  (81.09)  (42.47)  (83.39)  (83.4)  (81.49)  (42.24)  (81.09)  (43.0)
P4Approach5 4.93048620107 1335.4000  1277.9900  1185.1700  1029.3600  984.8700  1014.2400  1002.7400  962.0900  935.7400  942.9900
 - (81.38)  (81.3)  (81.09)  (42.47)  (83.39)  (83.4)  (81.49)  (42.24)  (81.09)  (43.0)
P4Approach3 4.52063787192 1360.7500  1304.7700  1189.5100  1008.9200  960.5900  1002.1700  985.9400  959.2700  926.5700  946.2600
 - (81.38)  (81.3)  (81.09)  (42.47)  (83.39)  (83.4)  (81.49)  (42.24)  (81.09)  (43.0)
P4Approach1 4.52063787192 1360.7500  1304.7700  1189.5100  1008.9200  960.5900  1002.1700  985.9400  959.2700  926.5700  946.2600
 - (81.38)  (81.3)  (81.09)  (42.47)  (83.39)  (83.4)  (81.49)  (42.24)  (81.09)  (43.0)
PT score 640.0  626.0  611.0  575.0  548.0  547.0  551.0  553.0  557.0  539.0
P4Approach1 7.45873293994 612.6200  627.0700  623.3600  595.2800  587.7600  562.2200  549.2900  555.1200  554.9800  553.0600
 - (17.66)  (17.55)  (17.52)  (10.23)  (17.65)  (17.77)  (17.7)  (10.26)  (17.64)  (10.22)
P4Approach6 7.45873293994 612.6200  627.0700  623.3600  595.2800  587.7600  562.2200  549.2900  555.1200  554.9800  553.0600
 - (17.66)  (17.55)  (17.52)  (10.23)  (17.65)  (17.77)  (17.7)  (10.26)  (17.64)  (10.22)
P4Approach16 7.45873293994 612.6200  627.0700  623.3600  595.2800  587.7600  562.2200  549.2900  555.1200  554.9800  553.0600
 - (17.66)  (17.55)  (17.52)  (10.23)  (17.65)  (17.77)  (17.7)  (10.26)  (17.64)  (10.22)
P4Approach5 6.4548986374 606.1500  623.6800  632.9800  593.7700  589.7600  564.2500  545.1200  556.9800  560.3200  553.6100
 - (17.66)  (17.55)  (17.52)  (10.23)  (17.65)  (17.77)  (17.7)  (10.26)  (17.64)  (10.22)
P4Approach20 6.4548986374 606.1500  623.6800  632.9800  593.7700  589.7600  564.2500  545.1200  556.9800  560.3200  553.6100
 - (17.66)  (17.55)  (17.52)  (10.23)  (17.65)  (17.77)  (17.7)  (10.26)  (17.64)  (10.22)
P4Approach10 6.4548986374 606.1500  623.6800  632.9800  593.7700  589.7600  564.2500  545.1200  556.9800  560.3200  553.6100
 - (17.66)  (17.55)  (17.52)  (10.23)  (17.65)  (17.77)  (17.7)  (10.26)  (17.64)  (10.22)
P4Approach8 6.1609438037 612.6200  627.0700  647.7400  595.2800  587.7600  562.2200  549.2900  555.1200  554.9800  553.0600
 - (17.66)  (17.55)  (17.52)  (10.23)  (17.65)  (17.77)  (17.7)  (10.26)  (17.64)  (10.22)
P4Approach3 6.1609438037 612.6200  627.0700  647.7400  595.2800  587.7600  562.2200  549.2900  555.1200  554.9800  553.0600
 - (17.66)  (17.55)  (17.52)  (10.23)  (17.65)  (17.77)  (17.7)  (10.26)  (17.64)  (10.22)
P4Approach18 6.1609438037 612.6200  627.0700  647.7400  595.2800  587.7600  562.2200  549.2900  555.1200  554.9800  553.0600
 - (17.66)  (17.55)  (17.52)  (10.23)  (17.65)  (17.77)  (17.7)  (10.26)  (17.64)  (10.22)
P4Approach2 5.7883933171 599.6800  620.3000  630.4100  592.2700  591.5100  566.2900  541.7800  559.3400  564.1400  554.1700
 - (17.66)  (17.55)  (17.52)  (10.23)  (17.65)  (17.77)  (17.7)  (10.26)  (17.64)  (10.22)
P4Approach7 5.7883933171 599.6800  620.3000  630.4100  592.2700  591.5100  566.2900  541.7800  559.3400  564.1400  554.1700
 - (17.66)  (17.55)  (17.52)  (10.23)  (17.65)  (17.77)  (17.7)  (10.26)  (17.64)  (10.22)
P4Approach17 5.7883933171 599.6800  620.3000  630.4100  592.2700  591.5100  566.2900  541.7800  559.3400  564.1400  554.1700
 - (17.66)  (17.55)  (17.52)  (10.23)  (17.65)  (17.77)  (17.7)  (10.26)  (17.64)  (10.22)
P4Approach9 5.70226662585 599.6800  620.3000  630.4100  592.2700  592.0100  566.2900  540.1300  558.3200  567.1800  554.1700
 - (17.66)  (17.55)  (17.52)  (10.23)  (17.65)  (17.77)  (17.7)  (10.26)  (17.64)  (10.22)
P4Approach4 5.70226662585 599.6800  620.3000  630.4100  592.2700  592.0100  566.2900  540.1300  558.3200  567.1800  554.1700
 - (17.66)  (17.55)  (17.52)  (10.23)  (17.65)  (17.77)  (17.7)  (10.26)  (17.64)  (10.22)
P4Approach19 5.70226662585 599.6800  620.3000  630.4100  592.2700  592.0100  566.2900  540.1300  558.3200  567.1800  554.1700
 - (17.66)  (17.55)  (17.52)  (10.23)  (17.65)  (17.77)  (17.7)  (10.26)  (17.64)  (10.22)
RO score 607.0  606.0  580.0  579.0  572.0  536.0  528.0  520.0  530.0  540.0
P4Approach2 5.51084669623 614.3500  613.5200  605.2300  556.1000  574.6900  574.5600  570.8500  528.8700  529.6200  540.2300
 - (36.06)  (36.09)  (36.05)  (30.23)  (36.5)  (36.79)  (36.47)  (29.93)  (35.85)  (29.86)
P4Approach5 5.3889449844 625.7200  608.5800  583.8900  555.2700  560.3200  580.9600  572.9500  524.2000  534.2400  535.4100
 - (36.06)  (36.09)  (36.05)  (30.23)  (36.5)  (36.79)  (36.47)  (29.93)  (35.85)  (29.86)
P4Approach4 5.33758922335 612.9700  613.6000  605.6200  555.3700  575.7300  580.0000  574.2900  532.2100  534.4300  542.2100
 - (36.06)  (36.09)  (36.05)  (30.23)  (36.5)  (36.79)  (36.47)  (29.93)  (35.85)  (29.86)
P4Approach3 4.96189270665 637.7800  603.5900  562.3600  554.8100  545.4400  584.6300  573.3300  517.8700  536.4400  529.6000
 - (36.06)  (36.09)  (36.05)  (30.23)  (36.5)  (36.79)  (36.47)  (29.93)  (35.85)  (29.86)
P4Approach1 4.96189270665 637.7800  603.5900  562.3600  554.8100  545.4400  584.6300  573.3300  517.8700  536.4400  529.6000
 - (36.06)  (36.09)  (36.05)  (30.23)  (36.5)  (36.79)  (36.47)  (29.93)  (35.85)  (29.86)
SE score 396.0  406.0  381.0  400.0  414.0  341.0  350.0  317.0  338.0  328.0
P4Approach4 4.93465512486 384.3000  385.4300  407.6700  385.9700  429.9000  332.8200  330.7700  346.1100  336.0300  322.8200
 - (19.41)  (19.36)  (19.35)  (19.41)  (19.91)  (22.91)  (19.49)  (19.48)  (19.52)  (19.26)
P4Approach2 4.88697096499 384.5100  386.9900  408.9800  386.2500  429.9900  333.6000  328.9800  346.4300  336.0700  323.0600
 - (19.41)  (19.36)  (19.35)  (19.41)  (19.91)  (22.91)  (19.49)  (19.48)  (19.52)  (19.26)
P4Approach5 4.74599872649 387.4100  387.8200  409.3400  381.7800  439.6100  342.4500  332.2500  345.3600  333.2300  322.5500
 - (19.41)  (19.36)  (19.35)  (19.41)  (19.91)  (22.91)  (19.49)  (19.48)  (19.52)  (19.26)
P4Approach3 4.35222102079 390.4100  389.4300  410.3600  377.4500  449.2800  351.7000  334.6300  344.4500  330.4200  322.1600
 - (19.41)  (19.36)  (19.35)  (19.41)  (19.91)  (22.91)  (19.49)  (19.48)  (19.52)  (19.26)
P4Approach1 4.35222102079 390.4100  389.4300  410.3600  377.4500  449.2800  351.7000  334.6300  344.4500  330.4200  322.1600
 - (19.41)  (19.36)  (19.35)  (19.41)  (19.91)  (22.91)  (19.49)  (19.48)  (19.52)  (19.26)
SI score 87.0  83.0  77.0  77.0  75.0  75.0  74.0  72.0  74.0  74.0
P4Approach3 4.40317117915 94.2300  93.9600  82.0700  74.6800  73.4000  76.7600  75.9700  73.2600  75.5100  73.0900
 - (3.83)  (3.84)  (3.84)  (2.16)  (3.84)  (3.82)  (3.82)  (2.14)  (3.8)  (2.18)
P4Approach1 4.40317117915 94.2300  93.9600  82.0700  74.6800  73.4000  76.7600  75.9700  73.2600  75.5100  73.0900
 - (3.83)  (3.84)  (3.84)  (2.16)  (3.84)  (3.82)  (3.82)  (2.14)  (3.8)  (2.18)
P4Approach4 4.16042720084 95.3100  93.5600  80.4900  73.4600  71.6900  75.3600  74.3800  71.6000  72.9100  73.2600
 - (3.83)  (3.84)  (3.84)  (2.16)  (3.84)  (3.82)  (3.82)  (2.14)  (3.8)  (2.18)
P4Approach5 3.95491797604 95.5200  94.0900  81.4000  73.7500  71.7900  76.0600  75.1900  72.5200  74.5600  73.2200
 - (3.83)  (3.84)  (3.84)  (2.16)  (3.84)  (3.82)  (3.82)  (2.14)  (3.8)  (2.18)
P4Approach2 2.4807607442 98.3200  94.8900  80.9500  72.1900  68.6700  75.3500  74.4600  71.9600  74.3000  73.4400
 - (3.83)  (3.84)  (3.84)  (2.16)  (3.84)  (3.82)  (3.82)  (2.14)  (3.8)  (2.18)
SK score 290.0  282.0  274.0  264.0  263.0  263.0  258.0  259.0  254.0  249.0
P4Approach5 7.24084608218 296.9500  277.1000  269.7500  266.6700  267.1700  264.9300  259.1200  258.1300  253.7500  251.9900
 - (17.02)  (17.09)  (17.06)  (9.55)  (16.92)  (16.95)  (16.97)  (9.51)  (16.9)  (9.33)
P4Approach4 7.15188368592 290.4400  273.7700  270.1100  268.3100  270.2100  267.3900  263.0800  259.1000  256.2900  248.7900
 - (17.02)  (17.09)  (17.06)  (9.55)  (16.92)  (16.95)  (16.97)  (9.51)  (16.9)  (9.33)
P4Approach2 7.13967976059 290.4300  273.8100  270.2900  268.3800  270.7000  267.6500  262.3400  260.1800  257.8600  248.9300
 - (17.02)  (17.09)  (17.06)  (9.55)  (16.92)  (16.95)  (16.97)  (9.51)  (16.9)  (9.33)
P4Approach3 6.97715473033 303.4700  280.4100  269.2900  264.9900  263.8800  262.3300  255.5200  256.6100  250.4300  255.1200
 - (17.02)  (17.09)  (17.06)  (9.55)  (16.92)  (16.95)  (16.97)  (9.51)  (16.9)  (9.33)
P4Approach1 6.97715473033 303.4700  280.4100  269.2900  264.9900  263.8800  262.3300  255.5200  256.6100  250.4300  255.1200
 - (17.02)  (17.09)  (17.06)  (9.55)  (16.92)  (16.95)  (16.97)  (9.51)  (16.9)  (9.33)
UK score 1646.0  1611.0  1553.0  1584.0  1625.0  1699.0  1661.0  1633.0
P4Approach3 6.99514592862 1645.1600  1584.0800  1535.8500  1531.5600  1592.1200  1624.0100  1675.9400  1662.3000
 - (80.05)  (80.2)  (97.35)  (79.78)  (80.18)  (79.66)  (79.46)  (79.32)
P4Approach1 6.99514592862 1645.1600  1584.0800  1535.8500  1531.5600  1592.1200  1624.0100  1675.9400  1662.3000
 - (80.05)  (80.2)  (97.35)  (79.78)  (80.18)  (79.66)  (79.46)  (79.32)
P4Approach5 6.72055496008 1626.3600  1559.4700  1514.8500  1545.1600  1601.9100  1606.9800  1651.5300  1645.5500
 - (80.05)  (80.2)  (97.35)  (79.78)  (80.18)  (79.66)  (79.46)  (79.32)
P4Approach2 6.21288903855 1607.3500  1533.7300  1492.1100  1561.3000  1621.3000  1595.3900  1630.1500  1632.4600
 - (80.05)  (80.2)  (97.35)  (79.78)  (80.18)  (79.66)  (79.46)  (79.32)
P4Approach4 6.01444748899 1607.7800  1535.9900  1495.6000  1556.2300  1602.1000  1584.4900  1624.0800  1625.1300
 - (80.05)  (80.2)  (97.35)  (79.78)  (80.18)  (79.66)  (79.46)  (79.32)
