P4
BE
P4Approach1 119.5 122.3 122.2 122.9 122.8 123.1 121.5 123.5 123 123.4 123.4 123.7 
P4Approach2 119.4 122.2 122.2 123 123 123.2 121.5 123.6 123.1 123.3 123.3 123.5 
P4Approach3 119.5 122.3 122.2 122.9 122.8 123.1 121.5 123.5 123 123.4 123.4 123.7 
P4Approach4 119.4 122.2 122.2 123 123 123.2 121.4 123.6 123.1 123.3 123.3 123.5 
P4Approach5 119.4 122.2 122.2 123 122.9 123.2 121.5 123.5 123.1 123.3 123.3 123.6 
P4Approach6 119.5 122.3 122.2 122.9 122.8 123.1 121.5 123.5 123 123.4 123.4 123.7 
P4Approach7 119.4 122.2 122.2 123 123 123.2 121.5 123.6 123.1 123.3 123.3 123.5 
P4Approach8 119.5 122.3 122.2 122.9 122.8 123.1 121.5 123.5 123 123.4 123.4 123.7 
P4Approach9 119.4 122.2 122.2 123 123 123.2 121.4 123.6 123.1 123.3 123.3 123.5 
P4Approach10 119.4 122.2 122.2 123 122.9 123.2 121.5 123.5 123.1 123.3 123.3 123.6 
FR
P4Approach1 113.8 114.5 114.7 114.7 115 115.1 114.6 115.3 114.9 115.2 115 115.4 
P4Approach2 113.7 114.3 114.8 114.9 115.1 115.3 114.6 115.4 115 115.1 114.8 115.3 
P4Approach3 113.8 114.5 114.7 114.7 115 115.2 114.6 115.3 114.9 115.2 115 115.4 
P4Approach4 113.7 114.3 114.8 114.9 115.1 115.3 114.7 115.5 115.1 115.1 114.8 115.3 
P4Approach5 113.7 114.4 114.8 114.8 115 115.2 114.6 115.3 115 115.2 114.9 115.3 
P4Approach6 113.8 114.5 114.7 114.7 115 115.1 114.6 115.3 114.9 115.2 115 115.4 
P4Approach7 113.7 114.3 114.8 114.9 115.1 115.3 114.6 115.4 115 115.1 114.8 115.3 
P4Approach8 113.8 114.5 114.7 114.7 115 115.2 114.6 115.3 114.9 115.2 115 115.4 
P4Approach9 113.7 114.3 114.8 114.9 115.1 115.3 114.7 115.5 115.1 115.1 114.8 115.3 
P4Approach10 113.7 114.4 114.8 114.8 115 115.2 114.6 115.3 115 115.2 114.9 115.3 
BG
P4Approach1 142.5 142.5 142.3 141.3 141.4 141.4 141.2 142.2 142.2 141.7 141.6 141.3 
P4Approach2 142.9 143 142.1 141.6 141.1 140.9 141.4 143.1 143.1 141.1 142.2 140.8 
P4Approach3 142.5 142.5 142.3 141.3 141.4 141.4 141.2 142.2 142.2 141.7 141.6 141.3 
P4Approach4 142.9 143 142.4 141.7 141.1 140.9 141.4 143.1 143.1 141.1 142.2 141.3 
P4Approach5 142.7 142.8 142.3 141.5 141.2 141.1 141.3 142.7 142.7 141.4 141.9 141.2 
DK
P4Approach1 116.8 117.8 117.8 117.4 117.5 117.6 117.5 117.8 118.3 117.4 117.3 117.3 
P4Approach2 116.9 117.6 117.9 117.4 117.6 117.7 117.7 117.8 118.2 117.3 117.3 117.5 
P4Approach3 116.8 117.8 117.8 117.4 117.5 117.6 117.5 117.8 118.3 117.4 117.3 117.3 
P4Approach4 116.9 117.6 117.9 117.5 117.5 117.7 117.7 117.7 118.1 117.4 117.3 117.5 
P4Approach5 116.9 117.7 117.8 117.4 117.5 117.7 117.6 117.8 118.2 117.4 117.3 117.4 
P4Approach6 116.8 117.8 117.8 117.4 117.5 117.6 117.5 117.8 118.3 117.4 117.3 117.3 
P4Approach7 116.9 117.6 117.9 117.4 117.6 117.7 117.7 117.8 118.2 117.3 117.3 117.5 
P4Approach8 116.8 117.8 117.8 117.4 117.5 117.6 117.5 117.8 118.3 117.4 117.3 117.3 
P4Approach9 116.9 117.6 117.9 117.5 117.5 117.7 117.7 117.7 118.1 117.4 117.3 117.5 
P4Approach10 116.9 117.7 117.8 117.4 117.5 117.7 117.6 117.8 118.2 117.4 117.3 117.4 
P4Approach16 116.8 117.8 117.8 117.4 117.5 117.6 117.5 117.8 118.3 117.4 117.3 117.3 
P4Approach17 116.9 117.6 117.9 117.4 117.6 117.7 117.7 117.8 118.2 117.3 117.3 117.5 
P4Approach18 116.8 117.8 117.8 117.4 117.5 117.6 117.5 117.8 118.3 117.4 117.3 117.3 
P4Approach19 116.9 117.6 117.9 117.5 117.5 117.7 117.7 117.7 118.1 117.4 117.3 117.5 
P4Approach20 116.9 117.7 117.8 117.4 117.5 117.7 117.6 117.8 118.2 117.4 117.3 117.4 
HR
P4Approach1 122.6 122.8 122.2 122.8 123.8 123.8 100 124 123.7 124 123.9 123.6 
P4Approach2 122.5 122.5 123.3 123.6 123.9 124 100.3 124.3 124 123.9 123.7 123.5 
P4Approach3 122.6 122.8 122.2 122.8 123.8 123.8 100 124 123.7 124 123.9 123.6 
P4Approach4 122.5 122.5 123.3 123.6 123.8 124.1 100.3 124.4 124.1 123.8 123.7 123.5 
P4Approach5 122.5 122.6 122.8 123.2 123.9 123.9 100.1 124.1 123.8 123.9 123.8 123.6 
DE
P4Approach1 114.7 115.5 115.5 115.6 115.4 115.7 116 116.2 116.1 116 116.2 117 
P4Approach2 114.7 115.5 115.5 115.7 115.5 115.4 115.9 116.2 116.2 116.1 116.3 116.6 
P4Approach3 114.7 115.5 115.5 115.6 115.4 115.7 116 116.2 116.1 116 116.2 117 
P4Approach4 114.6 115.4 115.5 115.7 115.4 115.4 115.8 116.2 116.2 116.1 116.3 116.6 
P4Approach5 114.7 115.5 115.5 115.6 115.4 115.5 115.9 116.2 116.1 116.1 116.3 116.8 
P4Approach6 114.7 115.5 115.5 115.6 115.4 115.7 116 116.2 116.1 116 116.2 117 
P4Approach7 114.7 115.5 115.5 115.7 115.5 115.4 115.9 116.2 116.2 116.1 116.3 116.6 
P4Approach8 114.7 115.5 115.5 115.6 115.4 115.7 116 116.2 116.1 116 116.2 117 
P4Approach9 114.6 115.4 115.5 115.7 115.4 115.4 115.8 116.2 116.2 116.1 116.3 116.6 
P4Approach10 114.7 115.5 115.5 115.6 115.4 115.5 115.9 116.2 116.1 116.1 116.3 116.8 
P4Approach16 114.7 115.5 115.5 115.6 115.4 115.7 116 116.2 116.1 116 116.2 117 
P4Approach17 114.7 115.5 115.5 115.7 115.5 115.4 115.9 116.2 116.2 116.1 116.3 116.6 
P4Approach18 114.7 115.5 115.5 115.6 115.4 115.7 116 116.2 116.1 116 116.2 117 
P4Approach19 114.6 115.4 115.5 115.7 115.4 115.4 115.8 116.2 116.2 116.1 116.3 116.6 
P4Approach20 114.7 115.5 115.5 115.6 115.4 115.5 115.9 116.2 116.1 116.1 116.3 116.8 
HU
P4Approach1 146.3 146.7 146.1 146.4 147.4 146.9 146.5 146.4 146.5 147 147.4 147.3 
P4Approach2 145.7 146.2 146.2 146.4 147.3 147.1 146.8 146.8 146.8 147 147.3 147.2 
P4Approach3 146.3 146.7 146.1 146.3 147.4 146.9 146.6 146.4 146.5 147 147.4 147.3 
P4Approach4 145.8 146.2 146.2 146.4 147.4 147.1 146.8 146.9 146.9 147 147.3 147.2 
P4Approach5 146 146.4 146.2 146.4 147.4 147 146.7 146.6 146.7 147 147.3 147.2 
FI
P4Approach1 120.6 121.1 121 121.3 121.4 121.3 120.6 121.2 121.7 121.7 121.5 121.7 
P4Approach2 120.4 120.6 120.9 121.2 121.4 121.3 121 121.3 121.7 121.8 121.6 121.7 
P4Approach3 120.6 121.1 121 121.3 121.4 121.3 120.6 121.2 121.7 121.7 121.5 121.7 
P4Approach4 120.4 120.6 120.9 121.2 121.4 121.3 121 121.3 121.7 121.8 121.6 121.7 
P4Approach5 120.5 120.9 120.9 121.3 121.4 121.3 120.8 121.3 121.7 121.7 121.6 121.7 
P4Approach6 120.6 121.1 121 121.3 121.4 121.3 120.6 121.2 121.7 121.7 121.5 121.7 
P4Approach7 120.4 120.6 120.9 121.2 121.4 121.3 121 121.3 121.7 121.8 121.6 121.7 
P4Approach8 120.6 121.1 121 121.3 121.4 121.3 120.6 121.2 121.7 121.7 121.5 121.7 
P4Approach9 120.4 120.6 120.9 121.2 121.4 121.3 121 121.3 121.7 121.8 121.6 121.7 
P4Approach10 120.5 120.9 120.9 121.3 121.4 121.3 120.8 121.3 121.7 121.7 121.6 121.7 
P4Approach16 120.6 121.1 121 121.3 121.4 121.3 120.6 121.2 121.7 121.7 121.5 121.7 
P4Approach17 120.4 120.6 120.9 121.2 121.4 121.3 121 121.3 121.7 121.8 121.6 121.7 
P4Approach18 120.6 121.1 121 121.3 121.4 121.3 120.6 121.2 121.7 121.7 121.5 121.7 
P4Approach19 120.4 120.6 120.9 121.2 121.4 121.3 121 121.3 121.7 121.8 121.6 121.7 
P4Approach20 120.5 120.9 120.9 121.3 121.4 121.3 120.8 121.3 121.7 121.7 121.6 121.7 
NL
P4Approach1 115.7 116.5 117.2 117.8 117.6 117.1 117.2 117.4 117.9 118 117.2 117.4 
P4Approach2 115.1 115.9 117.3 118.6 117.8 117.2 117.9 117.5 117.5 117.5 116.8 117.1 
P4Approach3 115.7 116.5 117.2 117.8 117.6 117.2 117.2 117.4 117.9 118 117.2 117.4 
P4Approach4 115.1 115.9 117.3 118.6 117.6 117.2 117.9 117.4 117.3 117.5 116.8 117.1 
P4Approach5 115.4 116.2 117.3 118.2 117.7 117.2 117.6 117.4 117.6 117.8 117 117.2 
PT
P4Approach1 112.4 112.5 113.8 114.2 114.5 114.6 114.5 114.4 115.1 115.2 115.1 114.8 
P4Approach2 112.1 112.1 113.5 114.5 114.9 115 114.5 114.4 115.3 115.4 115.1 114.4 
P4Approach3 112.4 112.5 113.8 114.2 114.5 114.6 114.5 114.4 115.1 115.2 115.1 114.8 
P4Approach4 111.9 111.7 113.6 114.5 114.9 115 114.5 114.4 115.3 115.4 115.1 114.4 
P4Approach5 112.2 112.2 113.7 114.3 114.7 114.8 114.5 114.4 115.2 115.3 115.1 114.6 
LV
P4Approach1 142.1 142.2 141.6 143 143.5 145 144 143.5 143.9 144.1 144.7 144.3 
P4Approach2 141.6 141.8 142.2 143.7 144 145.1 143.7 143.8 144.2 144 144.6 144.2 
P4Approach3 142.1 142.2 141.6 143 143.7 145 144 143.5 143.9 144.1 144.7 144.3 
P4Approach4 141.6 141.7 142.2 143.7 144 145.1 143.7 143.8 144.2 143.9 144.7 144.3 
P4Approach5 141.8 142 141.9 143.4 143.8 145 143.8 143.7 144 144 144.7 144.3 
EU28
P4Approach1 118.3 118.8 119.5 119.8 119.7 119.7 119.2 119.5 119.9 120.1 120 120.4 
P4Approach2 118.2 118.7 119.4 119.9 119.8 119.9 119.3 119.7 120.2 120 120 120.3 
P4Approach3 118.3 118.8 119.5 119.8 119.7 119.7 119.2 119.5 119.9 120.1 120 120.4 
P4Approach4 118.1 118.5 119.4 119.9 119.8 119.9 119.3 119.7 120.1 120.1 120 120.3 
P4Approach5 118.2 118.7 119.4 119.9 119.7 119.8 119.2 119.6 120 120.1 120 120.3 
P4Approach6 118.3 118.8 119.5 119.8 119.7 119.7 119.2 119.5 119.9 120.1 120 120.4 
P4Approach7 118.2 118.7 119.4 119.9 119.8 119.9 119.3 119.7 120.2 120 120 120.3 
P4Approach8 118.3 118.8 119.5 119.8 119.7 119.7 119.2 119.5 119.9 120.1 120 120.4 
P4Approach9 118.1 118.5 119.4 119.9 119.8 119.9 119.3 119.7 120.1 120.1 120 120.3 
P4Approach10 118.2 118.7 119.4 119.9 119.7 119.8 119.2 119.6 120 120.1 120 120.3 
P4Approach11 118.3 118.8 119.5 119.8 119.7 119.7 119.2 119.5 119.9 120.1 120 120.4 
P4Approach12 118.2 118.7 119.4 119.9 119.8 119.9 119.3 119.7 120.2 120 120 120.3 
P4Approach13 118.3 118.8 119.5 119.8 119.7 119.7 119.2 119.5 119.9 120.1 120 120.4 
P4Approach14 118.1 118.5 119.4 119.9 119.8 119.9 119.3 119.7 120.1 120.1 120 120.3 
P4Approach15 118.2 118.7 119.4 119.9 119.7 119.8 119.2 119.6 120 120.1 120 120.3 
P4Approach16 118.3 118.8 119.5 119.8 119.7 119.7 119.2 119.5 119.9 120.1 120 120.4 
P4Approach17 118.2 118.7 119.4 119.9 119.8 119.9 119.3 119.7 120.2 120 120 120.3 
P4Approach18 118.3 118.8 119.5 119.8 119.7 119.7 119.2 119.5 119.9 120.1 120 120.4 
P4Approach19 118.1 118.5 119.4 119.9 119.8 119.9 119.3 119.7 120.1 120.1 120 120.3 
P4Approach20 118.2 118.7 119.4 119.9 119.7 119.8 119.2 119.6 120 120.1 120 120.3 
LT
P4Approach1 136.8 137 136.1 138.1 139 138.5 138.2 137.4 138.1 138.4 138.7 139 
P4Approach2 136.3 136.2 136.5 138.8 139.2 138.7 138.1 137.3 138 138.3 138.5 138.6 
P4Approach3 136.6 136.7 136 138 139.1 139 138.7 137.3 137 138.1 138.6 139 
P4Approach4 136.1 135.9 136.3 138.7 139 138.4 138.1 137.2 137.8 138.3 138.5 138.6 
P4Approach5 136.4 136.4 136.2 138.4 139.1 138.6 138.3 137.3 137.7 138.3 138.6 138.8 
LU
P4Approach1 124.6 126.7 126.2 126.4 126.5 126.7 125.4 127 127 127 127 126.9 
P4Approach2 124.6 126.7 126.2 126.4 126.6 126.8 125.2 127 127 127 127 126.9 
P4Approach3 124.6 126.7 126.2 126.4 126.5 126.7 125.4 127 127 127 127 126.9 
P4Approach4 124.6 126.7 126.2 126.4 126.6 126.8 125.2 127 127 127 127 126.9 
P4Approach5 124.6 126.7 126.2 126.4 126.6 126.8 125.3 127 127 127 127 126.9 
P4Approach6 124.6 126.7 126.2 126.4 126.5 126.7 125.4 127 127 127 127 126.9 
P4Approach7 124.6 126.7 126.2 126.4 126.6 126.8 125.2 127 127 127 127 126.9 
P4Approach8 124.6 126.7 126.2 126.4 126.5 126.7 125.4 127 127 127 127 126.9 
P4Approach9 124.6 126.7 126.2 126.4 126.6 126.8 125.2 127 127 127 127 126.9 
P4Approach10 124.6 126.7 126.2 126.4 126.6 126.8 125.3 127 127 127 127 126.9 
P4Approach16 124.6 126.7 126.2 126.4 126.5 126.7 125.4 127 127 127 127 126.9 
P4Approach17 124.6 126.7 126.2 126.4 126.6 126.8 125.2 127 127 127 127 126.9 
P4Approach18 124.6 126.7 126.2 126.4 126.5 126.7 125.4 127 127 127 127 126.9 
P4Approach19 124.6 126.7 126.2 126.4 126.6 126.8 125.2 127 127 127 127 126.9 
P4Approach20 124.6 126.7 126.2 126.4 126.6 126.8 125.3 127 127 127 127 126.9 
RO
P4Approach1 149.1 149.1 148.5 148.7 148.6 149.1 148.2 148.5 148.6 148.2 148.9 149 
P4Approach2 149.4 149.7 148.9 148.9 148.6 148.9 148.5 148.4 148.5 148.2 148.8 149 
P4Approach3 149.1 149.1 148.9 148.9 148.6 149.1 148.5 148.5 148.6 148.2 148.9 149 
P4Approach4 149.5 149.7 149 149 148.6 149.2 148.4 148.5 148.6 148.1 148.9 149 
P4Approach5 149.3 149.4 148.8 148.9 148.6 149 148.4 148.5 148.6 148.2 148.9 149 
PL
P4Approach1 121.9 121.9 122 122.2 122.5 122.2 122 121.6 121.8 121.8 122.1 122.2 
P4Approach2 121.5 121.6 122 122.2 122.5 122.3 122.4 121.7 121.7 121.6 122.2 122.3 
P4Approach3 121.9 122 122 122.2 122.5 122.2 122 121.6 121.8 121.8 122.1 122.2 
P4Approach4 121.5 121.5 122 122.2 122.5 122.4 122.4 121.7 121.7 121.6 122.2 122.3 
P4Approach5 121.7 121.7 122 122.2 122.5 122.3 122.2 121.7 121.7 121.7 122.1 122.2 
P4Approach6 121.9 121.9 122 122.2 122.5 122.2 122 121.6 121.8 121.8 122.1 122.2 
P4Approach7 121.5 121.6 122 122.2 122.5 122.3 122.4 121.7 121.7 121.6 122.2 122.3 
P4Approach8 121.9 122 122 122.2 122.5 122.2 122 121.6 121.8 121.8 122.1 122.2 
P4Approach9 121.5 121.5 122 122.2 122.5 122.4 122.4 121.7 121.7 121.6 122.2 122.3 
P4Approach10 121.7 121.7 122 122.2 122.5 122.3 122.2 121.7 121.7 121.7 122.1 122.2 
P4Approach16 121.9 121.9 122 122.2 122.5 122.2 122 121.6 121.8 121.8 122.1 122.2 
P4Approach17 121.5 121.6 122 122.2 122.5 122.3 122.4 121.7 121.7 121.6 122.2 122.3 
P4Approach18 121.9 122 122 122.2 122.5 122.2 122 121.6 121.8 121.8 122.1 122.2 
P4Approach19 121.5 121.5 122 122.2 122.5 122.4 122.4 121.7 121.7 121.6 122.2 122.3 
P4Approach20 121.7 121.7 122 122.2 122.5 122.3 122.2 121.7 121.7 121.7 122.1 122.2 
EL
P4Approach1 113.7 112.3 115.5 115.5 115 115.4 114.4 113.6 115.9 116.6 115.8 115.3 
P4Approach2 114 114.3 115.5 115.1 114.6 116.3 115.4 115.6 116.4 116.6 116.3 114.4 
P4Approach3 113.7 112.3 115.5 115.5 115 115.4 114.4 113.6 115.9 116.6 115.8 115.3 
P4Approach4 114.6 114.5 115.3 114.7 114.8 115.9 115.6 115.6 116.4 116.5 116.4 114.4 
P4Approach5 114 113.4 115.4 115.2 114.9 115.7 114.9 114.6 116.1 116.6 116.1 114.9 
EE
P4Approach1 139.6 139.3 141.2 142.6 142.5 142.8 143.2 143.4 143.6 143.5 142 141.8 
P4Approach2 139.7 139.8 141.6 142.5 142.2 142.8 142.9 143.3 143.3 143.8 141.8 142.1 
P4Approach3 139.6 139.3 141.2 142.6 142.2 142.9 143.2 143.6 144 143.6 142 141.8 
P4Approach4 139.7 139.9 141.5 142.7 142.2 142.8 142.9 143.2 143.1 143.7 141.7 142.1 
P4Approach5 139.6 139.6 141.4 142.6 142.3 142.8 143 143.4 143.5 143.7 141.9 141.9 
IT
P4Approach1 116.8 116.8 119.2 119.9 119.9 120 117.5 117.5 119.9 120.4 119.8 120 
P4Approach2 116.7 116.9 119 120.1 119.6 120.1 117.4 117.6 119.9 120.5 119.8 120.2 
P4Approach3 116.8 116.8 119.2 119.9 120 120 117.5 117.5 119.9 120.4 119.8 120 
P4Approach4 116.6 116.9 118.9 119.9 119.9 120.3 117.7 117.8 120.2 120.5 119.7 120 
P4Approach5 116.7 116.8 119.1 120 119.9 120.1 117.6 117.6 120 120.4 119.8 120.1 
CZ
P4Approach1 120.2 120.2 120 120.3 121.2 121 120.8 121.2 120.7 121 121 121.8 
P4Approach2 119.3 119.4 120.4 120.6 121.2 120.8 120.7 121.2 121.1 120.9 120.7 121.7 
P4Approach3 120 120 120.5 120.3 121.2 121 120.8 121.2 120.7 121 121 121.8 
P4Approach4 119.3 119.4 120.4 120.5 121.2 120.8 120.7 121.2 121.3 120.9 120.6 121.7 
P4Approach5 119.7 119.7 120.3 120.4 121.2 120.9 120.7 121.2 121 120.9 120.8 121.8 
CY
P4Approach1 112.2 112.1 112.6 113.6 113.9 114.5 113.2 115.8 116.9 116.9 114.3 113.2 
P4Approach2 112.7 113.3 112.6 113.3 114.2 115 114.2 116.4 116 115.2 113.8 113.1 
P4Approach3 112.2 112.1 112.6 113.4 113.9 114.4 113.1 115.9 116.4 116.7 114.3 113.1 
P4Approach4 112.8 113.3 112.6 113.2 114.2 114.9 114.2 116.3 115.8 115.8 113.7 113 
P4Approach5 112.5 112.7 112.6 113.4 114 114.7 113.7 116.1 116.3 116.1 114 113.1 
AT
P4Approach1 121.7 122.3 123.9 123.7 123.5 123.3 122.2 122.6 123.6 123.8 124 124.9 
P4Approach2 121.8 122.1 123.6 123.5 123.4 123.2 122.5 122.7 123.6 123.9 124.1 125.1 
P4Approach3 121.7 122.3 123.9 123.7 123.5 123.3 122.2 122.6 123.6 123.8 124 124.9 
P4Approach4 121.9 122.2 123.5 123.4 123.4 123.2 122.5 122.7 123.6 123.9 124.1 125.1 
P4Approach5 121.8 122.2 123.7 123.6 123.4 123.3 122.3 122.6 123.6 123.9 124.1 125 
IE
P4Approach1 106 106.8 107.1 107.2 107.3 107.7 107.9 108.3 108.4 107.3 106.8 106.8 
P4Approach2 106.7 107.2 107.1 107.1 107.5 108 108 108.4 108.2 107.2 106.6 106.6 
P4Approach3 106 106.8 107.1 107.2 107.3 107.7 107.9 108.3 108.4 107.3 106.8 106.8 
P4Approach4 106.7 107.2 107 107 107.4 108 108 108.4 108.3 107.2 106.6 106.6 
P4Approach5 106.3 107 107.1 107.1 107.4 107.9 107.9 108.4 108.3 107.2 106.7 106.7 
ES
P4Approach1 116.1 116 118.2 119.3 119.4 119.4 117.4 117.9 119 119.3 119.4 119.2 
P4Approach2 116 116 118.1 119.2 119.3 119.5 117.4 117.9 119 119.1 119.3 119.2 
P4Approach3 116.1 116 118.2 119.3 119.4 119.4 117.4 117.9 119 119.3 119.4 119.3 
P4Approach4 116.1 116 118.2 119.2 119.3 119.5 117.4 117.9 119 119.2 119.3 119.2 
P4Approach5 116.1 116 118.2 119.2 119.3 119.4 117.4 117.9 119 119.2 119.3 119.2 
EA19
P4Approach1 115.6 116.1 117.2 117.5 117.4 117.5 116.7 117.2 117.7 117.9 117.7 118 
P4Approach2 115.7 116.3 117.1 117.6 117.5 117.6 116.9 117.3 117.9 117.8 117.6 118 
P4Approach3 115.6 116.1 117.2 117.5 117.5 117.5 116.7 117.2 117.7 117.9 117.7 118 
P4Approach4 115.6 116.2 117.1 117.6 117.5 117.6 116.9 117.3 117.8 117.9 117.6 117.9 
P4Approach5 115.6 116.2 117.1 117.5 117.4 117.6 116.8 117.2 117.8 117.9 117.7 118 
P4Approach6 115.6 116.1 117.2 117.5 117.4 117.5 116.7 117.2 117.7 117.9 117.7 118 
P4Approach7 115.7 116.3 117.1 117.6 117.5 117.6 116.9 117.3 117.9 117.8 117.6 118 
P4Approach8 115.6 116.1 117.2 117.5 117.5 117.5 116.7 117.2 117.7 117.9 117.7 118 
P4Approach9 115.6 116.2 117.1 117.6 117.5 117.6 116.9 117.3 117.8 117.9 117.6 117.9 
P4Approach10 115.6 116.2 117.1 117.5 117.4 117.6 116.8 117.2 117.8 117.9 117.7 118 
P4Approach11 115.6 116.1 117.2 117.5 117.4 117.5 116.7 117.2 117.7 117.9 117.7 118 
P4Approach12 115.7 116.3 117.1 117.6 117.5 117.6 116.9 117.3 117.9 117.8 117.6 118 
P4Approach13 115.6 116.1 117.2 117.5 117.5 117.5 116.7 117.2 117.7 117.9 117.7 118 
P4Approach14 115.6 116.2 117.1 117.6 117.5 117.6 116.9 117.3 117.8 117.9 117.6 117.9 
P4Approach15 115.6 116.2 117.1 117.5 117.4 117.6 116.8 117.2 117.8 117.9 117.7 118 
P4Approach16 115.6 116.1 117.2 117.5 117.4 117.5 116.7 117.2 117.7 117.9 117.7 118 
P4Approach17 115.7 116.3 117.1 117.6 117.5 117.6 116.9 117.3 117.9 117.8 117.6 118 
P4Approach18 115.6 116.1 117.2 117.5 117.5 117.5 116.7 117.2 117.7 117.9 117.7 118 
P4Approach19 115.6 116.2 117.1 117.6 117.5 117.6 116.9 117.3 117.8 117.9 117.6 117.9 
P4Approach20 115.6 116.2 117.1 117.5 117.4 117.6 116.8 117.2 117.8 117.9 117.7 118 
SK
P4Approach1 121.4 121.5 120.6 120.5 121 120.8 120.7 120.5 120.5 120.6 120.9 121 
P4Approach2 120.7 120.7 121 120.7 121.4 120.9 120.8 120.8 120.9 120.7 121 121 
P4Approach3 121.4 121.5 120.6 120.5 121 120.8 120.7 120.5 120.5 120.6 120.9 121 
P4Approach4 120.7 120.7 121 120.7 121.4 120.9 120.9 120.8 120.9 120.7 121 121 
P4Approach5 121 121.1 120.8 120.6 121.2 120.8 120.8 120.6 120.7 120.7 121 121 
P4Approach6 121.4 121.5 120.6 120.5 121 120.8 120.7 120.5 120.5 120.6 120.9 121 
P4Approach7 120.7 120.7 121 120.7 121.4 120.9 120.8 120.8 120.9 120.7 121 121 
P4Approach8 121.4 121.5 120.6 120.5 121 120.8 120.7 120.5 120.5 120.6 120.9 121 
P4Approach9 120.7 120.7 121 120.7 121.4 120.9 120.9 120.8 120.9 120.7 121 121 
P4Approach10 121 121.1 120.8 120.6 121.2 120.8 120.8 120.6 120.7 120.7 121 121 
MT
P4Approach1 117.8 118.3 119.5 123.2 124.5 125.5 125.4 125.8 124.7 124.8 121.4 121.3 
P4Approach2 118 118.7 119.8 123.2 124.6 126 126.1 126.4 125.4 124.6 121.2 121.1 
P4Approach3 117.8 118.3 119.6 123.2 124.5 125.5 125.4 125.8 124.8 124.8 121.4 121.3 
P4Approach4 118 118.7 119.8 123.2 124.6 126 126.1 126.4 125.4 124.6 121.2 121.1 
P4Approach5 117.9 118.5 119.7 123.2 124.5 125.7 125.7 126.1 125 124.7 121.3 121.2 
SI
P4Approach1 119.2 119.5 119.6 120.3 120.8 121.1 121.1 120.4 120.6 121.1 121.5 120.9 
P4Approach2 119.7 119.9 119.6 120.3 120.8 121.2 121.1 120.6 121 120.9 121.7 120.9 
P4Approach3 119.2 119.5 119.2 120.2 120.8 121.1 121.1 120.4 120.6 121.1 121.5 120.9 
P4Approach4 119.7 119.9 119.7 120.4 120.8 121.2 121.3 120.6 121 120.9 121.7 120.9 
P4Approach5 119.4 119.7 119.5 120.3 120.8 121.2 121.2 120.5 120.8 121 121.6 120.9 
UK
P4Approach1 124 124.5 124.3 124.8 124.8 124.6 124.2 124.9 125 125.3 125.4 125.8 
P4Approach2 124.1 124.3 124.2 124.7 124.6 124.7 124.5 124.9 125 125.3 125.5 125.8 
P4Approach3 124 124.5 124.3 124.8 124.8 124.6 124.2 124.9 125 125.3 125.4 125.8 
P4Approach4 124.1 124.3 124.2 124.7 124.6 124.7 124.5 124.9 125 125.2 125.5 125.8 
P4Approach5 124.1 124.4 124.3 124.8 124.7 124.6 124.3 124.9 125 125.3 125.5 125.8 
P4Approach6 124 124.5 124.3 124.8 124.8 124.6 124.2 124.9 125 125.3 125.4 125.8 
P4Approach7 124.1 124.3 124.2 124.7 124.6 124.7 124.5 124.9 125 125.3 125.5 125.8 
P4Approach8 124 124.5 124.3 124.8 124.8 124.6 124.2 124.9 125 125.3 125.4 125.8 
P4Approach9 124.1 124.3 124.2 124.7 124.6 124.7 124.5 124.9 125 125.2 125.5 125.8 
P4Approach10 124.1 124.4 124.3 124.8 124.7 124.6 124.3 124.9 125 125.3 125.5 125.8 
P4Approach16 124 124.5 124.3 124.8 124.8 124.6 124.2 124.9 125 125.3 125.4 125.8 
P4Approach17 124.1 124.3 124.2 124.7 124.6 124.7 124.5 124.9 125 125.3 125.5 125.8 
P4Approach18 124 124.5 124.3 124.8 124.8 124.6 124.2 124.9 125 125.3 125.4 125.8 
P4Approach19 124.1 124.3 124.2 124.7 124.6 124.7 124.5 124.9 125 125.2 125.5 125.8 
P4Approach20 124.1 124.4 124.3 124.8 124.7 124.6 124.3 124.9 125 125.3 125.5 125.8 
SE
P4Approach1 114 114.7 115.2 115.6 115.7 115.5 115 115.5 116.2 116.1 115.8 116.1 
P4Approach2 114.1 114.8 114.9 115.4 115.9 115.5 115.7 115.6 116.2 115.8 115.5 116.1 
P4Approach3 114 114.7 115.2 115.6 115.7 115.5 115 115.5 116.2 116.1 115.8 116.1 
P4Approach4 114.1 114.8 114.9 115.5 115.8 115.4 115.7 115.6 116.2 115.8 115.5 116.2 
P4Approach5 114 114.7 115 115.6 115.8 115.5 115.4 115.5 116.2 115.9 115.6 116.1 
P5
EA-18
P5Approach1 115.4 117.2 100.7 101.2 101.1 101.2 100.6 100.9 101.3 101.4 101.1 101.4 
P5Approach2 115.4 117.3 100.7 101.2 101.1 101.2 100.6 101.0 101.4 101.5 101.2 101.4 
P5Approach3 115.4 116.0 100.7 101.1 101.2 101.1 100.5 100.8 101.3 101.4 101.3 101.5 
P5Approach4 115.4 116.0 100.7 101.1 101.2 101.1 100.5 100.9 101.3 101.4 101.3 101.5 
P5Approach5 115.4 116.0 100.7 101.1 101.2 101.1 100.5 100.8 101.3 101.4 101.3 101.5 
P5Approach6 115.3 115.9 100.7 101.1 101.2 101.1 100.5 100.8 101.3 101.4 101.3 101.5 
P5Approach7 115.4 116.0 100.7 101.1 101.2 101.1 100.5 100.8 101.3 101.4 101.3 101.5 
P5Approach8 115.4 115.9 100.7 101.1 101.2 101.1 100.5 100.8 101.3 101.4 101.3 101.5 
P5Approach9 115.4 116.0 100.7 101.1 101.2 101.1 100.5 100.8 101.3 101.4 101.3 101.5 
P5Approach10 115.4 116.0 100.7 101.1 101.2 101.1 100.5 100.8 101.3 101.4 101.3 101.5 
P5Approach11 115.4 116.0 100.7 101.1 101.2 101.1 100.5 100.8 101.3 101.4 101.3 101.5 
P5Approach12 115.4 116.0 100.7 101.1 101.2 101.1 100.5 100.8 101.3 101.4 101.3 101.5 
P5Approach13 115.4 116.0 100.7 101.1 101.2 101.1 100.5 100.9 101.3 101.4 101.3 101.5 
P5Approach14 115.4 116.2 100.7 101.1 101.2 101.1 100.5 100.9 101.3 101.4 101.3 101.5 
P5Approach15 115.4 116.0 100.7 101.1 101.2 101.1 100.5 100.8 101.3 101.4 101.3 101.5 
FR
P5Approach1 113.5 115.0 100.6 100.7 100.9 101.0 100.5 101.2 100.9 100.9 100.6 101.0 
P5Approach2 113.5 115.0 100.6 100.7 100.9 101.0 100.5 101.2 100.9 100.9 100.6 101.0 
P5Approach3 113.5 114.1 100.6 100.6 100.9 100.9 100.4 101.1 100.8 100.9 100.6 101.0 
P5Approach4 113.5 114.1 100.6 100.6 100.9 100.9 100.4 101.1 100.8 100.9 100.6 101.0 
P5Approach5 113.5 114.1 100.6 100.6 100.9 100.9 100.4 101.1 100.8 100.9 100.6 101.0 
P5Approach6 113.5 114.1 100.6 100.6 100.9 100.9 100.4 101.1 100.8 100.9 100.6 101.0 
P5Approach7 113.5 114.1 100.6 100.6 100.9 100.9 100.4 101.1 100.8 100.9 100.6 101.0 
P5Approach8 113.5 114.1 100.6 100.6 100.9 100.9 100.4 101.1 100.8 100.9 100.6 101.0 
P5Approach9 113.5 114.1 100.6 100.6 100.9 100.9 100.4 101.1 100.8 100.9 100.6 101.0 
P5Approach10 113.5 114.1 100.6 100.6 100.9 100.9 100.4 101.1 100.8 100.9 100.7 101.0 
P5Approach11 113.5 114.1 100.6 100.6 100.8 100.9 100.4 101.1 100.8 100.9 100.6 101.0 
P5Approach12 113.5 114.1 100.6 100.6 100.8 100.9 100.4 101.1 100.8 100.9 100.6 101.0 
P5Approach13 113.5 114.1 100.6 100.6 100.9 100.9 100.4 101.1 100.8 100.9 100.7 101.0 
P5Approach14 113.5 114.1 100.6 100.6 100.9 100.9 100.4 101.1 100.8 100.9 100.6 101.0 
P5Approach15 113.5 114.2 100.6 100.7 100.9 100.9 100.4 101.1 100.8 100.9 100.6 101.0 
P5Approach16 113.5 114.1 100.6 100.6 100.9 100.9 100.4 101.1 100.8 100.9 100.6 101.0 
DE
P5Approach1 114.4 115.7 100.8 101.0 100.7 100.7 101.2 101.6 101.4 101.5 101.5 101.9 
P5Approach2 114.5 115.9 101.0 100.9 100.7 100.7 101.2 101.5 101.5 101.5 101.6 101.9 
P5Approach3 114.4 115.4 100.9 100.9 100.7 100.7 101.3 101.6 101.5 101.6 101.6 101.8 
P5Approach4 114.4 115.4 100.9 100.9 100.7 100.7 101.3 101.5 101.5 101.6 101.6 101.8 
P5Approach5 114.4 115.4 100.9 100.9 100.7 100.7 101.2 101.5 101.5 101.6 101.6 101.8 
P5Approach6 114.4 115.5 100.9 100.9 100.7 100.7 101.3 101.6 101.5 101.6 101.6 101.8 
P5Approach7 114.4 115.5 100.9 100.9 100.7 100.8 101.3 101.6 101.5 101.6 101.6 101.8 
P5Approach8 114.4 115.5 100.9 100.9 100.7 100.7 101.3 101.6 101.5 101.6 101.6 101.8 
P5Approach9 114.4 115.5 100.9 100.9 100.7 100.7 101.3 101.6 101.5 101.6 101.6 101.8 
P5Approach10 114.4 115.4 100.9 100.8 100.7 100.7 101.2 101.5 101.5 101.6 101.6 101.8 
P5Approach11 114.4 115.4 100.9 100.9 100.7 100.7 101.3 101.5 101.5 101.6 101.6 101.8 
P5Approach12 114.4 115.4 100.9 100.9 100.7 100.7 101.3 101.6 101.5 101.6 101.6 101.8 
P5Approach13 114.4 115.5 100.9 100.9 100.7 100.7 101.3 101.6 101.5 101.6 101.6 101.8 
P5Approach14 114.4 115.4 100.9 100.9 100.7 100.7 101.3 101.6 101.5 101.6 101.6 101.8 
P5Approach15 114.4 115.5 100.9 100.9 100.7 100.7 101.3 101.5 101.5 101.6 101.6 101.8 
P5Approach16 114.4 115.5 100.9 100.9 100.7 100.7 101.3 101.5 101.5 101.6 101.6 101.8 
P5Approach17 114.4 115.4 100.9 100.9 100.7 100.7 101.3 101.5 101.5 101.6 101.6 101.8 
IT
P5Approach1 116.6 119.5 100.5 101.3 101.4 101.6 99.4 99.5 101.5 101.8 101.1 101.4 
P5Approach2 116.7 119.6 100.5 101.4 101.4 101.7 99.5 99.5 101.6 101.8 101.1 101.4 
P5Approach3 116.6 116.9 100.7 101.2 101.3 101.3 99.3 99.2 101.4 101.8 101.0 101.2 
P5Approach4 116.6 116.9 100.7 101.2 101.3 101.3 99.3 99.2 101.4 101.8 101.0 101.2 
P5Approach5 116.6 117.0 100.7 101.2 101.3 101.3 99.3 99.2 101.4 101.8 101.0 101.2 
P5Approach6 116.6 117.0 100.7 101.2 101.3 101.3 99.3 99.2 101.4 101.8 101.0 101.2 
P5Approach7 116.6 116.9 100.7 101.2 101.3 101.3 99.3 99.2 101.4 101.8 101.0 101.2 
P5Approach8 116.6 117.0 100.7 101.2 101.3 101.3 99.3 99.2 101.4 101.8 101.0 101.2 
P5Approach9 116.6 117.0 100.7 101.2 101.3 101.3 99.3 99.2 101.5 101.8 101.0 101.2 
P5Approach10 116.6 116.9 100.6 101.2 101.3 101.4 99.3 99.2 101.4 101.8 101.0 101.2 
P5Approach11 116.6 116.9 100.7 101.2 101.3 101.3 99.3 99.2 101.4 101.8 101.0 101.2 
P5Approach12 116.6 116.9 100.7 101.2 101.3 101.3 99.3 99.2 101.4 101.8 101.1 101.3 
P5Approach13 116.6 116.9 100.7 101.2 101.3 101.3 99.3 99.2 101.4 101.8 101.0 101.2 
P5Approach14 116.6 117.0 100.7 101.2 101.3 101.3 99.3 99.2 101.4 101.8 101.0 101.2 
P5Approach15 116.6 117.3 100.6 101.3 101.3 101.4 99.3 99.2 101.4 101.8 101.0 101.3 
P5Approach16 116.6 116.9 100.7 101.2 101.3 101.3 99.3 99.2 101.4 101.8 101.0 101.2 
UK
P5Approach1 124.0 124.4 100.5 100.7 100.8 100.6 100.5 101.1 101.1 101.4 101.3 101.6 
P5Approach2 124.0 124.6 100.6 100.7 100.7 100.6 100.5 101.0 101.0 101.3 101.2 101.5 
P5Approach3 123.8 124.2 100.3 100.6 100.7 100.7 100.4 100.9 100.9 101.2 101.2 101.4 
P5Approach4 123.8 124.2 100.3 100.6 100.7 100.7 100.4 100.8 100.9 101.2 101.2 101.4 
P5Approach5 123.8 124.2 100.3 100.6 100.7 100.7 100.4 100.9 100.9 101.2 101.2 101.4 
P5Approach6 123.8 124.2 100.3 100.6 100.7 100.7 100.4 100.8 100.9 101.2 101.2 101.4 
P5Approach7 123.8 124.1 100.2 100.6 100.7 100.7 100.4 100.8 100.9 101.2 101.2 101.4 
P5Approach8 123.8 124.2 100.3 100.6 100.7 100.7 100.4 100.9 100.9 101.2 101.2 101.4 
P5Approach9 123.8 124.1 100.2 100.6 100.7 100.7 100.3 100.7 100.9 101.3 101.2 101.4 
P5Approach10 123.8 124.1 100.2 100.6 100.7 100.6 100.4 100.8 100.9 101.2 101.2 101.4 
P5Approach11 123.8 124.1 100.3 100.6 100.7 100.7 100.4 100.9 100.9 101.2 101.2 101.4 
P5Approach12 123.8 124.1 100.2 100.6 100.7 100.6 100.4 100.8 100.9 101.2 101.2 101.4 
P5Approach13 123.8 124.1 100.2 100.6 100.7 100.7 100.4 100.8 100.9 101.2 101.2 101.4 
P5Approach14 123.8 124.1 100.3 100.6 100.7 100.7 100.4 100.9 100.9 101.3 101.2 101.5 
P5Approach15 123.8 124.1 100.3 100.6 100.7 100.7 100.4 100.9 100.9 101.2 101.2 101.4 
P5Approach16 123.8 124.2 100.3 100.6 100.7 100.7 100.4 100.9 100.9 101.2 101.2 101.4 
P5Approach17 123.8 124.2 100.3 100.6 100.7 100.7 100.4 100.9 100.9 101.2 101.2 101.4 
