P3
EL
P3Approach1 117.2 118.7 119 120.8 118.4 119.3 117.8 118.2 120.4 119.9 120.1 118.3 
P3Approach2 117.8 118.3 117.8 120 118.6 118.2 118.5 117.8 118.7 119.6 120.1 118.2 
P3Approach3 119.3 118.2 118.2 121.5 118 119.2 116.4 118.8 118.8 119.4 120.1 118.2 
P3Approach4 118.2 116.9 116.8 124 117.2 118.6 115.9 118.7 120.4 119.6 120.2 118.6 
P3Approach5 118.4 117.8 118 115.1 116.8 119 114.9 117.2 118.8 119.1 119.1 119.2 
P3Approach6 118.2 118 118 120.3 117.8 118.9 116.7 118.1 119.4 119.5 119.9 118.5 
P3Approach7 117.9 118.3 118.4 120.5 118.1 119 117.3 118.1 119.7 119.7 120 118.4 
P3Approach8 117.9 117.9 117.8 120 117.8 118.8 116.8 118 119.6 119.6 119.9 118.6 
P3Approach9 117.7 117.8 117.8 122.4 117.8 118.9 116.8 118.5 120.4 119.8 120.2 118.4 
P3Approach10 117.5 118.5 118.4 120.4 118.5 118.8 118.2 118 119.6 119.8 120.1 118.2 
P3Approach11 117.4 118.8 119.1 121 118.7 119.5 118 118.5 120.7 120.2 120.3 118.5 
P3Approach12 117 118.6 118.9 120.5 118.1 119 117.3 118.1 119.7 119.7 120 118.4 
P3Approach13 118.2 118 118.3 120.1 117.9 118.8 117 118 119.6 119.6 119.9 118.5 
P3Approach14 117.9 118.5 118.7 120.8 118.4 119.1 117.7 118.2 119.7 119.7 120.1 118.3 
P3Approach15 117.9 117.9 118.1 119.4 117.6 118.8 116.5 117.9 119.5 119.5 119.8 118.7 
P3Approach16 117.7 118 118.1 122.1 117.9 119 117 118.4 120.4 119.8 120.1 118.4 
P3Approach17 117.5 118.5 118.2 121.3 118.9 119.8 118.3 118.7 120.9 120.4 120.6 118.8 
P3Approach18 117.4 118.8 118.3 120.3 117.9 118.8 117.3 117.7 119.9 119.4 119.6 117.8 
P3Approach19 117 118.6 118.1 120.5 118.1 119 117.3 118.1 119.7 119.7 120 118.4 
P3Approach20 117.8 118.2 118.2 120.6 118 119 117.1 118.2 119.8 119.7 120 118.4 
FR
P3Approach1 114.9 115.2 115.6 115.8 116 116.4 115.8 116.6 116.1 116.3 116.1 116.5 
P3Approach2 114.5 115.4 115.8 115.9 116.2 116.3 115.8 116.5 116.1 116.3 116 116.6 
P3Approach3 116 116.7 115.5 115.8 116.2 116.4 116 117 116.5 116.9 116.6 117.2 
P3Approach4 115.4 116.3 116.6 115.5 115.7 117.7 117.9 117.6 116.5 116.2 116.3 116.3 
P3Approach5 116.2 114.8 115.6 115.5 115.5 116.2 115.6 116.4 115.6 116.3 115.7 115.7 
P3Approach6 115.4 115.7 115.9 115.7 115.9 116.6 116.2 116.8 116.2 116.4 116.1 116.5 
P3Approach7 115.2 115.5 115.8 115.8 116 116.5 116 116.7 116.1 116.3 116.1 116.5 
P3Approach8 115.2 115.4 115.9 115.7 115.8 116.6 116.3 116.8 116.1 116.3 116 116.3 
P3Approach9 115.2 115.8 116.1 115.7 115.8 117.1 116.8 117.1 116.3 116.2 116.2 116.4 
P3Approach10 114.7 115.3 115.6 115.8 116.1 116.3 115.8 116.5 116.1 116.3 116 116.5 
P3Approach11 115 115.3 115.8 116 116.2 116.7 116 116.8 116.3 116.5 116.3 116.8 
P3Approach12 114.8 115.1 115.5 115.5 116 116.5 116 116.7 116.1 116.3 116.1 116.5 
P3Approach13 115.4 115.7 115.6 115.7 115.9 116.6 116.2 116.7 116.1 116.3 116 116.3 
P3Approach14 115.2 115.5 115.6 115.8 116.1 116.4 115.8 116.7 116.2 116.4 116.2 116.7 
P3Approach15 115.2 115.4 115.8 115.6 115.8 116.6 116.3 116.8 116 116.3 116 116.2 
P3Approach16 115.2 115.6 116 115.7 115.9 116.9 116.6 117 116.3 116.3 116.2 116.4 
P3Approach17 114.7 115.3 115.6 116.3 116.5 116.9 116.3 117.1 116.6 116.8 116.6 117 
P3Approach18 115 115.3 115.8 115.3 115.5 115.9 115.3 116.1 115.6 115.8 115.6 116 
P3Approach19 114.8 115.1 115.5 115.5 116 116.5 116 116.7 116.1 116.3 116.1 116.5 
P3Approach20 115.2 115.5 115.8 115.7 116 116.6 116.1 116.8 116.2 116.3 116.1 116.5 
NL
P3Approach1 115.2 115.4 117.1 119.6 117.1 117.1 118.4 117 117.5 117.2 116.8 116.7 
P3Approach2 115.1 115.4 117.1 119.8 117.2 117.1 118.4 117 117.5 117.2 116.8 116.7 
P3Approach3 116 116.8 116.9 121.9 116.8 116.8 118.9 116.2 117.6 117.1 117.1 117.2 
P3Approach4 117 115.4 116.2 118.8 117.2 118.1 117.9 117.6 118 117 116.7 116.6 
P3Approach5 117.3 114.7 117.4 116.6 116.6 118.2 119 116.6 117.4 117.2 116.7 116.6 
P3Approach6 116.1 115.5 117 119.3 117 117.5 118.5 116.9 117.6 117.1 116.8 116.8 
P3Approach7 115.8 115.5 117 119.5 117 117.3 118.5 116.9 117.6 117.2 116.8 116.7 
P3Approach8 116.2 115.2 117 118.7 117 117.6 118.4 117.1 117.6 117.1 116.8 116.7 
P3Approach9 116.1 115.4 116.6 119.2 117.2 117.6 118.2 117.3 117.8 117.1 116.8 116.7 
P3Approach10 115.2 115.4 117.1 119.7 117.2 117.1 118.4 117 117.5 117.2 116.8 116.7 
P3Approach11 115.4 115.5 117.2 119.8 117.3 117.3 118.7 117.2 117.8 117.5 117 117 
P3Approach12 115 115.3 117 119.3 117 117.3 118.5 116.9 117.6 117.2 116.8 116.7 
P3Approach13 116.1 115.5 117.2 118.9 117 117.5 118.4 117 117.6 117.2 116.8 116.7 
P3Approach14 115.8 115.7 117.1 120.1 117.1 117 118.5 116.8 117.5 117.2 116.9 116.8 
P3Approach15 116.2 115.2 117.1 118.4 117 117.7 118.5 117 117.6 117.1 116.7 116.6 
P3Approach16 116.1 115.4 116.7 119.3 117.1 117.5 118.2 117.2 117.7 117.1 116.8 116.7 
P3Approach17 115.2 115.4 117.2 120.1 117.6 117.6 118.9 117.5 118 117.7 117.3 117.2 
P3Approach18 115.4 115.5 117.3 119.1 116.6 116.6 117.9 116.5 117 116.7 116.3 116.2 
P3Approach19 115 115.3 117.1 119.3 117 117.3 118.5 116.9 117.6 117.2 116.8 116.7 
P3Approach20 115.8 115.4 117 119.3 117.1 117.4 118.5 117 117.6 117.2 116.8 116.7 
DE
P3Approach1 115.4 116.3 116.2 117 116.2 116.7 117 117.1 117 117 117.3 117.7 
P3Approach2 114.9 116.4 116.2 117 116.3 116.4 116.9 117.1 116.9 116.9 117.3 117.4 
P3Approach3 116.1 116.1 116.3 117.6 116.6 116.2 117.2 117.6 117.4 117.5 118 118.2 
P3Approach4 116.2 115.1 117.5 117.4 117.1 116.2 117.3 117.6 117.5 117.9 118.4 118.4 
P3Approach5 116.1 115.9 116.5 116.3 116.2 116.8 117.1 117.2 116.3 117 117.3 117 
P3Approach6 115.7 116 116.5 117.1 116.5 116.5 117.1 117.3 117 117.3 117.7 117.7 
P3Approach7 115.6 116.1 116.3 117 116.3 116.6 117 117.2 117 117.1 117.5 117.7 
P3Approach8 115.6 115.9 116.5 116.9 116.5 116.5 117.1 117.2 116.9 117.2 117.6 117.6 
P3Approach9 115.8 115.7 116.8 117.2 116.7 116.5 117.2 117.3 117.2 117.5 117.8 118.1 
P3Approach10 115.2 116.4 116.2 117 116.2 116.6 117 117.1 117 117 117.3 117.6 
P3Approach11 115.6 116.4 116.3 117.2 116.5 117 117.2 117.3 117.2 117.2 117.5 118 
P3Approach12 115.2 116.2 116.1 116.8 116.3 116.6 117 117.2 117 117.1 117.5 117.7 
P3Approach13 115.7 116 116.4 116.9 116.4 116.5 117 117.2 116.9 117.2 117.5 117.6 
P3Approach14 115.6 116.3 116.2 117.1 116.3 116.5 117 117.2 117.1 117.1 117.4 117.7 
P3Approach15 115.6 115.9 116.5 116.9 116.4 116.5 117.1 117.3 116.9 117.2 117.6 117.6 
P3Approach16 115.8 115.8 116.7 117.2 116.6 116.5 117.1 117.3 117.2 117.4 117.7 118 
P3Approach17 115.2 116.4 116.3 117.5 116.7 117.2 117.5 117.6 117.5 117.5 117.8 118.2 
P3Approach18 115.6 116.4 116.4 116.5 115.7 116.2 116.5 116.6 116.5 116.5 116.8 117.2 
P3Approach19 115.2 116.2 116.2 116.8 116.3 116.6 117 117.2 117 117.1 117.5 117.7 
P3Approach20 115.6 116.1 116.4 117 116.4 116.6 117.1 117.2 117 117.2 117.6 117.7 
IT
P3Approach1 117.3 117.8 119.5 122.9 119.9 120.3 117.7 118.1 120 120.9 120 120.2 
P3Approach2 117.2 117.8 119.5 123.1 119.9 120 117.7 118.1 120 120.7 120.2 120.4 
P3Approach3 118.8 118.5 119.6 130.3 119.7 120.3 117.6 118.3 120.2 121.1 120.5 120.9 
P3Approach4 120.5 118.9 118.2 122.6 119.2 119.3 119.3 119.3 119.3 119.3 119.3 119.3 
P3Approach5 121 117.9 119.3 119.3 119.2 120.9 115.9 119.2 119.2 120.8 119.3 120.2 
P3Approach6 119 118.2 119.3 123.6 119.6 120.2 117.6 118.6 119.7 120.6 119.9 120.2 
P3Approach7 118.5 118 119.4 123.3 119.7 120.2 117.7 118.4 119.9 120.7 120 120.2 
P3Approach8 119 118.1 119.1 122 119.5 120.1 117.7 118.7 119.6 120.4 119.7 120 
P3Approach9 118.9 118.4 118.9 122.8 119.6 119.8 118.5 118.7 119.7 120.1 119.7 119.8 
P3Approach10 117.2 117.8 119.5 123 119.9 120.2 117.7 118.1 120 120.8 120.1 120.3 
P3Approach11 117.4 117.9 119.6 123.2 120.2 120.5 118 118.3 120.2 121.2 120.2 120.5 
P3Approach12 117.2 117.7 119.4 122.7 119.7 120.2 117.7 118.4 119.9 120.7 120 120.2 
P3Approach13 119 118.2 119.4 122.2 119.6 120.1 117.7 118.6 119.7 120.5 119.8 120.1 
P3Approach14 118.5 117.9 119.5 124.4 119.9 120.2 117.7 118.1 120 120.9 120.1 120.4 
P3Approach15 119 118.1 119.3 121.6 119.5 120.2 117.5 118.8 119.5 120.4 119.6 120 
P3Approach16 118.9 118.2 119 122.8 119.6 119.9 118.3 118.6 119.7 120.3 119.7 119.8 
P3Approach17 117.2 117.8 119.4 123.4 120.4 120.8 118.2 118.6 120.5 121.4 120.5 120.7 
P3Approach18 117.4 117.9 119.5 122.4 119.4 119.8 117.2 117.6 119.5 120.4 119.5 119.7 
P3Approach19 117.2 117.7 119.3 122.7 119.7 120.2 117.7 118.4 119.9 120.7 120 120.2 
P3Approach20 118.4 118 119.3 123.1 119.7 120.2 117.8 118.5 119.8 120.6 119.9 120.2 
UK
P3Approach1 127.7 127.9 127.7 128.9 128.7 128.6 128.5 129 129.2 129.4 129.8 130.1 
P3Approach2 127.6 127.9 127.7 128.8 128.8 128.6 128.4 129.1 129 129.2 129.5 130 
P3Approach3 130.2 130.7 127.9 129.4 129.4 129 128.8 130 129.8 130 130.7 133.1 
P3Approach4 128.6 128.2 127.9 129.9 129.6 129.2 129.1 130.2 130.3 130.4 131.3 132.1 
P3Approach5 128.8 128.1 128 127.9 128 129.8 129.6 128.8 129.2 129.2 129.6 129.8 
P3Approach6 128.6 128.6 127.9 129 128.9 129 128.9 129.4 129.5 129.6 130.2 131 
P3Approach7 128.2 128.2 127.7 128.9 128.8 128.8 128.7 129.2 129.3 129.5 130 130.5 
P3Approach8 128.2 128 127.9 128.9 128.8 129.1 128.9 129.3 129.4 129.6 130.1 130.5 
P3Approach9 128.2 128 127.7 129.4 129.1 128.9 128.8 129.6 129.8 129.9 130.6 131.1 
P3Approach10 127.6 127.9 127.7 128.9 128.8 128.6 128.4 129.1 129.1 129.3 129.7 130.1 
P3Approach11 127.8 128 127.9 129.2 128.9 128.8 128.8 129.2 129.4 129.7 130.1 130.3 
P3Approach12 127.6 127.8 127.6 128.7 128.8 128.8 128.7 129.2 129.3 129.5 130 130.5 
P3Approach13 128.6 128.6 127.9 128.9 128.8 129 128.8 129.2 129.4 129.5 130 130.4 
P3Approach14 128.2 128.5 127.7 129 128.9 128.7 128.5 129.2 129.3 129.5 129.9 130.7 
P3Approach15 128.2 128 127.9 128.8 128.7 129.2 129 129.2 129.4 129.5 130 130.5 
P3Approach16 128.2 128 127.7 129.3 129.1 128.8 128.7 129.5 129.6 129.8 130.4 130.9 
P3Approach17 127.6 127.9 127.9 129.4 129.2 129.1 129 129.5 129.7 129.9 130.3 130.6 
P3Approach18 127.8 128 128 128.4 128.2 128.1 128 128.5 128.7 128.9 129.3 129.6 
P3Approach19 127.6 127.8 127.7 128.7 128.8 128.8 128.7 129.2 129.3 129.5 130 130.5 
P3Approach20 128.2 128.2 127.9 129 128.9 128.9 128.8 129.3 129.4 129.6 130.1 130.6 
IE
P3Approach1 108.5 108.6 109.1 109.4 108.9 110 109.6 110.6 109.6 109.2 108.7 108.7 
P3Approach2 108.4 108.8 109.2 109.5 108.9 110 109.5 110.5 109.6 109.2 108.7 108.7 
P3Approach3 111.2 111.6 108.9 109.7 108.6 109.8 109.1 110.6 109.1 108.8 108.2 108.5 
P3Approach4 109 108.1 109.5 109.5 107.8 109.5 109.4 110.7 109.5 108.4 107.7 108.2 
P3Approach5 109.6 108.3 109.4 109.4 109.3 110 109.4 110.1 109.6 109.3 109.2 109.3 
P3Approach6 109.3 109.1 109.2 109.5 108.7 109.9 109.4 110.5 109.5 109 108.5 108.7 
P3Approach7 109 108.9 109.2 109.5 108.8 109.9 109.5 110.5 109.5 109.1 108.6 108.7 
P3Approach8 108.9 108.4 109.3 109.4 108.7 109.9 109.5 110.5 109.6 109 108.6 108.7 
P3Approach9 108.8 108.4 109.3 109.5 108.3 109.8 109.5 110.7 109.5 108.8 108.2 108.5 
P3Approach10 108.4 108.7 109.1 109.5 108.9 110 109.5 110.5 109.6 109.2 108.7 108.7 
P3Approach11 108.6 108.7 109.2 109.7 109.2 110.2 109.8 110.8 109.8 109.5 109 109 
P3Approach12 108.4 108.5 109 109.2 108.8 109.9 109.5 110.5 109.5 109.1 108.6 108.7 
P3Approach13 109.3 109.1 109.2 109.5 108.8 109.9 109.5 110.5 109.6 109.1 108.6 108.7 
P3Approach14 109 109.2 109.1 109.5 108.8 110 109.5 110.6 109.5 109.1 108.6 108.7 
P3Approach15 108.9 108.4 109.3 109.4 108.8 109.9 109.5 110.4 109.6 109 108.6 108.8 
P3Approach16 108.8 108.4 109.3 109.4 108.5 109.8 109.5 110.6 109.6 108.9 108.3 108.5 
P3Approach17 108.4 108.7 109.2 109.9 109.4 110.5 110.1 111.1 110.1 109.7 109.2 109.2 
P3Approach18 108.6 108.7 109.3 108.9 108.4 109.5 109.1 110.1 109.1 108.7 108.2 108.2 
P3Approach19 108.4 108.5 109.1 109.2 108.8 109.9 109.5 110.5 109.5 109.1 108.6 108.7 
P3Approach20 108.9 108.8 109.2 109.5 108.8 109.9 109.5 110.5 109.5 109.1 108.6 108.7 
ES
P3Approach1 117.9 117.1 118.8 122.4 119.9 120.4 118.4 118.9 119.9 120.2 121.2 120.7 
P3Approach2 117.9 116.8 118.7 122.8 119.7 120.6 118.3 119 120 120.2 121.4 120.6 
P3Approach3 119.4 118.8 118.7 123.4 118.5 119.9 117.3 118.6 119.7 119.9 121.7 120.8 
P3Approach4 120.1 117.5 118.5 119.9 117.2 119.4 116.8 118.2 119 118.8 119.6 119 
P3Approach5 120 116.8 119.1 120.2 120.1 118.3 115.5 120 120.1 120 120.1 120.1 
P3Approach6 119.1 117.4 118.7 121.7 119.1 119.7 117.3 118.9 119.7 119.8 120.8 120.2 
P3Approach7 118.7 117.2 118.8 122.1 119.5 120.1 117.8 118.9 119.8 120 121 120.5 
P3Approach8 119 117 118.8 121.3 119.2 119.7 117.2 119 119.8 119.8 120.6 120.1 
P3Approach9 119 117.3 118.6 121.2 118.6 119.9 117.6 118.6 119.5 119.5 120.4 119.8 
P3Approach10 117.9 117 118.8 122.6 119.8 120.5 118.3 119 120 120.2 121.3 120.7 
P3Approach11 118 117.2 118.9 122.7 120.2 120.7 118.7 119.2 120.2 120.5 121.5 121 
P3Approach12 117.8 117 118.7 122.2 119.5 120.1 117.8 118.9 119.8 120 121 120.5 
P3Approach13 119.1 117.4 118.9 121.6 119.3 119.8 117.5 119 119.8 119.9 120.7 120.2 
P3Approach14 118.7 117.4 118.8 122.7 119.6 120.3 118.2 118.9 119.9 120.1 121.3 120.7 
P3Approach15 119 117 118.9 121.1 119.3 119.5 117 119.1 119.8 119.8 120.5 120 
P3Approach16 119 117.3 118.7 121.4 118.8 120 117.8 118.6 119.5 119.6 120.6 120 
P3Approach17 117.9 117 118.8 122.9 120.4 120.9 118.9 119.4 120.4 120.7 121.7 121.2 
P3Approach18 118 117.2 118.9 121.9 119.4 119.9 117.9 118.4 119.4 119.7 120.7 120.2 
P3Approach19 117.8 117 118.7 122.2 119.5 120.1 117.8 118.9 119.8 120 121 120.5 
P3Approach20 118.6 117.2 118.8 121.9 119.3 120 117.7 118.9 119.8 119.9 120.9 120.4 
P4
BE
P4Approach1 119.8 122.7 122.2 122.6 123 123.5 122.2 124.3 124.2 123.9 124 124.1 
P4Approach2 119.5 122.4 122 122.9 123.1 123.7 122.3 124.2 123.9 123.8 124.1 124.1 
P4Approach3 119.8 122.7 122.2 122.6 123 123.5 122.2 124.3 124.2 123.9 124 124.1 
P4Approach4 119.6 122.4 122 122.9 123.1 123.7 122.3 124.2 123.9 123.8 124.1 124.1 
P4Approach5 119.7 122.5 122.1 122.8 123.1 123.6 122.2 124.3 124.1 123.8 124.1 124.1 
P4Approach11 119.8 122.7 122.2 122.6 123 123.5 122.2 124.3 124.2 123.9 124 124.1 
P4Approach12 119.5 122.4 122 122.9 123.1 123.7 122.3 124.2 123.9 123.8 124.1 124.1 
P4Approach13 119.8 122.7 122.2 122.6 123 123.5 122.2 124.3 124.2 123.9 124 124.1 
P4Approach14 119.6 122.4 122 122.9 123.1 123.7 122.3 124.2 123.9 123.8 124.1 124.1 
P4Approach15 119.7 122.5 122.1 122.8 123.1 123.6 122.2 124.3 124.1 123.8 124.1 124.1 
P4Approach16 119.8 122.7 122.2 122.6 123 123.5 122.2 124.3 124.2 123.9 124 124.1 
P4Approach17 119.5 122.4 122 122.9 123.1 123.7 122.3 124.2 123.9 123.8 124.1 124.1 
P4Approach18 119.8 122.7 122.2 122.6 123 123.5 122.2 124.3 124.2 123.9 124 124.1 
P4Approach19 119.6 122.4 122 122.9 123.1 123.7 122.3 124.2 123.9 123.8 124.1 124.1 
P4Approach20 119.7 122.5 122.1 122.8 123.1 123.6 122.2 124.3 124.1 123.8 124.1 124.1 
FR
P4Approach1 115.1 115.7 115.4 115.6 115.9 116.3 116.1 116.6 116.3 116.4 116.2 116.6 
P4Approach2 115 115.6 115.6 115.8 116 116.5 116.1 116.6 116.3 116.3 116.1 116.6 
P4Approach3 115.2 115.8 115.4 115.6 115.9 116.3 116.1 116.6 116.3 116.4 116.2 116.6 
P4Approach4 115 115.6 115.6 115.8 116 116.5 116.1 116.6 116.3 116.3 116.1 116.6 
P4Approach5 115.1 115.7 115.5 115.7 115.9 116.4 116.1 116.6 116.3 116.3 116.2 116.6 
P4Approach16 115.1 115.7 115.4 115.6 115.9 116.3 116.1 116.6 116.3 116.4 116.2 116.6 
P4Approach17 115 115.6 115.6 115.8 116 116.5 116.1 116.6 116.3 116.3 116.1 116.6 
P4Approach18 115.2 115.8 115.4 115.6 115.9 116.3 116.1 116.6 116.3 116.4 116.2 116.6 
P4Approach19 115 115.6 115.6 115.8 116 116.5 116.1 116.6 116.3 116.3 116.1 116.6 
P4Approach20 115.1 115.7 115.5 115.7 115.9 116.4 116.1 116.6 116.3 116.3 116.2 116.6 
BG
P4Approach1 140.7 140.7 139.7 138.9 138.6 138.7 138.8 140.2 140.2 139.2 139.1 139 
P4Approach2 140.6 140.6 139.4 138.6 138.3 138.2 138.3 140.4 140.2 139 139.7 139.2 
P4Approach3 140.7 140.7 139.7 138.9 138.6 138.7 138.8 140.2 140.2 139.2 139.1 139 
P4Approach4 140.6 140.5 139.3 138.6 138.2 138.3 139.1 140 138.9 139 139 139.1 
P4Approach5 140.7 140.6 139.6 138.7 138.4 138.4 138.8 140.2 139.9 139.1 139.2 139.1 
DK
P4Approach1 117.3 118.1 117.9 117.7 117.9 118 117.7 118 118.3 117.6 117.7 117.6 
P4Approach2 117.1 117.8 117.8 117.7 117.8 118.1 118.1 117.9 118.1 117.6 117.7 117.7 
P4Approach3 117.3 118.2 117.9 117.7 117.9 118 117.9 118 118.3 117.6 117.7 117.6 
P4Approach4 117.1 117.8 117.8 117.7 117.8 118 118.1 117.9 118.2 117.7 117.6 117.7 
P4Approach5 117.2 118 117.8 117.7 117.8 118 117.9 117.9 118.2 117.6 117.7 117.7 
P4Approach6 117.3 118.1 117.9 117.7 117.9 118 117.7 118 118.3 117.6 117.7 117.6 
P4Approach7 117.1 117.8 117.8 117.7 117.8 118.1 118.1 117.9 118.1 117.6 117.7 117.7 
P4Approach8 117.3 118.2 117.9 117.7 117.9 118 117.9 118 118.3 117.6 117.7 117.6 
P4Approach9 117.1 117.8 117.8 117.7 117.8 118 118.1 117.9 118.2 117.7 117.6 117.7 
P4Approach10 117.2 118 117.8 117.7 117.8 118 117.9 117.9 118.2 117.6 117.7 117.7 
P4Approach11 117.3 118.1 117.9 117.7 117.9 118 117.7 118 118.3 117.6 117.7 117.6 
P4Approach12 117.1 117.8 117.8 117.7 117.8 118.1 118.1 117.9 118.1 117.6 117.7 117.7 
P4Approach13 117.3 118.2 117.9 117.7 117.9 118 117.9 118 118.3 117.6 117.7 117.6 
P4Approach14 117.1 117.8 117.8 117.7 117.8 118 118.1 117.9 118.2 117.7 117.6 117.7 
P4Approach15 117.2 118 117.8 117.7 117.8 118 117.9 117.9 118.2 117.6 117.7 117.7 
P4Approach16 117.3 118.1 117.9 117.7 117.9 118 117.7 118 118.3 117.6 117.7 117.6 
P4Approach17 117.1 117.8 117.8 117.7 117.8 118.1 118.1 117.9 118.1 117.6 117.7 117.7 
P4Approach18 117.3 118.2 117.9 117.7 117.9 118 117.9 118 118.3 117.6 117.7 117.6 
P4Approach19 117.1 117.8 117.8 117.7 117.8 118 118.1 117.9 118.2 117.7 117.6 117.7 
P4Approach20 117.2 118 117.8 117.7 117.8 118 117.9 117.9 118.2 117.6 117.7 117.7 
HR
P4Approach1 124.2 124.2 123.4 124 124.6 124.5 124.5 124.8 124.4 124.7 124.8 124.8 
P4Approach2 123.8 123.9 123.4 124.1 124.7 124.9 125.1 125.1 125 125 125.2 124.9 
P4Approach3 124.1 124.3 123.2 123.9 124.4 124.8 125.1 125.1 125.2 125 125.2 125 
P4Approach4 123.9 124.1 123.4 124.1 124.7 124.9 125.1 125.1 125 125 125.1 124.9 
P4Approach5 124 124.1 123.3 124 124.6 124.7 125 125 124.9 124.9 125.1 124.9 
DE
P4Approach1 115.9 116.9 116.1 116.4 116.1 116.7 117.1 117.1 116.9 116.9 117.2 117.7 
P4Approach2 115.6 116.3 116.2 116.6 116.2 116.5 116.9 117.1 116.9 117 117.3 117.4 
P4Approach3 115.9 116.9 116.1 116.4 116.1 116.7 117.1 117.1 116.9 116.9 117.2 117.7 
P4Approach4 115.5 116.3 116.2 116.7 116.2 116.5 116.9 117.1 116.9 117 117.3 117.3 
P4Approach5 115.7 116.6 116.2 116.5 116.1 116.6 117 117.1 116.9 116.9 117.3 117.5 
P4Approach11 115.9 116.9 116.1 116.4 116.1 116.7 117.1 117.1 116.9 116.9 117.2 117.7 
P4Approach12 115.6 116.3 116.2 116.6 116.2 116.5 116.9 117.1 116.9 117 117.3 117.4 
P4Approach13 115.9 116.9 116.1 116.4 116.1 116.7 117.1 117.1 116.9 116.9 117.2 117.7 
P4Approach14 115.5 116.3 116.2 116.7 116.2 116.5 116.9 117.1 116.9 117 117.3 117.3 
P4Approach15 115.7 116.6 116.2 116.5 116.1 116.6 117 117.1 116.9 116.9 117.3 117.5 
P4Approach16 115.9 116.9 116.1 116.4 116.1 116.7 117.1 117.1 116.9 116.9 117.2 117.7 
P4Approach17 115.6 116.3 116.2 116.6 116.2 116.5 116.9 117.1 116.9 117 117.3 117.4 
P4Approach18 115.9 116.9 116.1 116.4 116.1 116.7 117.1 117.1 116.9 116.9 117.2 117.7 
P4Approach19 115.5 116.3 116.2 116.7 116.2 116.5 116.9 117.1 116.9 117 117.3 117.3 
P4Approach20 115.7 116.6 116.2 116.5 116.1 116.6 117 117.1 116.9 116.9 117.3 117.5 
HU
P4Approach1 145.4 145.8 144.1 144.3 145.7 145.7 145.9 145.5 145.6 145.7 146.5 146.5 
P4Approach2 144.6 144.9 144.4 144.5 146.3 146.1 146.4 145.6 145.3 146.1 146.9 146.3 
P4Approach3 145.4 145.8 144.1 144.3 145.7 145.7 145.9 145.5 145.6 145.7 146.5 146.5 
P4Approach4 144.6 144.9 144.4 144.5 146.3 146.1 146.4 145.6 145.3 146.1 146.9 146.3 
P4Approach5 145 145.3 144.3 144.4 146 145.9 146.2 145.6 145.4 145.9 146.7 146.4 
FI
P4Approach1 121.6 122 121.6 122 122.1 122.1 121.6 122.1 122.5 122.3 122.4 122.5 
P4Approach2 121.2 121.5 121.6 121.9 122.2 122.2 122.1 122.1 122.3 122.5 122.7 122.6 
P4Approach3 121.6 122 121.6 122 122.2 122.2 121.7 122.1 122.5 122.4 122.4 122.5 
P4Approach4 121.2 121.5 121.6 121.9 122.2 122.2 122.1 122.1 122.3 122.5 122.7 122.6 
P4Approach5 121.4 121.7 121.6 122 122.2 122.2 121.9 122.1 122.4 122.4 122.5 122.6 
P4Approach6 121.6 122 121.6 122 122.1 122.1 121.6 122.1 122.5 122.3 122.4 122.5 
P4Approach7 121.2 121.5 121.6 121.9 122.2 122.2 122.1 122.1 122.3 122.5 122.7 122.6 
P4Approach8 121.6 122 121.6 122 122.2 122.2 121.7 122.1 122.5 122.4 122.4 122.5 
P4Approach9 121.2 121.5 121.6 121.9 122.2 122.2 122.1 122.1 122.3 122.5 122.7 122.6 
P4Approach10 121.4 121.7 121.6 122 122.2 122.2 121.9 122.1 122.4 122.4 122.5 122.6 
P4Approach11 121.6 122 121.6 122 122.1 122.1 121.6 122.1 122.5 122.3 122.4 122.5 
P4Approach12 121.2 121.5 121.6 121.9 122.2 122.2 122.1 122.1 122.3 122.5 122.7 122.6 
P4Approach13 121.6 122 121.6 122 122.2 122.2 121.7 122.1 122.5 122.4 122.4 122.5 
P4Approach14 121.2 121.5 121.6 121.9 122.2 122.2 122.1 122.1 122.3 122.5 122.7 122.6 
P4Approach15 121.4 121.7 121.6 122 122.2 122.2 121.9 122.1 122.4 122.4 122.5 122.6 
P4Approach16 121.6 122 121.6 122 122.1 122.1 121.6 122.1 122.5 122.3 122.4 122.5 
P4Approach17 121.2 121.5 121.6 121.9 122.2 122.2 122.1 122.1 122.3 122.5 122.7 122.6 
P4Approach18 121.6 122 121.6 122 122.2 122.2 121.7 122.1 122.5 122.4 122.4 122.5 
P4Approach19 121.2 121.5 121.6 121.9 122.2 122.2 122.1 122.1 122.3 122.5 122.7 122.6 
P4Approach20 121.4 121.7 121.6 122 122.2 122.2 121.9 122.1 122.4 122.4 122.5 122.6 
NL
P4Approach1 116.2 116.9 116.6 117.5 117.3 117 116.7 117.4 118.1 117.3 116.8 116.9 
P4Approach2 115.3 116.3 117.1 118.1 117.6 117.1 117.7 117 116.9 117.1 116.8 116.7 
P4Approach3 116.2 116.9 116.6 117.5 117.3 117 116.7 117.4 118.1 117.3 116.8 116.9 
P4Approach4 115.3 116.2 117.1 118.1 117.5 117.1 117.7 117 116.9 117.2 116.8 116.7 
P4Approach5 115.7 116.5 116.8 117.8 117.4 117 117.2 117.2 117.5 117.2 116.8 116.8 
PT
P4Approach1 115.7 116 116.5 117.2 117.6 117.8 118 117.9 118.5 118.4 118.3 117.8 
P4Approach2 115.2 115.2 116.3 117.8 118.2 118.3 118 117.5 118.2 118.5 118.3 117.4 
P4Approach3 115.7 116 116.5 117.2 117.6 117.8 118 117.9 118.5 118.4 118.3 117.8 
P4Approach4 115.2 115.1 116.4 117.7 118.2 118.3 118 117.6 118.3 118.5 118.3 117.5 
P4Approach5 115.4 115.6 116.4 117.5 117.9 118 118 117.7 118.4 118.4 118.3 117.6 
LV
P4Approach1 148.3 148.3 146.4 147.7 148.3 149.5 149 148.3 148.5 148.8 149.4 149.3 
P4Approach2 147.5 147.8 146.9 148.1 148.6 149.8 148.7 148.5 148.9 148.6 149.7 149.2 
P4Approach3 148.3 148.3 146.4 147.7 148.3 149.5 149 148.3 148.5 148.8 149.4 149.3 
P4Approach4 147.6 147.8 146.8 148.1 148.8 149.6 148.8 148.6 148.7 148.5 149.7 149.4 
P4Approach5 147.9 148 146.6 147.9 148.5 149.6 148.9 148.4 148.7 148.7 149.6 149.3 
EU28
P4Approach1 120.1 120.7 120.5 120.9 120.8 121.2 120.9 121.3 121.6 121.5 121.6 121.9 
P4Approach2 119.7 120.2 120.6 121.2 121.1 121.5 121 121.2 121.5 121.5 121.8 121.9 
P4Approach3 120.1 120.7 120.5 120.9 120.8 121.2 120.9 121.3 121.6 121.5 121.6 121.9 
P4Approach4 119.8 120.3 120.5 121.2 121 121.5 121 121.2 121.5 121.5 121.8 121.9 
P4Approach5 119.9 120.5 120.5 121 120.9 121.3 121 121.2 121.6 121.5 121.7 121.9 
P4Approach6 120.1 120.7 120.5 120.9 120.8 121.2 120.9 121.3 121.6 121.5 121.6 121.9 
P4Approach7 119.7 120.2 120.6 121.2 121.1 121.5 121 121.2 121.5 121.5 121.8 121.9 
P4Approach8 120.1 120.7 120.5 120.9 120.8 121.2 120.9 121.3 121.6 121.5 121.6 121.9 
P4Approach9 119.8 120.3 120.5 121.2 121 121.5 121 121.2 121.5 121.5 121.8 121.9 
P4Approach10 119.9 120.5 120.5 121 120.9 121.3 121 121.2 121.6 121.5 121.7 121.9 
P4Approach11 120.1 120.7 120.5 120.9 120.8 121.2 120.9 121.3 121.6 121.5 121.6 121.9 
P4Approach12 119.7 120.2 120.6 121.2 121.1 121.5 121 121.2 121.5 121.5 121.8 121.9 
P4Approach13 120.1 120.7 120.5 120.9 120.8 121.2 120.9 121.3 121.6 121.5 121.6 121.9 
P4Approach14 119.8 120.3 120.5 121.2 121 121.5 121 121.2 121.5 121.5 121.8 121.9 
P4Approach15 119.9 120.5 120.5 121 120.9 121.3 121 121.2 121.6 121.5 121.7 121.9 
P4Approach16 120.1 120.7 120.5 120.9 120.8 121.2 120.9 121.3 121.6 121.5 121.6 121.9 
P4Approach17 119.7 120.2 120.6 121.2 121.1 121.5 121 121.2 121.5 121.5 121.8 121.9 
P4Approach18 120.1 120.7 120.5 120.9 120.8 121.2 120.9 121.3 121.6 121.5 121.6 121.9 
P4Approach19 119.8 120.3 120.5 121.2 121 121.5 121 121.2 121.5 121.5 121.8 121.9 
P4Approach20 119.9 120.5 120.5 121 120.9 121.3 121 121.2 121.6 121.5 121.7 121.9 
LT
P4Approach1 139.4 139.3 138.3 140 140.9 140.6 140.4 139.2 139.4 140.1 140.8 141.3 
P4Approach2 138.7 138.7 138.7 140.3 141.1 140.6 140.5 139.1 139.6 140.6 140.9 141.2 
P4Approach3 139.1 139 138.1 139.8 141.1 140.8 140.8 139.5 139.5 140 140.8 141.3 
P4Approach4 138.5 138.6 138.7 140.5 141.3 140.6 140.5 138.9 139.3 140.6 140.9 141.2 
P4Approach5 138.9 138.9 138.4 140.1 141.1 140.7 140.6 139.2 139.5 140.3 140.8 141.2 
LU
P4Approach1 122.3 123.6 123 123.3 123.3 124 123.4 123.8 123.8 124.3 124.6 124.4 
P4Approach2 122.3 124.2 123.3 123.4 123.5 124.1 123.3 124.1 124.2 124.2 124.6 124.3 
P4Approach3 122.3 123.6 123 123.3 123.3 124 123.4 123.8 123.8 124.3 124.6 124.4 
P4Approach4 122.3 124.2 123.3 123.4 123.5 124.1 123.3 124.1 124.2 124.2 124.6 124.3 
P4Approach5 122.3 123.9 123.1 123.3 123.4 124.1 123.4 124 124 124.2 124.6 124.3 
RO
P4Approach1 153.7 153.7 151.8 152.2 151.9 152.1 152.3 151.7 151.6 152.1 152.7 152.7 
P4Approach2 153.7 153.9 151.9 152.3 152.2 152.2 152.2 151.8 151.7 151.9 152.8 152.7 
P4Approach3 153.3 153.2 151.9 152.2 152.1 152.7 152.4 152 151.9 151.8 152.7 152.7 
P4Approach4 153.5 153.7 151.9 152.3 152.2 152.9 152.3 152 151.9 151.8 152.9 152.7 
P4Approach5 153.5 153.6 151.9 152.2 152.1 152.5 152.3 151.9 151.8 151.9 152.8 152.7 
PL
P4Approach1 124.5 124.5 124 124.2 124.5 124.5 124.5 124 124.1 124.4 124.8 124.7 
P4Approach2 124.1 124 124.1 124.2 124.6 124.7 124.8 124.1 124 124.3 124.9 124.7 
P4Approach3 124.5 124.5 124 124.2 124.5 124.5 124.5 124 124.1 124.4 124.8 124.7 
P4Approach4 124.1 124 124.1 124.2 124.6 124.7 124.8 124.1 124 124.3 124.9 124.7 
P4Approach5 124.3 124.3 124.1 124.2 124.5 124.6 124.7 124.1 124.1 124.3 124.8 124.7 
P4Approach6 124.5 124.5 124 124.2 124.5 124.5 124.5 124 124.1 124.4 124.8 124.7 
P4Approach7 124.1 124 124.1 124.2 124.6 124.7 124.8 124.1 124 124.3 124.9 124.7 
P4Approach8 124.5 124.5 124 124.2 124.5 124.5 124.5 124 124.1 124.4 124.8 124.7 
P4Approach9 124.1 124 124.1 124.2 124.6 124.7 124.8 124.1 124 124.3 124.9 124.7 
P4Approach10 124.3 124.3 124.1 124.2 124.5 124.6 124.7 124.1 124.1 124.3 124.8 124.7 
P4Approach11 124.5 124.5 124 124.2 124.5 124.5 124.5 124 124.1 124.4 124.8 124.7 
P4Approach12 124.1 124 124.1 124.2 124.6 124.7 124.8 124.1 124 124.3 124.9 124.7 
P4Approach13 124.5 124.5 124 124.2 124.5 124.5 124.5 124 124.1 124.4 124.8 124.7 
P4Approach14 124.1 124 124.1 124.2 124.6 124.7 124.8 124.1 124 124.3 124.9 124.7 
P4Approach15 124.3 124.3 124.1 124.2 124.5 124.6 124.7 124.1 124.1 124.3 124.8 124.7 
P4Approach16 124.5 124.5 124 124.2 124.5 124.5 124.5 124 124.1 124.4 124.8 124.7 
P4Approach17 124.1 124 124.1 124.2 124.6 124.7 124.8 124.1 124 124.3 124.9 124.7 
P4Approach18 124.5 124.5 124 124.2 124.5 124.5 124.5 124 124.1 124.4 124.8 124.7 
P4Approach19 124.1 124 124.1 124.2 124.6 124.7 124.8 124.1 124 124.3 124.9 124.7 
P4Approach20 124.3 124.3 124.1 124.2 124.5 124.6 124.7 124.1 124.1 124.3 124.8 124.7 
EL
P4Approach1 117.5 116.2 118.9 118.6 118.4 118.8 118.1 117.3 119.3 119.9 119.6 119 
P4Approach2 117.2 116.4 119 118.3 118.5 119.8 119.5 118.2 119.9 119.7 120 118.4 
P4Approach3 117.5 116.2 118.9 118.7 118.4 118.8 118.1 117.3 119.3 119.9 119.6 119 
P4Approach4 117.2 116.4 118.8 118.3 118.4 119.5 119.5 118.1 119.8 120.2 120 118.3 
P4Approach5 117.3 116.3 118.9 118.5 118.4 119.2 118.8 117.7 119.6 119.9 119.8 118.7 
EE
P4Approach1 142.4 141.9 144.2 145.6 145.4 146 146.7 146.5 146.6 146.7 145.6 145.7 
P4Approach2 142.6 142.6 144.6 145.6 145.2 145.8 146.5 146.3 146.3 146.9 145.4 145.8 
P4Approach3 142.4 141.9 144.2 145.6 145.4 146 146.7 146.5 146.6 146.7 145.6 145.7 
P4Approach4 142.6 142.4 144.8 145.6 145.3 146 146.7 146.3 146.4 146.8 145.4 145.9 
P4Approach5 142.5 142.2 144.4 145.6 145.3 145.9 146.7 146.4 146.5 146.7 145.5 145.8 
IT
P4Approach1 117.3 117.3 119.7 119.9 119.8 120 117.5 117.8 119.9 121 120 120.1 
P4Approach2 117.2 117.4 119.6 120 119.9 120.3 117.9 118.1 120 120.9 120.1 120.2 
P4Approach3 117.3 117.3 119.7 119.9 119.8 120 117.5 117.8 119.9 121 120 120.1 
P4Approach4 117.3 117.5 119.6 120 119.9 120.3 117.9 118.1 120 120.8 120 120.2 
P4Approach5 117.3 117.4 119.6 120 119.8 120.1 117.7 117.9 120 120.9 120 120.2 
P4Approach16 117.3 117.3 119.7 119.9 119.8 120 117.5 117.8 119.9 121 120 120.1 
P4Approach17 117.2 117.4 119.6 120 119.9 120.3 117.9 118.1 120 120.9 120.1 120.2 
P4Approach18 117.3 117.3 119.7 119.9 119.8 120 117.5 117.8 119.9 121 120 120.1 
P4Approach19 117.3 117.5 119.6 120 119.9 120.3 117.9 118.1 120 120.8 120 120.2 
P4Approach20 117.3 117.4 119.6 120 119.8 120.1 117.7 117.9 120 120.9 120 120.2 
CZ
P4Approach1 123.2 123 122.7 122.9 123.8 123.5 123.7 123.8 123.4 123.5 123.7 124.4 
P4Approach2 122 122.1 123.1 123.1 124.1 123.4 123.5 124.1 124.1 123.5 123.7 124.3 
P4Approach3 123.1 123 122.7 122.9 123.8 123.5 123.7 123.8 123.4 123.5 123.7 124.4 
P4Approach4 122 122.1 123.1 123.1 124.1 123.4 123.5 124.1 124.1 123.5 123.7 124.3 
P4Approach5 122.6 122.6 122.9 123 124 123.5 123.6 123.9 123.8 123.5 123.7 124.3 
CY
P4Approach1 115.2 115.4 114.9 115.5 115.8 116.7 115.8 118.3 119.3 119 116.9 115.8 
P4Approach2 115.2 115.7 114.2 115.5 116 117 116.5 118.6 118 117.9 116.1 115 
P4Approach3 115.2 115.4 114.9 115.5 115.8 116.5 115.8 118.3 119.3 119 116.9 115.8 
P4Approach4 115.2 115.7 114.8 115.2 116.2 117.2 116.6 118.5 117.9 117.9 116.1 115.5 
P4Approach5 115.2 115.6 114.7 115.4 115.9 116.9 116.1 118.4 118.6 118.5 116.5 115.5 
AT
P4Approach1 121.5 122.3 123 122.7 122.5 122.5 121.9 122.1 123.1 123.1 123.4 124 
P4Approach2 121.4 121.8 122.5 122.6 122.6 122.7 122.1 122.1 123 123.3 123.7 124.2 
P4Approach3 121.5 122.3 123 122.7 122.6 122.5 121.9 122.1 123.1 123.1 123.4 124 
P4Approach4 121.4 121.8 122.6 122.6 122.7 122.7 122.1 122.1 123 123.2 123.7 124.2 
P4Approach5 121.4 122 122.8 122.7 122.6 122.6 122 122.1 123 123.2 123.6 124.1 
IE
P4Approach1 108.2 108.9 108.9 109 109.3 109.8 110.1 110.5 110.6 109.3 108.9 108.9 
P4Approach2 108.5 109 109 108.7 109.5 110 110.4 110.5 110.2 109.2 108.7 108.7 
P4Approach3 108.2 108.9 108.9 109 109.3 109.8 110.1 110.5 110.6 109.3 108.9 108.9 
P4Approach4 108.5 109 109 108.7 109.4 110 110.4 110.5 110.2 109.2 108.7 108.7 
P4Approach5 108.4 108.9 108.9 108.9 109.4 109.9 110.3 110.5 110.4 109.3 108.8 108.8 
P4Approach16 108.2 108.9 108.9 109 109.3 109.8 110.1 110.5 110.6 109.3 108.9 108.9 
P4Approach17 108.5 109 109 108.7 109.5 110 110.4 110.5 110.2 109.2 108.7 108.7 
P4Approach18 108.2 108.9 108.9 109 109.3 109.8 110.1 110.5 110.6 109.3 108.9 108.9 
P4Approach19 108.5 109 109 108.7 109.4 110 110.4 110.5 110.2 109.2 108.7 108.7 
P4Approach20 108.4 108.9 108.9 108.9 109.4 109.9 110.3 110.5 110.4 109.3 108.8 108.8 
ES
P4Approach1 118.2 118.5 118.7 119.3 119.3 119.7 118.9 119.4 120.4 120.2 120.6 120.7 
P4Approach2 117.7 117.7 118.8 119.8 119.9 120.4 119 118.9 119.7 120.2 121.2 120.7 
P4Approach3 118.2 118.5 118.7 119.3 119.3 119.7 118.9 119.4 120.4 120.2 120.6 120.7 
P4Approach4 117.7 117.7 118.8 119.8 119.9 120.4 119 118.9 119.7 120.2 121.2 120.7 
P4Approach5 117.9 118.1 118.7 119.5 119.6 120.1 119 119.1 120 120.2 120.9 120.7 
EA19
P4Approach1 116.9 117.6 117.8 118 118 118.3 117.9 118.2 118.7 118.7 118.7 118.9 
P4Approach2 116.6 117.2 117.8 118.3 118.2 118.6 118 118.2 118.6 118.7 118.8 118.9 
P4Approach3 116.9 117.6 117.8 118 118 118.3 117.9 118.2 118.7 118.7 118.7 118.9 
P4Approach4 116.6 117.2 117.8 118.3 118.2 118.6 118 118.2 118.6 118.7 118.8 118.9 
P4Approach5 116.8 117.4 117.8 118.2 118.1 118.5 118 118.2 118.6 118.7 118.7 118.9 
P4Approach6 116.9 117.6 117.8 118 118 118.3 117.9 118.2 118.7 118.7 118.7 118.9 
P4Approach7 116.6 117.2 117.8 118.3 118.2 118.6 118 118.2 118.6 118.7 118.8 118.9 
P4Approach8 116.9 117.6 117.8 118 118 118.3 117.9 118.2 118.7 118.7 118.7 118.9 
P4Approach9 116.6 117.2 117.8 118.3 118.2 118.6 118 118.2 118.6 118.7 118.8 118.9 
P4Approach10 116.8 117.4 117.8 118.2 118.1 118.5 118 118.2 118.6 118.7 118.7 118.9 
P4Approach11 116.9 117.6 117.8 118 118 118.3 117.9 118.2 118.7 118.7 118.7 118.9 
P4Approach12 116.6 117.2 117.8 118.3 118.2 118.6 118 118.2 118.6 118.7 118.8 118.9 
P4Approach13 116.9 117.6 117.8 118 118 118.3 117.9 118.2 118.7 118.7 118.7 118.9 
P4Approach14 116.6 117.2 117.8 118.3 118.2 118.6 118 118.2 118.6 118.7 118.8 118.9 
P4Approach15 116.8 117.4 117.8 118.2 118.1 118.5 118 118.2 118.6 118.7 118.7 118.9 
P4Approach16 116.9 117.6 117.8 118 118 118.3 117.9 118.2 118.7 118.7 118.7 118.9 
P4Approach17 116.6 117.2 117.8 118.3 118.2 118.6 118 118.2 118.6 118.7 118.8 118.9 
P4Approach18 116.9 117.6 117.8 118 118 118.3 117.9 118.2 118.7 118.7 118.7 118.9 
P4Approach19 116.6 117.2 117.8 118.3 118.2 118.6 118 118.2 118.6 118.7 118.8 118.9 
P4Approach20 116.8 117.4 117.8 118.2 118.1 118.5 118 118.2 118.6 118.7 118.7 118.9 
SK
P4Approach1 123 123.1 121.4 121.5 121.9 121.8 122 121.4 121.3 121.5 121.7 121.8 
P4Approach2 122 121.9 121.7 121.7 122.3 122 121.9 121.4 121.2 121.6 121.9 121.8 
P4Approach3 123 123.1 121.4 121.5 121.9 121.8 122 121.4 121.3 121.5 121.7 121.8 
P4Approach4 122 121.9 121.7 121.7 122.2 122.1 122 121.5 121.4 121.6 121.8 121.7 
P4Approach5 122.5 122.5 121.5 121.6 122.1 121.9 122 121.4 121.3 121.5 121.8 121.8 
P4Approach16 123 123.1 121.4 121.5 121.9 121.8 122 121.4 121.3 121.5 121.7 121.8 
P4Approach17 122 121.9 121.7 121.7 122.3 122 121.9 121.4 121.2 121.6 121.9 121.8 
P4Approach18 123 123.1 121.4 121.5 121.9 121.8 122 121.4 121.3 121.5 121.7 121.8 
P4Approach19 122 121.9 121.7 121.7 122.2 122.1 122 121.5 121.4 121.6 121.8 121.7 
P4Approach20 122.5 122.5 121.5 121.6 122.1 121.9 122 121.4 121.3 121.5 121.8 121.8 
MT
P4Approach1 119 119.5 120.9 124 125.1 125.9 126 126.6 125.8 125.5 122.4 122.2 
P4Approach2 119.4 120.1 121 124 125.3 126.5 126.7 126.9 126.1 125.2 122 121.7 
P4Approach3 119 119.5 121 124 125.1 125.9 126 126.6 125.8 125.5 122.4 122.2 
P4Approach4 119.4 120.1 121 124 125.3 126.5 126.7 126.9 126.1 125.2 122 121.7 
P4Approach5 119.2 119.8 121 124 125.2 126.2 126.3 126.8 126 125.4 122.2 122 
SI
P4Approach1 122.5 122.6 121.7 122.5 123 123.3 124 122.9 122.9 123.4 123.9 123.6 
P4Approach2 122.2 122.4 121.8 122.3 123 123.7 124.1 122.9 123 123.5 124.2 123.9 
P4Approach3 122.5 122.6 121.7 122.5 123 123.3 124 122.9 122.9 123.4 123.9 123.4 
P4Approach4 122.2 122.4 121.6 122.4 122.9 123.9 124.3 122.9 122.9 123.6 124.2 124 
P4Approach5 122.4 122.5 121.7 122.4 123 123.6 124.1 122.9 122.9 123.5 124.1 123.7 
UK
P4Approach1 128.5 128.1 127.8 128.6 128.5 128.5 128.1 129.2 129.4 129.4 129.6 130.1 
P4Approach2 128.4 127.9 127.9 128.5 128.3 128.6 128.5 129.2 129.2 129.3 129.5 129.9 
P4Approach3 128.5 128.2 127.8 128.6 128.5 128.5 128.1 129.2 129.4 129.4 129.6 130.1 
P4Approach4 128.4 127.9 127.9 128.5 128.3 128.6 128.5 129.2 129.1 129.3 129.5 129.9 
P4Approach5 128.5 128 127.9 128.6 128.4 128.6 128.3 129.2 129.3 129.4 129.6 130 
P4Approach6 128.5 128.1 127.8 128.6 128.5 128.5 128.1 129.2 129.4 129.4 129.6 130.1 
P4Approach7 128.4 127.9 127.9 128.5 128.3 128.6 128.5 129.2 129.2 129.3 129.5 129.9 
P4Approach8 128.5 128.2 127.8 128.6 128.5 128.5 128.1 129.2 129.4 129.4 129.6 130.1 
P4Approach9 128.4 127.9 127.9 128.5 128.3 128.6 128.5 129.2 129.1 129.3 129.5 129.9 
P4Approach10 128.5 128 127.9 128.6 128.4 128.6 128.3 129.2 129.3 129.4 129.6 130 
P4Approach11 128.5 128.1 127.8 128.6 128.5 128.5 128.1 129.2 129.4 129.4 129.6 130.1 
P4Approach12 128.4 127.9 127.9 128.5 128.3 128.6 128.5 129.2 129.2 129.3 129.5 129.9 
P4Approach13 128.5 128.2 127.8 128.6 128.5 128.5 128.1 129.2 129.4 129.4 129.6 130.1 
P4Approach14 128.4 127.9 127.9 128.5 128.3 128.6 128.5 129.2 129.1 129.3 129.5 129.9 
P4Approach15 128.5 128 127.9 128.6 128.4 128.6 128.3 129.2 129.3 129.4 129.6 130 
P4Approach16 128.5 128.1 127.8 128.6 128.5 128.5 128.1 129.2 129.4 129.4 129.6 130.1 
P4Approach17 128.4 127.9 127.9 128.5 128.3 128.6 128.5 129.2 129.2 129.3 129.5 129.9 
P4Approach18 128.5 128.2 127.8 128.6 128.5 128.5 128.1 129.2 129.4 129.4 129.6 130.1 
P4Approach19 128.4 127.9 127.9 128.5 128.3 128.6 128.5 129.2 129.1 129.3 129.5 129.9 
P4Approach20 128.5 128 127.9 128.6 128.4 128.6 128.3 129.2 129.3 129.4 129.6 130 
SE
P4Approach1 114.7 115.5 115.6 116.1 116.1 116 115.9 116.2 116.9 116.6 116.7 117.1 
P4Approach2 114.5 115.2 115.3 116.1 116.1 116.1 116.2 116.3 116.6 116.5 116.7 117.1 
P4Approach3 114.7 115.5 115.6 116.1 116.1 116 115.9 116.2 116.9 116.6 116.7 117.1 
P4Approach4 114.5 115.2 115.3 116.1 116.1 116.1 116.2 116.3 116.6 116.5 116.7 117.1 
P4Approach5 114.6 115.3 115.5 116.1 116.1 116.1 116.1 116.2 116.7 116.5 116.7 117.1 
P4Approach16 114.7 115.5 115.6 116.1 116.1 116 115.9 116.2 116.9 116.6 116.7 117.1 
P4Approach17 114.5 115.2 115.3 116.1 116.1 116.1 116.2 116.3 116.6 116.5 116.7 117.1 
P4Approach18 114.7 115.5 115.6 116.1 116.1 116 115.9 116.2 116.9 116.6 116.7 117.1 
P4Approach19 114.5 115.2 115.3 116.1 116.1 116.1 116.2 116.3 116.6 116.5 116.7 117.1 
P4Approach20 114.6 115.3 115.5 116.1 116.1 116.1 116.1 116.2 116.7 116.5 116.7 117.1 
P5
EA-18
P5Approach1 116.2 118.3 117.9 118.2 118.2 118.4 117.9 117.9 118.3 118.5 118.5 118.7 
P5Approach2 116.3 118.5 117.8 118.4 118.3 118.6 118.0 118.1 118.4 118.8 118.8 118.8 
P5Approach3 116.1 116.8 118.0 118.0 118.3 118.3 117.7 117.8 118.1 118.5 118.4 118.5 
P5Approach4 116.1 116.9 118.0 118.0 118.3 118.3 117.7 117.8 118.1 118.6 118.5 118.5 
P5Approach5 116.1 116.8 117.9 118.0 118.2 118.2 117.6 117.8 118.1 118.5 118.4 118.4 
P5Approach6 116.1 116.8 118.0 118.0 118.2 118.2 117.6 117.8 118.1 118.5 118.4 118.5 
P5Approach7 116.1 116.8 117.9 117.9 118.2 118.2 117.6 117.7 118.1 118.5 118.4 118.4 
P5Approach8 116.1 116.8 117.9 118.0 118.3 118.2 117.6 117.8 118.1 118.5 118.4 118.4 
P5Approach9 116.1 116.8 117.9 118.0 118.2 118.2 117.6 117.8 118.1 118.5 118.4 118.4 
P5Approach10 116.1 116.8 117.9 118.0 118.2 118.2 117.6 117.8 118.1 118.5 118.4 118.4 
P5Approach11 116.0 116.7 117.9 118.0 118.1 118.1 117.6 117.7 118.1 118.4 118.3 118.5 
P5Approach12 116.1 116.8 117.9 118.0 118.3 118.3 117.6 117.8 118.1 118.5 118.4 118.4 
P5Approach13 116.1 116.8 118.0 118.1 118.3 118.3 117.7 117.9 118.2 118.6 118.4 118.5 
P5Approach14 116.1 117.0 117.9 118.1 118.2 118.3 117.7 117.8 118.1 118.6 118.4 118.5 
P5Approach15 116.1 116.9 117.8 118.1 118.3 118.4 117.8 117.8 118.3 118.6 118.5 118.7 
FR
P5Approach1 114.6 116.2 115.7 116.0 116.2 116.4 116.2 116.5 116.1 116.4 116.1 116.3 
P5Approach2 114.9 116.7 115.6 115.9 116.1 116.4 116.2 116.6 116.2 116.4 116.2 116.6 
P5Approach3 114.2 115.2 115.7 115.8 116.1 116.0 115.7 116.4 115.9 116.1 115.9 116.4 
P5Approach4 114.1 115.1 115.6 115.7 116.0 115.8 115.5 116.3 115.9 116.0 115.9 116.2 
P5Approach5 114.2 115.2 115.7 115.8 116.1 116.0 115.7 116.4 116.0 116.1 115.9 116.4 
P5Approach6 114.1 115.1 115.7 115.8 116.0 116.0 115.6 116.3 115.9 116.1 115.9 116.3 
P5Approach7 114.1 115.2 115.7 115.8 116.1 116.0 115.7 116.4 115.9 116.1 115.9 116.3 
P5Approach8 114.1 115.1 115.7 115.8 116.0 116.0 115.6 116.3 115.9 116.1 115.9 116.3 
P5Approach9 114.1 115.1 115.6 115.7 116.0 115.9 115.6 116.3 115.8 116.1 115.9 116.3 
P5Approach10 114.1 115.1 115.7 115.8 116.0 116.0 115.6 116.3 115.8 115.8 115.6 116.1 
P5Approach11 114.1 115.1 115.5 115.8 116.0 116.1 115.7 116.3 115.9 116.1 116.0 116.1 
P5Approach12 114.1 115.1 115.6 115.7 116.0 116.0 115.6 116.3 115.9 116.1 115.9 116.3 
P5Approach13 114.1 115.2 115.7 115.8 116.0 116.0 115.7 116.4 115.9 116.1 115.9 116.4 
P5Approach14 114.1 115.1 115.7 115.8 116.1 116.0 115.7 116.4 116.0 116.1 115.9 116.4 
P5Approach15 114.2 115.3 115.7 115.8 116.1 116.1 115.7 116.4 115.9 116.1 115.9 116.3 
P5Approach16 114.2 115.6 115.7 115.8 116.2 116.4 116.2 116.5 116.1 116.4 116.0 116.3 
DE
P5Approach1 115.0 116.7 116.3 116.7 116.3 116.5 117.1 117.1 116.8 117.0 117.3 117.2 
P5Approach2 115.1 117.0 116.4 116.8 116.3 116.4 117.1 117.3 117.0 117.0 117.5 117.5 
P5Approach3 114.9 116.1 116.6 116.5 116.3 116.2 116.8 116.9 116.5 116.8 117.0 117.3 
P5Approach4 114.9 116.0 116.5 116.5 116.3 116.2 116.8 116.9 116.6 116.8 117.0 117.3 
P5Approach5 114.9 116.1 116.6 116.5 116.3 116.3 116.8 116.9 116.6 116.8 117.1 117.3 
P5Approach6 114.9 116.1 116.6 116.5 116.3 116.3 116.8 116.9 116.6 116.8 117.0 117.3 
P5Approach7 114.9 116.1 116.6 116.5 116.3 116.2 116.8 116.9 116.5 116.7 117.0 117.3 
P5Approach8 114.9 116.1 116.5 116.5 116.2 116.2 116.7 116.9 116.5 116.8 117.0 117.3 
P5Approach9 114.9 116.1 116.5 116.5 116.3 116.2 116.7 116.9 116.5 116.8 117.0 117.3 
P5Approach10 114.9 116.0 116.5 116.5 116.3 116.2 116.7 116.9 116.5 116.8 117.0 117.2 
P5Approach11 114.9 116.1 116.5 116.5 116.3 116.2 116.8 116.9 116.6 116.8 117.0 117.3 
P5Approach12 115.0 116.1 116.5 116.5 116.3 116.3 116.8 117.0 116.6 116.7 116.9 117.2 
P5Approach13 114.9 116.1 116.6 116.5 116.3 116.3 116.8 116.9 116.6 116.8 117.0 117.3 
P5Approach14 114.9 116.0 116.5 116.5 116.3 116.2 116.8 116.9 116.5 116.7 117.0 117.3 
P5Approach15 114.9 116.0 116.6 116.5 116.3 116.3 116.8 116.9 116.6 116.8 117.0 117.3 
P5Approach16 114.9 116.2 116.5 116.5 116.3 116.3 116.8 117.0 116.6 116.8 117.1 117.3 
P5Approach17 114.9 116.1 116.6 116.5 116.3 116.3 116.8 116.9 116.5 116.8 117.0 117.3 
IT
P5Approach1 117.1 119.9 119.5 120.0 120.1 120.3 118.0 118.2 120.0 121.0 120.2 120.3 
P5Approach2 117.2 120.0 119.6 120.1 120.1 120.4 118.0 118.2 120.0 121.0 120.1 120.3 
P5Approach3 117.0 117.3 119.8 120.0 120.1 120.1 117.8 117.8 119.7 120.5 120.0 119.9 
P5Approach4 117.0 117.3 119.8 119.9 120.1 120.1 117.7 117.8 119.7 120.5 120.0 119.9 
P5Approach5 117.0 117.3 119.8 119.9 120.1 120.1 117.7 117.8 119.7 120.5 120.0 119.9 
P5Approach6 117.0 117.4 119.8 119.9 120.1 120.1 117.8 117.8 119.7 120.5 120.0 119.9 
P5Approach7 117.0 117.3 119.8 119.9 120.1 120.1 117.7 117.8 119.7 120.4 120.0 119.9 
P5Approach8 117.0 117.3 119.8 119.9 120.1 120.1 117.8 117.8 119.7 120.5 120.0 119.9 
P5Approach9 117.0 117.3 119.8 119.9 120.1 120.1 117.8 117.8 119.7 120.4 119.9 119.9 
P5Approach10 117.0 117.3 119.8 119.9 120.1 120.0 117.7 117.8 119.7 120.5 120.0 119.9 
P5Approach11 117.0 117.3 119.7 120.0 120.1 120.2 117.7 117.8 119.8 120.6 120.0 119.9 
P5Approach12 117.0 117.3 119.8 119.9 120.1 120.1 117.7 117.8 119.7 120.4 119.9 119.9 
P5Approach13 117.0 117.2 119.8 119.9 120.1 120.1 117.8 117.8 119.8 120.5 120.0 119.9 
P5Approach14 117.0 117.3 119.8 120.0 120.1 120.1 117.8 117.8 119.8 120.5 120.0 119.9 
P5Approach15 117.0 117.7 119.7 120.0 120.1 120.1 117.8 117.8 119.8 120.6 120.0 120.0 
P5Approach16 117.0 119.3 119.8 119.9 120.1 120.2 117.8 118.1 119.8 120.5 120.0 120.3 
UK
P5Approach1 127.4 128.0 128.3 128.7 128.6 128.7 128.7 129.4 129.3 130.0 129.9 130.4 
P5Approach2 127.4 128.0 128.4 128.6 128.5 128.6 128.6 129.2 129.0 129.7 129.5 130.0 
P5Approach3 127.1 127.5 127.7 128.4 128.4 128.4 128.4 129.0 128.8 129.4 129.3 129.8 
P5Approach4 127.1 127.5 127.7 128.4 128.4 128.4 128.4 129.1 128.8 129.4 129.4 129.9 
P5Approach5 127.1 127.5 127.8 128.3 128.5 128.5 128.4 129.1 128.8 129.2 129.4 129.9 
P5Approach6 127.0 127.4 127.7 128.4 128.4 128.4 128.3 128.9 128.7 129.3 129.3 129.8 
P5Approach7 127.0 127.4 127.5 128.3 128.4 128.4 128.3 129.0 128.7 129.2 129.2 129.7 
P5Approach8 127.1 127.5 127.7 128.4 128.5 128.4 128.3 129.0 128.8 129.3 129.3 129.8 
P5Approach9 127.1 127.5 127.7 128.4 128.4 128.4 128.4 129.0 128.8 129.3 129.3 129.8 
P5Approach10 127.0 127.4 127.6 128.4 128.4 128.4 128.3 129.0 128.7 129.2 129.2 129.8 
P5Approach11 127.1 127.5 127.9 128.4 128.5 128.5 128.4 129.2 128.9 129.5 129.6 130.0 
P5Approach12 127.0 127.3 127.6 128.3 128.4 128.4 128.3 129.0 128.7 129.3 129.2 129.8 
P5Approach13 127.0 127.4 127.6 128.4 128.4 128.4 128.3 129.0 128.8 129.3 129.3 129.8 
P5Approach14 127.2 127.6 127.8 128.6 128.4 128.5 128.5 129.2 128.9 129.5 129.4 130.0 
P5Approach15 127.0 127.3 127.5 128.3 128.4 128.4 128.3 129.0 128.8 129.3 129.3 129.8 
P5Approach16 127.1 127.5 127.8 128.4 128.5 128.4 128.4 129.1 128.8 129.4 129.4 129.9 
P5Approach17 127.1 127.6 127.8 128.5 128.4 128.4 128.5 129.1 128.8 129.5 129.4 129.9 
