P4
BE
P4Approach1 122.271 122.2077 122.9399 122.8479 123.0825 121.5121 123.4574 123.032 123.3641 123.3775 123.6576 
 (0.3017) (0.2393) (0.242) (0.2398) (0.2381) (0.2319) (0.2404) (0.2906) (0.2405) (0.2436) (0.2458) 
P4Approach2 122.2162 122.1581 122.9905 123.0086 123.233 121.4766 123.5743 123.1108 123.2892 123.3281 123.5342 
 (0.3017) (0.2393) (0.242) (0.2398) (0.2381) (0.2319) (0.2404) (0.2906) (0.2405) (0.2436) (0.2458) 
P4Approach3 122.271 122.2077 122.9399 122.8479 123.0825 121.5121 123.4574 123.032 123.3641 123.3775 123.6576 
 (0.3017) (0.2393) (0.242) (0.2398) (0.2381) (0.2319) (0.2404) (0.2906) (0.2405) (0.2436) (0.2458) 
P4Approach4 122.2162 122.1581 122.9905 123.0086 123.233 121.4415 123.5743 123.1108 123.2892 123.2902 123.5342 
 (0.3017) (0.2393) (0.242) (0.2398) (0.2381) (0.2319) (0.2404) (0.2906) (0.2405) (0.2436) (0.2458) 
P4Approach5 122.2436 122.1829 122.9652 122.9282 123.1577 121.4856 123.5159 123.0714 123.3266 123.3433 123.5959 
 (0.3017) (0.2393) (0.242) (0.2398) (0.2381) (0.2319) (0.2404) (0.2906) (0.2405) (0.2436) (0.2458) 
P4Approach6 122.271 122.2077 122.9399 122.8479 123.0825 121.5121 123.4574 123.032 123.3641 123.3775 123.6576 
 (0.3017) (0.2393) (0.242) (0.2398) (0.2381) (0.2319) (0.2404) (0.2906) (0.2405) (0.2436) (0.2458) 
P4Approach7 122.2162 122.1581 122.9905 123.0086 123.233 121.4766 123.5743 123.1108 123.2892 123.3281 123.5342 
 (0.3017) (0.2393) (0.242) (0.2398) (0.2381) (0.2319) (0.2404) (0.2906) (0.2405) (0.2436) (0.2458) 
P4Approach8 122.271 122.2077 122.9399 122.8479 123.0825 121.5121 123.4574 123.032 123.3641 123.3775 123.6576 
 (0.3017) (0.2393) (0.242) (0.2398) (0.2381) (0.2319) (0.2404) (0.2906) (0.2405) (0.2436) (0.2458) 
P4Approach9 122.2162 122.1581 122.9905 123.0086 123.233 121.4415 123.5743 123.1108 123.2892 123.2902 123.5342 
 (0.3017) (0.2393) (0.242) (0.2398) (0.2381) (0.2319) (0.2404) (0.2906) (0.2405) (0.2436) (0.2458) 
P4Approach10 122.2436 122.1829 122.9652 122.9282 123.1577 121.4856 123.5159 123.0714 123.3266 123.3433 123.5959 
 (0.3017) (0.2393) (0.242) (0.2398) (0.2381) (0.2319) (0.2404) (0.2906) (0.2405) (0.2436) (0.2458) 
FR
P4Approach1 114.4914 114.6912 114.7169 114.9525 115.144 114.615 115.2818 114.8892 115.185 114.9879 115.359 
 (0.3123) (0.2407) (0.2379) (0.2373) (0.2389) (0.2371) (0.2368) (0.3134) (0.2338) (0.2153) (0.2139) 
P4Approach2 114.3221 114.8459 114.8703 115.1231 115.277 114.6198 115.3773 114.9755 115.1168 114.8314 115.2858 
 (0.3123) (0.2407) (0.2379) (0.2373) (0.2389) (0.2371) (0.2368) (0.3134) (0.2338) (0.2153) (0.2139) 
P4Approach3 114.4914 114.7132 114.732 114.9733 115.1647 114.615 115.2818 114.8892 115.205 114.9879 115.359 
 (0.3123) (0.2407) (0.2379) (0.2373) (0.2389) (0.2371) (0.2368) (0.3134) (0.2338) (0.2153) (0.2139) 
P4Approach4 114.3221 114.7725 114.8897 115.1474 115.2701 114.7065 115.4583 115.119 115.1404 114.8291 115.2854 
 (0.3123) (0.2407) (0.2379) (0.2373) (0.2389) (0.2371) (0.2368) (0.3134) (0.2338) (0.2153) (0.2139) 
P4Approach5 114.4068 114.7557 114.8023 115.0491 115.2139 114.6391 115.3498 114.9682 115.1618 114.9091 115.3223 
 (0.3123) (0.2407) (0.2379) (0.2373) (0.2389) (0.2371) (0.2368) (0.3134) (0.2338) (0.2153) (0.2139) 
P4Approach6 114.4914 114.6912 114.7169 114.9525 115.144 114.615 115.2818 114.8892 115.185 114.9879 115.359 
 (0.3123) (0.2407) (0.2379) (0.2373) (0.2389) (0.2371) (0.2368) (0.3134) (0.2338) (0.2153) (0.2139) 
P4Approach7 114.3221 114.8459 114.8703 115.1231 115.277 114.6198 115.3773 114.9755 115.1168 114.8314 115.2858 
 (0.3123) (0.2407) (0.2379) (0.2373) (0.2389) (0.2371) (0.2368) (0.3134) (0.2338) (0.2153) (0.2139) 
P4Approach8 114.4914 114.7132 114.732 114.9733 115.1647 114.615 115.2818 114.8892 115.205 114.9879 115.359 
 (0.3123) (0.2407) (0.2379) (0.2373) (0.2389) (0.2371) (0.2368) (0.3134) (0.2338) (0.2153) (0.2139) 
P4Approach9 114.3221 114.7725 114.8897 115.1474 115.2701 114.7065 115.4583 115.119 115.1404 114.8291 115.2854 
 (0.3123) (0.2407) (0.2379) (0.2373) (0.2389) (0.2371) (0.2368) (0.3134) (0.2338) (0.2153) (0.2139) 
P4Approach10 114.4068 114.7557 114.8023 115.0491 115.2139 114.6391 115.3498 114.9682 115.1618 114.9091 115.3223 
 (0.3123) (0.2407) (0.2379) (0.2373) (0.2389) (0.2371) (0.2368) (0.3134) (0.2338) (0.2153) (0.2139) 
BG
P4Approach1 142.5211 142.3397 141.3334 141.4014 141.3638 141.2099 142.2311 142.2311 141.7278 141.6493 141.3468 
 (0.5864) (0.5063) (0.4589) (0.4548) (0.4509) (0.4473) (0.4809) (0.7281) (0.502) (0.5224) (0.5235) 
P4Approach2 142.9837 142.0563 141.5704 141.0913 140.8513 141.3995 143.1234 143.0937 141.0714 142.1504 140.7664 
 (0.5864) (0.5063) (0.4589) (0.4548) (0.4509) (0.4473) (0.4809) (0.7281) (0.502) (0.5224) (0.5235) 
P4Approach3 142.5211 142.3397 141.3334 141.4014 141.3638 141.2099 142.2311 142.2311 141.7278 141.6493 141.3468 
 (0.5864) (0.5063) (0.4589) (0.4548) (0.4509) (0.4473) (0.4809) (0.7281) (0.502) (0.5224) (0.5235) 
P4Approach4 142.9837 142.4377 141.6525 141.0821 140.8513 141.3995 143.1234 143.0937 141.0714 142.1504 141.2866 
 (0.5864) (0.5063) (0.4589) (0.4548) (0.4509) (0.4473) (0.4809) (0.7281) (0.502) (0.5224) (0.5235) 
P4Approach5 142.7524 142.2934 141.4724 141.2441 141.1075 141.3047 142.6772 142.6624 141.3996 141.8998 141.1867 
 (0.5864) (0.5063) (0.4589) (0.4548) (0.4509) (0.4473) (0.4809) (0.7281) (0.502) (0.5224) (0.5235) 
DK
P4Approach1 117.7857 117.7914 117.4218 117.5373 117.6235 117.4544 117.7732 118.2607 117.383 117.2883 117.3461 
 (0.3145) (0.1932) (0.2172) (0.2156) (0.2173) (0.2157) (0.2189) (0.3137) (0.2399) (0.2433) (0.2326) 
P4Approach2 117.6182 117.9134 117.368 117.5756 117.712 117.701 117.7601 118.1586 117.3184 117.3168 117.4504 
 (0.3145) (0.1932) (0.2172) (0.2156) (0.2173) (0.2157) (0.2189) (0.3137) (0.2399) (0.2433) (0.2326) 
P4Approach3 117.7857 117.7914 117.4218 117.5373 117.6235 117.4544 117.7732 118.2607 117.383 117.2883 117.3461 
 (0.3145) (0.1932) (0.2172) (0.2156) (0.2173) (0.2157) (0.2189) (0.3137) (0.2399) (0.2433) (0.2326) 
P4Approach4 117.6182 117.8765 117.4827 117.5 117.7173 117.7 117.7346 118.1481 117.3822 117.2538 117.4802 
 (0.3145) (0.1932) (0.2172) (0.2156) (0.2173) (0.2157) (0.2189) (0.3137) (0.2399) (0.2433) (0.2326) 
P4Approach5 117.702 117.8432 117.4236 117.5375 117.6691 117.5775 117.7603 118.207 117.3666 117.2868 117.4057 
 (0.3145) (0.1932) (0.2172) (0.2156) (0.2173) (0.2157) (0.2189) (0.3137) (0.2399) (0.2433) (0.2326) 
P4Approach6 117.7857 117.7914 117.4218 117.5373 117.6235 117.4544 117.7732 118.2607 117.383 117.2883 117.3461 
 (0.3145) (0.1932) (0.2172) (0.2156) (0.2173) (0.2157) (0.2189) (0.3137) (0.2399) (0.2433) (0.2326) 
P4Approach7 117.6182 117.9134 117.368 117.5756 117.712 117.701 117.7601 118.1586 117.3184 117.3168 117.4504 
 (0.3145) (0.1932) (0.2172) (0.2156) (0.2173) (0.2157) (0.2189) (0.3137) (0.2399) (0.2433) (0.2326) 
P4Approach8 117.7857 117.7914 117.4218 117.5373 117.6235 117.4544 117.7732 118.2607 117.383 117.2883 117.3461 
 (0.3145) (0.1932) (0.2172) (0.2156) (0.2173) (0.2157) (0.2189) (0.3137) (0.2399) (0.2433) (0.2326) 
P4Approach9 117.6182 117.8765 117.4827 117.5 117.7173 117.7 117.7346 118.1481 117.3822 117.2538 117.4802 
 (0.3145) (0.1932) (0.2172) (0.2156) (0.2173) (0.2157) (0.2189) (0.3137) (0.2399) (0.2433) (0.2326) 
P4Approach10 117.702 117.8432 117.4236 117.5375 117.6691 117.5775 117.7603 118.207 117.3666 117.2868 117.4057 
 (0.3145) (0.1932) (0.2172) (0.2156) (0.2173) (0.2157) (0.2189) (0.3137) (0.2399) (0.2433) (0.2326) 
P4Approach16 117.7857 117.7914 117.4218 117.5373 117.6235 117.4544 117.7732 118.2607 117.383 117.2883 117.3461 
 (0.3145) (0.1932) (0.2172) (0.2156) (0.2173) (0.2157) (0.2189) (0.3137) (0.2399) (0.2433) (0.2326) 
P4Approach17 117.6182 117.9134 117.368 117.5756 117.712 117.701 117.7601 118.1586 117.3184 117.3168 117.4504 
 (0.3145) (0.1932) (0.2172) (0.2156) (0.2173) (0.2157) (0.2189) (0.3137) (0.2399) (0.2433) (0.2326) 
P4Approach18 117.7857 117.7914 117.4218 117.5373 117.6235 117.4544 117.7732 118.2607 117.383 117.2883 117.3461 
 (0.3145) (0.1932) (0.2172) (0.2156) (0.2173) (0.2157) (0.2189) (0.3137) (0.2399) (0.2433) (0.2326) 
P4Approach19 117.6182 117.8765 117.4827 117.5 117.7173 117.7 117.7346 118.1481 117.3822 117.2538 117.4802 
 (0.3145) (0.1932) (0.2172) (0.2156) (0.2173) (0.2157) (0.2189) (0.3137) (0.2399) (0.2433) (0.2326) 
P4Approach20 117.702 117.8432 117.4236 117.5375 117.6691 117.5775 117.7603 118.207 117.3666 117.2868 117.4057 
 (0.3145) (0.1932) (0.2172) (0.2156) (0.2173) (0.2157) (0.2189) (0.3137) (0.2399) (0.2433) (0.2326) 
HR
P4Approach1 122.7633 122.2496 122.8199 123.8473 123.8155 99.9592 123.9557 123.6547 123.9967 123.8548 123.6442 
 (0.7264) (0.4715) (0.4717) (0.3972) (0.3936) (0.3096) (0.3936) (0.6781) (0.3896) (0.3887) (0.3855) 
P4Approach2 122.5355 123.2535 123.5724 123.8902 123.9935 100.3224 124.2936 124.0314 123.8909 123.6853 123.5177 
 (0.7264) (0.4715) (0.4717) (0.3972) (0.3936) (0.3096) (0.3936) (0.6781) (0.3896) (0.3887) (0.3855) 
P4Approach3 122.7633 122.2496 122.8199 123.8473 123.8155 99.9522 123.9557 123.6547 123.9967 123.8548 123.6208 
 (0.7264) (0.4715) (0.4717) (0.3972) (0.3936) (0.3096) (0.3936) (0.6781) (0.3896) (0.3887) (0.3855) 
P4Approach4 122.5355 123.2535 123.5724 123.8454 124.062 100.3226 124.3603 124.0503 123.8159 123.6853 123.5177 
 (0.7264) (0.4715) (0.4717) (0.3972) (0.3936) (0.3096) (0.3936) (0.6781) (0.3896) (0.3887) (0.3855) 
P4Approach5 122.6494 122.7515 123.1962 123.8576 123.9216 100.1391 124.1413 123.8477 123.925 123.77 123.5751 
 (0.7264) (0.4715) (0.4717) (0.3972) (0.3936) (0.3096) (0.3936) (0.6781) (0.3896) (0.3887) (0.3855) 
DE
P4Approach1 115.5266 115.5093 115.5612 115.3958 115.6654 116.0013 116.2252 116.075 116.0482 116.24 116.9522 
 (0.2374) (0.2435) (0.2355) (0.236) (0.2355) (0.2344) (0.2327) (0.2407) (0.2287) (0.227) (0.2252) 
P4Approach2 115.4852 115.5129 115.6897 115.4629 115.4164 115.862 116.2326 116.1991 116.1228 116.3005 116.6471 
 (0.2374) (0.2435) (0.2355) (0.236) (0.2355) (0.2344) (0.2327) (0.2407) (0.2287) (0.227) (0.2252) 
P4Approach3 115.5266 115.5093 115.5612 115.3958 115.6654 116.0013 116.2252 116.075 116.0482 116.24 116.9522 
 (0.2374) (0.2435) (0.2355) (0.236) (0.2355) (0.2344) (0.2327) (0.2407) (0.2287) (0.227) (0.2252) 
P4Approach4 115.4405 115.504 115.6689 115.3962 115.3912 115.8436 116.2478 116.182 116.1224 116.278 116.6313 
 (0.2374) (0.2435) (0.2355) (0.236) (0.2355) (0.2344) (0.2327) (0.2407) (0.2287) (0.227) (0.2252) 
P4Approach5 115.4947 115.5089 115.6202 115.4127 115.5346 115.9271 116.2327 116.1328 116.0854 116.2646 116.7957 
 (0.2374) (0.2435) (0.2355) (0.236) (0.2355) (0.2344) (0.2327) (0.2407) (0.2287) (0.227) (0.2252) 
P4Approach6 115.5266 115.5093 115.5612 115.3958 115.6654 116.0013 116.2252 116.075 116.0482 116.24 116.9522 
 (0.2374) (0.2435) (0.2355) (0.236) (0.2355) (0.2344) (0.2327) (0.2407) (0.2287) (0.227) (0.2252) 
P4Approach7 115.4852 115.5129 115.6897 115.4629 115.4164 115.862 116.2326 116.1991 116.1228 116.3005 116.6471 
 (0.2374) (0.2435) (0.2355) (0.236) (0.2355) (0.2344) (0.2327) (0.2407) (0.2287) (0.227) (0.2252) 
P4Approach8 115.5266 115.5093 115.5612 115.3958 115.6654 116.0013 116.2252 116.075 116.0482 116.24 116.9522 
 (0.2374) (0.2435) (0.2355) (0.236) (0.2355) (0.2344) (0.2327) (0.2407) (0.2287) (0.227) (0.2252) 
P4Approach9 115.4405 115.504 115.6689 115.3962 115.3912 115.8436 116.2478 116.182 116.1224 116.278 116.6313 
 (0.2374) (0.2435) (0.2355) (0.236) (0.2355) (0.2344) (0.2327) (0.2407) (0.2287) (0.227) (0.2252) 
P4Approach10 115.4947 115.5089 115.6202 115.4127 115.5346 115.9271 116.2327 116.1328 116.0854 116.2646 116.7957 
 (0.2374) (0.2435) (0.2355) (0.236) (0.2355) (0.2344) (0.2327) (0.2407) (0.2287) (0.227) (0.2252) 
P4Approach16 115.5266 115.5093 115.5612 115.3958 115.6654 116.0013 116.2252 116.075 116.0482 116.24 116.9522 
 (0.2374) (0.2435) (0.2355) (0.236) (0.2355) (0.2344) (0.2327) (0.2407) (0.2287) (0.227) (0.2252) 
P4Approach17 115.4852 115.5129 115.6897 115.4629 115.4164 115.862 116.2326 116.1991 116.1228 116.3005 116.6471 
 (0.2374) (0.2435) (0.2355) (0.236) (0.2355) (0.2344) (0.2327) (0.2407) (0.2287) (0.227) (0.2252) 
P4Approach18 115.5266 115.5093 115.5612 115.3958 115.6654 116.0013 116.2252 116.075 116.0482 116.24 116.9522 
 (0.2374) (0.2435) (0.2355) (0.236) (0.2355) (0.2344) (0.2327) (0.2407) (0.2287) (0.227) (0.2252) 
P4Approach19 115.4405 115.504 115.6689 115.3962 115.3912 115.8436 116.2478 116.182 116.1224 116.278 116.6313 
 (0.2374) (0.2435) (0.2355) (0.236) (0.2355) (0.2344) (0.2327) (0.2407) (0.2287) (0.227) (0.2252) 
P4Approach20 115.4947 115.5089 115.6202 115.4127 115.5346 115.9271 116.2327 116.1328 116.0854 116.2646 116.7957 
 (0.2374) (0.2435) (0.2355) (0.236) (0.2355) (0.2344) (0.2327) (0.2407) (0.2287) (0.227) (0.2252) 
HU
P4Approach1 146.6864 146.0913 146.3864 147.427 146.9471 146.5218 146.3747 146.4781 147.0257 147.3569 147.2636 
 (0.5953) (0.4995) (0.4957) (0.4318) (0.4314) (0.3822) (0.425) (0.6331) (0.422) (0.4261) (0.4228) 
P4Approach2 146.16 146.2139 146.4036 147.3442 147.1396 146.7906 146.8336 146.7625 146.991 147.2604 147.154 
 (0.5953) (0.4995) (0.4957) (0.4318) (0.4314) (0.3822) (0.425) (0.6331) (0.422) (0.4261) (0.4228) 
P4Approach3 146.6864 146.1473 146.3268 147.427 146.9471 146.602 146.3747 146.4781 147.0257 147.3569 147.2636 
 (0.5953) (0.4995) (0.4957) (0.4318) (0.4314) (0.3822) (0.425) (0.6331) (0.422) (0.4261) (0.4228) 
P4Approach4 146.2097 146.2139 146.4036 147.3835 147.0963 146.8493 146.8935 146.9026 147.0394 147.2941 147.1898 
 (0.5953) (0.4995) (0.4957) (0.4318) (0.4314) (0.3822) (0.425) (0.6331) (0.422) (0.4261) (0.4228) 
P4Approach5 146.4356 146.1666 146.3801 147.3955 147.0325 146.6909 146.6191 146.6553 147.0204 147.3171 147.2178 
 (0.5953) (0.4995) (0.4957) (0.4318) (0.4314) (0.3822) (0.425) (0.6331) (0.422) (0.4261) (0.4228) 
FI
P4Approach1 121.1131 120.9602 121.3114 121.4219 121.2515 120.6298 121.2248 121.7494 121.6992 121.5431 121.7382 
 (0.3495) (0.2375) (0.2381) (0.2376) (0.2367) (0.2439) (0.244) (0.352) (0.2442) (0.2372) (0.2358) 
P4Approach2 120.6145 120.8645 121.2072 121.3789 121.2513 120.9627 121.295 121.6635 121.7876 121.6144 121.7211 
 (0.3495) (0.2375) (0.2381) (0.2376) (0.2367) (0.2439) (0.244) (0.352) (0.2442) (0.2372) (0.2358) 
P4Approach3 121.1131 120.9602 121.3114 121.4219 121.2515 120.6298 121.2248 121.7494 121.6992 121.5431 121.7382 
 (0.3495) (0.2375) (0.2381) (0.2376) (0.2367) (0.2439) (0.244) (0.352) (0.2442) (0.2372) (0.2358) 
P4Approach4 120.6145 120.8645 121.2072 121.3789 121.2513 120.9627 121.295 121.6635 121.7876 121.6144 121.7211 
 (0.3495) (0.2375) (0.2381) (0.2376) (0.2367) (0.2439) (0.244) (0.352) (0.2442) (0.2372) (0.2358) 
P4Approach5 120.8638 120.9123 121.2593 121.4004 121.2514 120.7962 121.2599 121.7065 121.7434 121.5787 121.7297 
 (0.3495) (0.2375) (0.2381) (0.2376) (0.2367) (0.2439) (0.244) (0.352) (0.2442) (0.2372) (0.2358) 
P4Approach6 121.1131 120.9602 121.3114 121.4219 121.2515 120.6298 121.2248 121.7494 121.6992 121.5431 121.7382 
 (0.3495) (0.2375) (0.2381) (0.2376) (0.2367) (0.2439) (0.244) (0.352) (0.2442) (0.2372) (0.2358) 
P4Approach7 120.6145 120.8645 121.2072 121.3789 121.2513 120.9627 121.295 121.6635 121.7876 121.6144 121.7211 
 (0.3495) (0.2375) (0.2381) (0.2376) (0.2367) (0.2439) (0.244) (0.352) (0.2442) (0.2372) (0.2358) 
P4Approach8 121.1131 120.9602 121.3114 121.4219 121.2515 120.6298 121.2248 121.7494 121.6992 121.5431 121.7382 
 (0.3495) (0.2375) (0.2381) (0.2376) (0.2367) (0.2439) (0.244) (0.352) (0.2442) (0.2372) (0.2358) 
P4Approach9 120.6145 120.8645 121.2072 121.3789 121.2513 120.9627 121.295 121.6635 121.7876 121.6144 121.7211 
 (0.3495) (0.2375) (0.2381) (0.2376) (0.2367) (0.2439) (0.244) (0.352) (0.2442) (0.2372) (0.2358) 
P4Approach10 120.8638 120.9123 121.2593 121.4004 121.2514 120.7962 121.2599 121.7065 121.7434 121.5787 121.7297 
 (0.3495) (0.2375) (0.2381) (0.2376) (0.2367) (0.2439) (0.244) (0.352) (0.2442) (0.2372) (0.2358) 
P4Approach16 121.1131 120.9602 121.3114 121.4219 121.2515 120.6298 121.2248 121.7494 121.6992 121.5431 121.7382 
 (0.3495) (0.2375) (0.2381) (0.2376) (0.2367) (0.2439) (0.244) (0.352) (0.2442) (0.2372) (0.2358) 
P4Approach17 120.6145 120.8645 121.2072 121.3789 121.2513 120.9627 121.295 121.6635 121.7876 121.6144 121.7211 
 (0.3495) (0.2375) (0.2381) (0.2376) (0.2367) (0.2439) (0.244) (0.352) (0.2442) (0.2372) (0.2358) 
P4Approach18 121.1131 120.9602 121.3114 121.4219 121.2515 120.6298 121.2248 121.7494 121.6992 121.5431 121.7382 
 (0.3495) (0.2375) (0.2381) (0.2376) (0.2367) (0.2439) (0.244) (0.352) (0.2442) (0.2372) (0.2358) 
P4Approach19 120.6145 120.8645 121.2072 121.3789 121.2513 120.9627 121.295 121.6635 121.7876 121.6144 121.7211 
 (0.3495) (0.2375) (0.2381) (0.2376) (0.2367) (0.2439) (0.244) (0.352) (0.2442) (0.2372) (0.2358) 
P4Approach20 120.8638 120.9123 121.2593 121.4004 121.2514 120.7962 121.2599 121.7065 121.7434 121.5787 121.7297 
 (0.3495) (0.2375) (0.2381) (0.2376) (0.2367) (0.2439) (0.244) (0.352) (0.2442) (0.2372) (0.2358) 
NL
P4Approach1 116.475 117.1898 117.8445 117.5975 117.0929 117.2454 117.356 117.8549 118.0161 117.1878 117.3927 
 (0.7375) (0.568) (0.5579) (0.5531) (0.5492) (0.4576) (0.5561) (0.7256) (0.5705) (0.5258) (0.5223) 
P4Approach2 115.94 117.3023 118.5849 117.7686 117.2051 117.9117 117.5231 117.4878 117.5016 116.7884 117.0671 
 (0.7375) (0.568) (0.5579) (0.5531) (0.5492) (0.4576) (0.5561) (0.7256) (0.5705) (0.5258) (0.5223) 
P4Approach3 116.475 117.1898 117.8445 117.5975 117.1854 117.2454 117.356 117.8549 118.0161 117.1878 117.3927 
 (0.7375) (0.568) (0.5579) (0.5531) (0.5492) (0.4576) (0.5561) (0.7256) (0.5705) (0.5258) (0.5223) 
P4Approach4 115.9359 117.3267 118.5916 117.6383 117.2051 117.9438 117.4019 117.3185 117.5016 116.7884 117.0671 
 (0.7375) (0.568) (0.5579) (0.5531) (0.5492) (0.4576) (0.5561) (0.7256) (0.5705) (0.5258) (0.5223) 
P4Approach5 116.2065 117.2522 118.2164 117.6505 117.1721 117.5866 117.4092 117.629 117.7589 116.9881 117.2299 
 (0.7375) (0.568) (0.5579) (0.5531) (0.5492) (0.4576) (0.5561) (0.7256) (0.5705) (0.5258) (0.5223) 
PT
P4Approach1 112.4969 113.8191 114.1751 114.5014 114.5899 114.466 114.4335 115.0994 115.2236 115.0822 114.8352 
 (0.5719) (0.4295) (0.4225) (0.4227) (0.4251) (0.4164) (0.4238) (0.5961) (0.4176) (0.4165) (0.4244) 
P4Approach2 112.0634 113.5447 114.4968 114.8867 114.9581 114.4791 114.4152 115.3094 115.3731 115.067 114.3679 
 (0.5719) (0.4295) (0.4225) (0.4227) (0.4251) (0.4164) (0.4238) (0.5961) (0.4176) (0.4165) (0.4244) 
P4Approach3 112.4969 113.8191 114.1914 114.5014 114.5899 114.466 114.4335 115.0994 115.2236 115.0822 114.7733 
 (0.5719) (0.4295) (0.4225) (0.4227) (0.4251) (0.4164) (0.4238) (0.5961) (0.4176) (0.4165) (0.4244) 
P4Approach4 111.6972 113.5939 114.5048 114.8874 114.9598 114.4791 114.415 115.3089 115.3727 115.0685 114.3558 
 (0.5719) (0.4295) (0.4225) (0.4227) (0.4251) (0.4164) (0.4238) (0.5961) (0.4176) (0.4165) (0.4244) 
P4Approach5 112.1886 113.6942 114.342 114.6942 114.7744 114.4726 114.4243 115.2043 115.2982 115.075 114.5831 
 (0.5719) (0.4295) (0.4225) (0.4227) (0.4251) (0.4164) (0.4238) (0.5961) (0.4176) (0.4165) (0.4244) 
LV
P4Approach1 142.2495 141.6224 143.0043 143.5277 144.9638 143.956 143.5072 143.8513 144.1355 144.6954 144.2773 
 (0.8403) (0.5814) (0.5742) (0.5708) (0.5832) (0.583) (0.5781) (0.9072) (0.5694) (0.5642) (0.5608) 
P4Approach2 141.7871 142.2263 143.7045 143.9845 145.0664 143.6892 143.8312 144.1867 143.9571 144.5865 144.2314 
 (0.8403) (0.5814) (0.5742) (0.5708) (0.5832) (0.583) (0.5781) (0.9072) (0.5694) (0.5642) (0.5608) 
P4Approach3 142.2495 141.6224 143.0043 143.7218 144.9638 144.0469 143.5072 143.8513 144.1355 144.6954 144.2773 
 (0.8403) (0.5814) (0.5742) (0.5708) (0.5832) (0.583) (0.5781) (0.9072) (0.5694) (0.5642) (0.5608) 
P4Approach4 141.7255 142.2263 143.7045 143.9845 145.0664 143.6892 143.8312 144.1867 143.8568 144.6776 144.3018 
 (0.8403) (0.5814) (0.5742) (0.5708) (0.5832) (0.583) (0.5781) (0.9072) (0.5694) (0.5642) (0.5608) 
P4Approach5 142.0029 141.9243 143.3544 143.8046 145.0151 143.8453 143.6692 144.019 144.0212 144.6637 144.272 
 (0.8403) (0.5814) (0.5742) (0.5708) (0.5832) (0.583) (0.5781) (0.9072) (0.5694) (0.5642) (0.5608) 
EU28
P4Approach1 118.819 119.4509 119.8028 119.7138 119.72 119.1735 119.4779 119.8799 120.1437 120.0436 120.3801 
 (0.2335) (0.162) (0.1604) (0.1591) (0.1602) (0.2015) (0.1658) (0.2321) (0.1657) (0.1602) (0.1589) 
P4Approach2 118.6654 119.3997 119.9338 119.7694 119.8503 119.2693 119.7276 120.1827 120.0433 119.9707 120.3126 
 (0.2335) (0.162) (0.1604) (0.1591) (0.1602) (0.2015) (0.1658) (0.2321) (0.1657) (0.1602) (0.1589) 
P4Approach3 118.819 119.4791 119.8028 119.7138 119.72 119.1735 119.4779 119.8799 120.1466 120.0436 120.3801 
 (0.2335) (0.162) (0.1604) (0.1591) (0.1602) (0.2015) (0.1658) (0.2321) (0.1657) (0.1602) (0.1589) 
P4Approach4 118.5421 119.3997 119.9409 119.7825 119.8907 119.2806 119.691 120.1189 120.1065 119.9824 120.3147 
 (0.2335) (0.162) (0.1604) (0.1591) (0.1602) (0.2015) (0.1658) (0.2321) (0.1657) (0.1602) (0.1589) 
P4Approach5 118.7114 119.4323 119.8701 119.7449 119.7953 119.2242 119.5936 120.0154 120.11 120.0101 120.3469 
 (0.2335) (0.162) (0.1604) (0.1591) (0.1602) (0.2015) (0.1658) (0.2321) (0.1657) (0.1602) (0.1589) 
P4Approach6 118.819 119.4509 119.8028 119.7138 119.72 119.1735 119.4779 119.8799 120.1437 120.0436 120.3801 
 (0.2335) (0.162) (0.1604) (0.1591) (0.1602) (0.2015) (0.1658) (0.2321) (0.1657) (0.1602) (0.1589) 
P4Approach7 118.6654 119.3997 119.9338 119.7694 119.8503 119.2693 119.7276 120.1827 120.0433 119.9707 120.3126 
 (0.2335) (0.162) (0.1604) (0.1591) (0.1602) (0.2015) (0.1658) (0.2321) (0.1657) (0.1602) (0.1589) 
P4Approach8 118.819 119.4791 119.8028 119.7138 119.72 119.1735 119.4779 119.8799 120.1466 120.0436 120.3801 
 (0.2335) (0.162) (0.1604) (0.1591) (0.1602) (0.2015) (0.1658) (0.2321) (0.1657) (0.1602) (0.1589) 
P4Approach9 118.5421 119.3997 119.9409 119.7825 119.8907 119.2806 119.691 120.1189 120.1065 119.9824 120.3147 
 (0.2335) (0.162) (0.1604) (0.1591) (0.1602) (0.2015) (0.1658) (0.2321) (0.1657) (0.1602) (0.1589) 
P4Approach10 118.7114 119.4323 119.8701 119.7449 119.7953 119.2242 119.5936 120.0154 120.11 120.0101 120.3469 
 (0.2335) (0.162) (0.1604) (0.1591) (0.1602) (0.2015) (0.1658) (0.2321) (0.1657) (0.1602) (0.1589) 
P4Approach11 118.819 119.4509 119.8028 119.7138 119.72 119.1735 119.4779 119.8799 120.1437 120.0436 120.3801 
 (0.2335) (0.162) (0.1604) (0.1591) (0.1602) (0.2015) (0.1658) (0.2321) (0.1657) (0.1602) (0.1589) 
P4Approach12 118.6654 119.3997 119.9338 119.7694 119.8503 119.2693 119.7276 120.1827 120.0433 119.9707 120.3126 
 (0.2335) (0.162) (0.1604) (0.1591) (0.1602) (0.2015) (0.1658) (0.2321) (0.1657) (0.1602) (0.1589) 
P4Approach13 118.819 119.4791 119.8028 119.7138 119.72 119.1735 119.4779 119.8799 120.1466 120.0436 120.3801 
 (0.2335) (0.162) (0.1604) (0.1591) (0.1602) (0.2015) (0.1658) (0.2321) (0.1657) (0.1602) (0.1589) 
P4Approach14 118.5421 119.3997 119.9409 119.7825 119.8907 119.2806 119.691 120.1189 120.1065 119.9824 120.3147 
 (0.2335) (0.162) (0.1604) (0.1591) (0.1602) (0.2015) (0.1658) (0.2321) (0.1657) (0.1602) (0.1589) 
P4Approach15 118.7114 119.4323 119.8701 119.7449 119.7953 119.2242 119.5936 120.0154 120.11 120.0101 120.3469 
 (0.2335) (0.162) (0.1604) (0.1591) (0.1602) (0.2015) (0.1658) (0.2321) (0.1657) (0.1602) (0.1589) 
P4Approach16 118.819 119.4509 119.8028 119.7138 119.72 119.1735 119.4779 119.8799 120.1437 120.0436 120.3801 
 (0.2335) (0.162) (0.1604) (0.1591) (0.1602) (0.2015) (0.1658) (0.2321) (0.1657) (0.1602) (0.1589) 
P4Approach17 118.6654 119.3997 119.9338 119.7694 119.8503 119.2693 119.7276 120.1827 120.0433 119.9707 120.3126 
 (0.2335) (0.162) (0.1604) (0.1591) (0.1602) (0.2015) (0.1658) (0.2321) (0.1657) (0.1602) (0.1589) 
P4Approach18 118.819 119.4791 119.8028 119.7138 119.72 119.1735 119.4779 119.8799 120.1466 120.0436 120.3801 
 (0.2335) (0.162) (0.1604) (0.1591) (0.1602) (0.2015) (0.1658) (0.2321) (0.1657) (0.1602) (0.1589) 
P4Approach19 118.5421 119.3997 119.9409 119.7825 119.8907 119.2806 119.691 120.1189 120.1065 119.9824 120.3147 
 (0.2335) (0.162) (0.1604) (0.1591) (0.1602) (0.2015) (0.1658) (0.2321) (0.1657) (0.1602) (0.1589) 
P4Approach20 118.7114 119.4323 119.8701 119.7449 119.7953 119.2242 119.5936 120.0154 120.11 120.0101 120.3469 
 (0.2335) (0.162) (0.1604) (0.1591) (0.1602) (0.2015) (0.1658) (0.2321) (0.1657) (0.1602) (0.1589) 
LT
P4Approach1 136.9638 136.1431 138.1157 138.9702 138.5371 138.1962 137.4119 138.1467 138.4122 138.6722 139.0484 
 (0.8836) (0.4943) (0.5209) (0.5282) (0.5258) (0.5318) (0.5334) (0.8893) (0.5277) (0.6153) (0.6102) 
P4Approach2 136.2013 136.494 138.8313 139.2478 138.652 138.0613 137.2708 137.9834 138.2635 138.5334 138.65 
 (0.8836) (0.4943) (0.5209) (0.5282) (0.5258) (0.5318) (0.5334) (0.8893) (0.5277) (0.6153) (0.6102) 
P4Approach3 136.7299 135.9859 137.9577 139.1056 138.9778 138.7357 137.2689 136.9807 138.1344 138.6433 139.0484 
 (0.8836) (0.4943) (0.5209) (0.5282) (0.5258) (0.5318) (0.5334) (0.8893) (0.5277) (0.6153) (0.6102) 
P4Approach4 135.8694 136.2621 138.6712 139.0239 138.3943 138.1255 137.1728 137.782 138.2635 138.5334 138.65 
 (0.8836) (0.4943) (0.5209) (0.5282) (0.5258) (0.5318) (0.5334) (0.8893) (0.5277) (0.6153) (0.6102) 
P4Approach5 136.4411 136.2213 138.394 139.0869 138.6403 138.2797 137.2811 137.7232 138.2684 138.5956 138.8492 
 (0.8836) (0.4943) (0.5209) (0.5282) (0.5258) (0.5318) (0.5334) (0.8893) (0.5277) (0.6153) (0.6102) 
LU
P4Approach1 126.6504 126.2464 126.3864 126.537 126.7484 125.432 126.9546 126.9731 126.9935 126.9994 126.9116 
 (0.2785) (0.2315) (0.2262) (0.224) (0.2221) (0.2375) (0.2182) (0.2757) (0.2147) (0.2078) (0.2063) 
P4Approach2 126.6798 126.2295 126.3602 126.6002 126.8493 125.1966 126.9588 127.0481 127.0287 127.0023 126.9249 
 (0.2785) (0.2315) (0.2262) (0.224) (0.2221) (0.2375) (0.2182) (0.2757) (0.2147) (0.2078) (0.2063) 
P4Approach3 126.6504 126.2464 126.3864 126.537 126.7484 125.432 126.9546 126.9731 126.9935 126.9994 126.9116 
 (0.2785) (0.2315) (0.2262) (0.224) (0.2221) (0.2375) (0.2182) (0.2757) (0.2147) (0.2078) (0.2063) 
P4Approach4 126.6798 126.2295 126.3602 126.6002 126.8493 125.1856 126.9588 127.0481 127.0287 127.0023 126.9249 
 (0.2785) (0.2315) (0.2262) (0.224) (0.2221) (0.2375) (0.2182) (0.2757) (0.2147) (0.2078) (0.2063) 
P4Approach5 126.6651 126.2379 126.3733 126.5686 126.7989 125.3115 126.9567 127.0106 127.0111 127.0009 126.9183 
 (0.2785) (0.2315) (0.2262) (0.224) (0.2221) (0.2375) (0.2182) (0.2757) (0.2147) (0.2078) (0.2063) 
P4Approach6 126.6504 126.2464 126.3864 126.537 126.7484 125.432 126.9546 126.9731 126.9935 126.9994 126.9116 
 (0.2785) (0.2315) (0.2262) (0.224) (0.2221) (0.2375) (0.2182) (0.2757) (0.2147) (0.2078) (0.2063) 
P4Approach7 126.6798 126.2295 126.3602 126.6002 126.8493 125.1966 126.9588 127.0481 127.0287 127.0023 126.9249 
 (0.2785) (0.2315) (0.2262) (0.224) (0.2221) (0.2375) (0.2182) (0.2757) (0.2147) (0.2078) (0.2063) 
P4Approach8 126.6504 126.2464 126.3864 126.537 126.7484 125.432 126.9546 126.9731 126.9935 126.9994 126.9116 
 (0.2785) (0.2315) (0.2262) (0.224) (0.2221) (0.2375) (0.2182) (0.2757) (0.2147) (0.2078) (0.2063) 
P4Approach9 126.6798 126.2295 126.3602 126.6002 126.8493 125.1856 126.9588 127.0481 127.0287 127.0023 126.9249 
 (0.2785) (0.2315) (0.2262) (0.224) (0.2221) (0.2375) (0.2182) (0.2757) (0.2147) (0.2078) (0.2063) 
P4Approach10 126.6651 126.2379 126.3733 126.5686 126.7989 125.3115 126.9567 127.0106 127.0111 127.0009 126.9183 
 (0.2785) (0.2315) (0.2262) (0.224) (0.2221) (0.2375) (0.2182) (0.2757) (0.2147) (0.2078) (0.2063) 
P4Approach16 126.6504 126.2464 126.3864 126.537 126.7484 125.432 126.9546 126.9731 126.9935 126.9994 126.9116 
 (0.2785) (0.2315) (0.2262) (0.224) (0.2221) (0.2375) (0.2182) (0.2757) (0.2147) (0.2078) (0.2063) 
P4Approach17 126.6798 126.2295 126.3602 126.6002 126.8493 125.1966 126.9588 127.0481 127.0287 127.0023 126.9249 
 (0.2785) (0.2315) (0.2262) (0.224) (0.2221) (0.2375) (0.2182) (0.2757) (0.2147) (0.2078) (0.2063) 
P4Approach18 126.6504 126.2464 126.3864 126.537 126.7484 125.432 126.9546 126.9731 126.9935 126.9994 126.9116 
 (0.2785) (0.2315) (0.2262) (0.224) (0.2221) (0.2375) (0.2182) (0.2757) (0.2147) (0.2078) (0.2063) 
P4Approach19 126.6798 126.2295 126.3602 126.6002 126.8493 125.1856 126.9588 127.0481 127.0287 127.0023 126.9249 
 (0.2785) (0.2315) (0.2262) (0.224) (0.2221) (0.2375) (0.2182) (0.2757) (0.2147) (0.2078) (0.2063) 
P4Approach20 126.6651 126.2379 126.3733 126.5686 126.7989 125.3115 126.9567 127.0106 127.0111 127.0009 126.9183 
 (0.2785) (0.2315) (0.2262) (0.224) (0.2221) (0.2375) (0.2182) (0.2757) (0.2147) (0.2078) (0.2063) 
RO
P4Approach1 149.137 148.5289 148.7087 148.5966 149.0556 148.1613 148.5144 148.5788 148.1876 148.9372 148.9541 
 (1.3179) (0.9913) (0.9759) (0.8441) (0.8401) (0.7901) (0.8262) (1.2912) (0.8128) (0.8146) (0.8078) 
P4Approach2 149.6507 148.9127 148.8843 148.6091 148.8539 148.4879 148.3507 148.4928 148.1675 148.7552 148.9971 
 (1.3179) (0.9913) (0.9759) (0.8441) (0.8401) (0.7901) (0.8262) (1.2912) (0.8128) (0.8146) (0.8078) 
P4Approach3 149.0737 148.9297 148.9355 148.5966 149.0556 148.4662 148.5144 148.5788 148.1876 148.9372 148.9541 
 (1.3179) (0.9913) (0.9759) (0.8441) (0.8401) (0.7901) (0.8262) (1.2912) (0.8128) (0.8146) (0.8078) 
P4Approach4 149.6923 148.9855 148.9898 148.6158 149.1827 148.3935 148.5245 148.6396 148.1286 148.9284 148.9503 
 (1.3179) (0.9913) (0.9759) (0.8441) (0.8401) (0.7901) (0.8262) (1.2912) (0.8128) (0.8146) (0.8078) 
P4Approach5 149.3884 148.8392 148.8796 148.6046 149.037 148.3772 148.476 148.5725 148.1678 148.8895 148.9639 
 (1.3179) (0.9913) (0.9759) (0.8441) (0.8401) (0.7901) (0.8262) (1.2912) (0.8128) (0.8146) (0.8078) 
PL
P4Approach1 121.9119 121.9838 122.2431 122.5262 122.242 122.0189 121.6376 121.7798 121.7914 122.123 122.2188 
 (0.3731) (0.2435) (0.2307) (0.2297) (0.2281) (0.2289) (0.2272) (0.352) (0.2337) (0.2346) (0.2328) 
P4Approach2 121.5638 122.0437 122.2272 122.4797 122.3462 122.3811 121.7374 121.6881 121.6027 122.1568 122.2515 
 (0.3731) (0.2435) (0.2307) (0.2297) (0.2281) (0.2289) (0.2272) (0.352) (0.2337) (0.2346) (0.2328) 
P4Approach3 121.9764 122.0147 122.2431 122.5262 122.242 122.0189 121.6376 121.7798 121.7914 122.123 122.2188 
 (0.3731) (0.2435) (0.2307) (0.2297) (0.2281) (0.2289) (0.2272) (0.352) (0.2337) (0.2346) (0.2328) 
P4Approach4 121.5438 122.0218 122.2219 122.4523 122.36 122.4119 121.7229 121.6643 121.607 122.1568 122.2515 
 (0.3731) (0.2435) (0.2307) (0.2297) (0.2281) (0.2289) (0.2272) (0.352) (0.2337) (0.2346) (0.2328) 
P4Approach5 121.749 122.016 122.2339 122.4961 122.2976 122.2077 121.6839 121.728 121.6981 122.1399 122.2351 
 (0.3731) (0.2435) (0.2307) (0.2297) (0.2281) (0.2289) (0.2272) (0.352) (0.2337) (0.2346) (0.2328) 
P4Approach6 121.9119 121.9838 122.2431 122.5262 122.242 122.0189 121.6376 121.7798 121.7914 122.123 122.2188 
 (0.3731) (0.2435) (0.2307) (0.2297) (0.2281) (0.2289) (0.2272) (0.352) (0.2337) (0.2346) (0.2328) 
P4Approach7 121.5638 122.0437 122.2272 122.4797 122.3462 122.3811 121.7374 121.6881 121.6027 122.1568 122.2515 
 (0.3731) (0.2435) (0.2307) (0.2297) (0.2281) (0.2289) (0.2272) (0.352) (0.2337) (0.2346) (0.2328) 
P4Approach8 121.9764 122.0147 122.2431 122.5262 122.242 122.0189 121.6376 121.7798 121.7914 122.123 122.2188 
 (0.3731) (0.2435) (0.2307) (0.2297) (0.2281) (0.2289) (0.2272) (0.352) (0.2337) (0.2346) (0.2328) 
P4Approach9 121.5438 122.0218 122.2219 122.4523 122.36 122.4119 121.7229 121.6643 121.607 122.1568 122.2515 
 (0.3731) (0.2435) (0.2307) (0.2297) (0.2281) (0.2289) (0.2272) (0.352) (0.2337) (0.2346) (0.2328) 
P4Approach10 121.749 122.016 122.2339 122.4961 122.2976 122.2077 121.6839 121.728 121.6981 122.1399 122.2351 
 (0.3731) (0.2435) (0.2307) (0.2297) (0.2281) (0.2289) (0.2272) (0.352) (0.2337) (0.2346) (0.2328) 
P4Approach16 121.9119 121.9838 122.2431 122.5262 122.242 122.0189 121.6376 121.7798 121.7914 122.123 122.2188 
 (0.3731) (0.2435) (0.2307) (0.2297) (0.2281) (0.2289) (0.2272) (0.352) (0.2337) (0.2346) (0.2328) 
P4Approach17 121.5638 122.0437 122.2272 122.4797 122.3462 122.3811 121.7374 121.6881 121.6027 122.1568 122.2515 
 (0.3731) (0.2435) (0.2307) (0.2297) (0.2281) (0.2289) (0.2272) (0.352) (0.2337) (0.2346) (0.2328) 
P4Approach18 121.9764 122.0147 122.2431 122.5262 122.242 122.0189 121.6376 121.7798 121.7914 122.123 122.2188 
 (0.3731) (0.2435) (0.2307) (0.2297) (0.2281) (0.2289) (0.2272) (0.352) (0.2337) (0.2346) (0.2328) 
P4Approach19 121.5438 122.0218 122.2219 122.4523 122.36 122.4119 121.7229 121.6643 121.607 122.1568 122.2515 
 (0.3731) (0.2435) (0.2307) (0.2297) (0.2281) (0.2289) (0.2272) (0.352) (0.2337) (0.2346) (0.2328) 
P4Approach20 121.749 122.016 122.2339 122.4961 122.2976 122.2077 121.6839 121.728 121.6981 122.1399 122.2351 
 (0.3731) (0.2435) (0.2307) (0.2297) (0.2281) (0.2289) (0.2272) (0.352) (0.2337) (0.2346) (0.2328) 
EL
P4Approach1 112.3224 115.477 115.4506 115.0298 115.3523 114.3924 113.6028 115.894 116.5807 115.8332 115.3209 
 (1.0139) (0.7371) (0.742) (0.7354) (0.7289) (0.7444) (0.7458) (1.0276) (0.7808) (0.7618) (0.7745) 
P4Approach2 114.3333 115.4833 115.0588 114.5544 116.2883 115.3584 115.6392 116.3607 116.6184 116.2932 114.3648 
 (1.0139) (0.7371) (0.742) (0.7354) (0.7289) (0.7444) (0.7458) (1.0276) (0.7808) (0.7618) (0.7745) 
P4Approach3 112.3224 115.477 115.4506 115.0298 115.3523 114.3924 113.6028 115.894 116.621 115.8332 115.3209 
 (1.0139) (0.7371) (0.742) (0.7354) (0.7289) (0.7444) (0.7458) (1.0276) (0.7808) (0.7618) (0.7745) 
P4Approach4 114.5188 115.346 114.6695 114.8185 115.9167 115.5679 115.5998 116.4088 116.4725 116.3605 114.448 
 (1.0139) (0.7371) (0.742) (0.7354) (0.7289) (0.7444) (0.7458) (1.0276) (0.7808) (0.7618) (0.7745) 
P4Approach5 113.3742 115.4458 115.1573 114.8581 115.7274 114.9278 114.6111 116.1394 116.5731 116.08 114.8636 
 (1.0139) (0.7371) (0.742) (0.7354) (0.7289) (0.7444) (0.7458) (1.0276) (0.7808) (0.7618) (0.7745) 
EE
P4Approach1 139.3112 141.217 142.5997 142.4837 142.7919 143.16 143.4263 143.6372 143.4825 142.0055 141.7624 
 (0.8643) (0.5464) (0.5531) (0.566) (0.5609) (0.5612) (0.5508) (0.931) (0.5422) (0.5622) (0.5576) 
P4Approach2 139.8398 141.5959 142.4989 142.2194 142.8236 142.9431 143.3124 143.2616 143.7683 141.7787 142.1161 
 (0.8643) (0.5464) (0.5531) (0.566) (0.5609) (0.5612) (0.5508) (0.931) (0.5422) (0.5622) (0.5576) 
P4Approach3 139.3112 141.217 142.5997 142.2365 142.9287 143.16 143.5762 143.9725 143.6111 142.0055 141.7624 
 (0.8643) (0.5464) (0.5531) (0.566) (0.5609) (0.5612) (0.5508) (0.931) (0.5422) (0.5622) (0.5576) 
P4Approach4 139.8663 141.4558 142.6697 142.1952 142.7773 142.8948 143.2496 143.1323 143.7476 141.7078 142.0783 
 (0.8643) (0.5464) (0.5531) (0.566) (0.5609) (0.5612) (0.5508) (0.931) (0.5422) (0.5622) (0.5576) 
P4Approach5 139.5822 141.3714 142.592 142.2837 142.8304 143.0395 143.3912 143.5009 143.6523 141.8744 141.9298 
 (0.8643) (0.5464) (0.5531) (0.566) (0.5609) (0.5612) (0.5508) (0.931) (0.5422) (0.5622) (0.5576) 
IT
P4Approach1 116.8086 119.1535 119.9355 119.9 120.0409 117.5322 117.548 119.88 120.352 119.7665 120.0372 
 (0.417) (0.3161) (0.3162) (0.3135) (0.3121) (0.2977) (0.3102) (0.3342) (0.3064) (0.279) (0.2791) 
P4Approach2 116.8542 119.02 120.0647 119.6454 120.1292 117.4447 117.5722 119.8852 120.4596 119.8316 120.173 
 (0.417) (0.3161) (0.3162) (0.3135) (0.3121) (0.2977) (0.3102) (0.3342) (0.3064) (0.279) (0.2791) 
P4Approach3 116.8086 119.1535 119.9355 119.9654 120.0409 117.5322 117.548 119.88 120.352 119.7665 120.0372 
 (0.417) (0.3161) (0.3162) (0.3135) (0.3121) (0.2977) (0.3102) (0.3342) (0.3064) (0.279) (0.2791) 
P4Approach4 116.9 118.9332 119.9 119.9 120.3 117.7 117.8 120.2 120.5 119.6652 120.0312 
 (0.417) (0.3161) (0.3162) (0.3135) (0.3121) (0.2977) (0.3102) (0.3342) (0.3064) (0.279) (0.2791) 
P4Approach5 116.8428 119.0651 119.959 119.8527 120.1277 117.5523 117.6171 119.9613 120.4159 119.7575 120.0697 
 (0.417) (0.3161) (0.3162) (0.3135) (0.3121) (0.2977) (0.3102) (0.3342) (0.3064) (0.279) (0.2791) 
CZ
P4Approach1 120.1618 120.0433 120.3077 121.2264 120.9624 120.8002 121.1672 120.6947 120.9609 120.9644 121.8313 
 (0.4449) (0.5588) (0.4998) (0.3332) (0.3357) (0.3213) (0.3375) (0.4771) (0.3323) (0.2966) (0.3017) 
P4Approach2 119.3878 120.414 120.5601 121.1906 120.8149 120.6553 121.2018 121.1493 120.9164 120.6723 121.6562 
 (0.4449) (0.5588) (0.4998) (0.3332) (0.3357) (0.3213) (0.3375) (0.4771) (0.3323) (0.2966) (0.3017) 
P4Approach3 120.0444 120.4509 120.3077 121.2264 120.9624 120.8002 121.1672 120.6947 120.9609 120.9644 121.8313 
 (0.4449) (0.5588) (0.4998) (0.3332) (0.3357) (0.3213) (0.3375) (0.4771) (0.3323) (0.2966) (0.3017) 
P4Approach4 119.3791 120.3829 120.538 121.2148 120.8447 120.6667 121.2278 121.2669 120.8593 120.6491 121.7131 
 (0.4449) (0.5588) (0.4998) (0.3332) (0.3357) (0.3213) (0.3375) (0.4771) (0.3323) (0.2966) (0.3017) 
P4Approach5 119.7433 120.3228 120.4284 121.2145 120.8961 120.7306 121.191 120.9514 120.9244 120.8126 121.7579 
 (0.4449) (0.5588) (0.4998) (0.3332) (0.3357) (0.3213) (0.3375) (0.4771) (0.3323) (0.2966) (0.3017) 
CY
P4Approach1 112.1199 112.6079 113.6194 113.8513 114.4787 113.2426 115.7646 116.8618 116.867 114.2891 113.2485 
 (1.4774) (0.9421) (0.9508) (0.9425) (0.9408) (0.9553) (0.9976) (1.4653) (0.9939) (1.0017) (0.9989) 
P4Approach2 113.3066 112.5714 113.31 114.2107 115.0302 114.1796 116.3724 116.0359 115.2032 113.7928 113.1051 
 (1.4774) (0.9421) (0.9508) (0.9425) (0.9408) (0.9553) (0.9976) (1.4653) (0.9939) (1.0017) (0.9989) 
P4Approach3 112.1199 112.6079 113.4376 113.8513 114.3531 113.1496 115.9305 116.3978 116.6853 114.2891 113.1472 
 (1.4774) (0.9421) (0.9508) (0.9425) (0.9408) (0.9553) (0.9976) (1.4653) (0.9939) (1.0017) (0.9989) 
P4Approach4 113.3395 112.5714 113.1584 114.2107 114.8745 114.1796 116.3358 115.8068 115.7702 113.653 112.9754 
 (1.4774) (0.9421) (0.9508) (0.9425) (0.9408) (0.9553) (0.9976) (1.4653) (0.9939) (1.0017) (0.9989) 
P4Approach5 112.7215 112.5896 113.3814 114.031 114.6841 113.6878 116.1008 116.2756 116.1314 114.006 113.1191 
 (1.4774) (0.9421) (0.9508) (0.9425) (0.9408) (0.9553) (0.9976) (1.4653) (0.9939) (1.0017) (0.9989) 
AT
P4Approach1 122.2659 123.8946 123.7332 123.4832 123.2753 122.1771 122.5693 123.5833 123.8428 124.0492 124.8892 
 (0.4591) (0.3348) (0.3398) (0.3416) (0.3354) (0.337) (0.3306) (0.4629) (0.3258) (0.3252) (0.3233) 
P4Approach2 122.1474 123.5793 123.4778 123.3657 123.2434 122.4614 122.6575 123.6313 123.8837 124.1288 125.0586 
 (0.4591) (0.3348) (0.3398) (0.3416) (0.3354) (0.337) (0.3306) (0.4629) (0.3258) (0.3252) (0.3233) 
P4Approach3 122.2659 123.8946 123.7332 123.4832 123.2753 122.1771 122.5693 123.5833 123.8428 124.0492 124.8892 
 (0.4591) (0.3348) (0.3398) (0.3416) (0.3354) (0.337) (0.3306) (0.4629) (0.3258) (0.3252) (0.3233) 
P4Approach4 122.1964 123.5475 123.4468 123.3657 123.2243 122.4614 122.6575 123.6313 123.9021 124.1436 125.0628 
 (0.4591) (0.3348) (0.3398) (0.3416) (0.3354) (0.337) (0.3306) (0.4629) (0.3258) (0.3252) (0.3233) 
P4Approach5 122.2189 123.729 123.5978 123.4244 123.2546 122.3193 122.6134 123.6073 123.8679 124.0927 124.9749 
 (0.4591) (0.3348) (0.3398) (0.3416) (0.3354) (0.337) (0.3306) (0.4629) (0.3258) (0.3252) (0.3233) 
IE
P4Approach1 106.7711 107.0997 107.1696 107.3322 107.736 107.8737 108.3267 108.3912 107.2865 106.8272 106.782 
 (0.3934) (0.2619) (0.2588) (0.2563) (0.2563) (0.2567) (0.2589) (0.3976) (0.2722) (0.2727) (0.2709) 
P4Approach2 107.231 107.1233 107.0508 107.4554 108.0097 107.9995 108.3882 108.244 107.1646 106.5632 106.6136 
 (0.3934) (0.2619) (0.2588) (0.2563) (0.2563) (0.2567) (0.2589) (0.3976) (0.2722) (0.2727) (0.2709) 
P4Approach3 106.7711 107.0997 107.1696 107.3322 107.736 107.8737 108.3267 108.3912 107.2865 106.8272 106.782 
 (0.3934) (0.2619) (0.2588) (0.2563) (0.2563) (0.2567) (0.2589) (0.3976) (0.2722) (0.2727) (0.2709) 
P4Approach4 107.231 107.0313 107.0076 107.437 108.0097 108.0215 108.3959 108.2783 107.1803 106.5632 106.6136 
 (0.3934) (0.2619) (0.2588) (0.2563) (0.2563) (0.2567) (0.2589) (0.3976) (0.2722) (0.2727) (0.2709) 
P4Approach5 107.001 107.0885 107.0994 107.3892 107.8729 107.9421 108.3594 108.3262 107.2295 106.6952 106.6978 
 (0.3934) (0.2619) (0.2588) (0.2563) (0.2563) (0.2567) (0.2589) (0.3976) (0.2722) (0.2727) (0.2709) 
ES
P4Approach1 116.0259 118.237 119.2603 119.3597 119.4012 117.3766 117.8602 119.02 119.3426 119.3725 119.2012 
 (0.5394) (0.3956) (0.4004) (0.398) (0.3943) (0.3361) (0.3905) (0.509) (0.3854) (0.3544) (0.3514) 
P4Approach2 116.0263 118.1404 119.1727 119.274 119.4874 117.4406 117.9281 118.9991 119.0889 119.3385 119.1967 
 (0.5394) (0.3956) (0.4004) (0.398) (0.3943) (0.3361) (0.3905) (0.509) (0.3854) (0.3544) (0.3514) 
P4Approach3 116.0259 118.237 119.2603 119.3597 119.4012 117.3766 117.8602 119.02 119.3426 119.3725 119.2782 
 (0.5394) (0.3956) (0.4004) (0.398) (0.3943) (0.3361) (0.3905) (0.509) (0.3854) (0.3544) (0.3514) 
P4Approach4 116.0288 118.2235 119.1727 119.3433 119.4773 117.4238 117.93 118.9781 119.1705 119.2752 119.2178 
 (0.5394) (0.3956) (0.4004) (0.398) (0.3943) (0.3361) (0.3905) (0.509) (0.3854) (0.3544) (0.3514) 
P4Approach5 116.0267 118.2095 119.2165 119.3342 119.4418 117.4044 117.8946 119.0043 119.2362 119.3397 119.2235 
 (0.5394) (0.3956) (0.4004) (0.398) (0.3943) (0.3361) (0.3905) (0.509) (0.3854) (0.3544) (0.3514) 
EA19
P4Approach1 116.1117 117.1769 117.4793 117.402 117.4897 116.7409 117.1645 117.7147 117.8838 117.6977 118.0369 
 (0.2455) (0.1806) (0.1845) (0.1847) (0.1865) (0.1774) (0.1892) (0.2549) (0.188) (0.1878) (0.1863) 
P4Approach2 116.3109 117.1075 117.5608 117.4761 117.598 116.899 117.3431 117.8595 117.8366 117.6186 117.9505 
 (0.2455) (0.1806) (0.1845) (0.1847) (0.1865) (0.1774) (0.1892) (0.2549) (0.188) (0.1878) (0.1863) 
P4Approach3 116.1117 117.1769 117.4878 117.4502 117.5152 116.7088 117.1645 117.7147 117.8838 117.6977 118.0369 
 (0.2455) (0.1806) (0.1845) (0.1847) (0.1865) (0.1774) (0.1892) (0.2549) (0.188) (0.1878) (0.1863) 
P4Approach4 116.1909 117.085 117.5686 117.4631 117.6436 116.8791 117.3164 117.8394 117.8578 117.6315 117.9447 
 (0.2455) (0.1806) (0.1845) (0.1847) (0.1865) (0.1774) (0.1892) (0.2549) (0.188) (0.1878) (0.1863) 
P4Approach5 116.1813 117.1366 117.5241 117.4479 117.5616 116.8069 117.2471 117.7821 117.8655 117.6614 117.9922 
 (0.2455) (0.1806) (0.1845) (0.1847) (0.1865) (0.1774) (0.1892) (0.2549) (0.188) (0.1878) (0.1863) 
P4Approach6 116.1117 117.1769 117.4793 117.402 117.4897 116.7409 117.1645 117.7147 117.8838 117.6977 118.0369 
 (0.2455) (0.1806) (0.1845) (0.1847) (0.1865) (0.1774) (0.1892) (0.2549) (0.188) (0.1878) (0.1863) 
P4Approach7 116.3109 117.1075 117.5608 117.4761 117.598 116.899 117.3431 117.8595 117.8366 117.6186 117.9505 
 (0.2455) (0.1806) (0.1845) (0.1847) (0.1865) (0.1774) (0.1892) (0.2549) (0.188) (0.1878) (0.1863) 
P4Approach8 116.1117 117.1769 117.4878 117.4502 117.5152 116.7088 117.1645 117.7147 117.8838 117.6977 118.0369 
 (0.2455) (0.1806) (0.1845) (0.1847) (0.1865) (0.1774) (0.1892) (0.2549) (0.188) (0.1878) (0.1863) 
P4Approach9 116.1909 117.085 117.5686 117.4631 117.6436 116.8791 117.3164 117.8394 117.8578 117.6315 117.9447 
 (0.2455) (0.1806) (0.1845) (0.1847) (0.1865) (0.1774) (0.1892) (0.2549) (0.188) (0.1878) (0.1863) 
P4Approach10 116.1813 117.1366 117.5241 117.4479 117.5616 116.8069 117.2471 117.7821 117.8655 117.6614 117.9922 
 (0.2455) (0.1806) (0.1845) (0.1847) (0.1865) (0.1774) (0.1892) (0.2549) (0.188) (0.1878) (0.1863) 
P4Approach11 116.1117 117.1769 117.4793 117.402 117.4897 116.7409 117.1645 117.7147 117.8838 117.6977 118.0369 
 (0.2455) (0.1806) (0.1845) (0.1847) (0.1865) (0.1774) (0.1892) (0.2549) (0.188) (0.1878) (0.1863) 
P4Approach12 116.3109 117.1075 117.5608 117.4761 117.598 116.899 117.3431 117.8595 117.8366 117.6186 117.9505 
 (0.2455) (0.1806) (0.1845) (0.1847) (0.1865) (0.1774) (0.1892) (0.2549) (0.188) (0.1878) (0.1863) 
P4Approach13 116.1117 117.1769 117.4878 117.4502 117.5152 116.7088 117.1645 117.7147 117.8838 117.6977 118.0369 
 (0.2455) (0.1806) (0.1845) (0.1847) (0.1865) (0.1774) (0.1892) (0.2549) (0.188) (0.1878) (0.1863) 
P4Approach14 116.1909 117.085 117.5686 117.4631 117.6436 116.8791 117.3164 117.8394 117.8578 117.6315 117.9447 
 (0.2455) (0.1806) (0.1845) (0.1847) (0.1865) (0.1774) (0.1892) (0.2549) (0.188) (0.1878) (0.1863) 
P4Approach15 116.1813 117.1366 117.5241 117.4479 117.5616 116.8069 117.2471 117.7821 117.8655 117.6614 117.9922 
 (0.2455) (0.1806) (0.1845) (0.1847) (0.1865) (0.1774) (0.1892) (0.2549) (0.188) (0.1878) (0.1863) 
P4Approach16 116.1117 117.1769 117.4793 117.402 117.4897 116.7409 117.1645 117.7147 117.8838 117.6977 118.0369 
 (0.2455) (0.1806) (0.1845) (0.1847) (0.1865) (0.1774) (0.1892) (0.2549) (0.188) (0.1878) (0.1863) 
P4Approach17 116.3109 117.1075 117.5608 117.4761 117.598 116.899 117.3431 117.8595 117.8366 117.6186 117.9505 
 (0.2455) (0.1806) (0.1845) (0.1847) (0.1865) (0.1774) (0.1892) (0.2549) (0.188) (0.1878) (0.1863) 
P4Approach18 116.1117 117.1769 117.4878 117.4502 117.5152 116.7088 117.1645 117.7147 117.8838 117.6977 118.0369 
 (0.2455) (0.1806) (0.1845) (0.1847) (0.1865) (0.1774) (0.1892) (0.2549) (0.188) (0.1878) (0.1863) 
P4Approach19 116.1909 117.085 117.5686 117.4631 117.6436 116.8791 117.3164 117.8394 117.8578 117.6315 117.9447 
 (0.2455) (0.1806) (0.1845) (0.1847) (0.1865) (0.1774) (0.1892) (0.2549) (0.188) (0.1878) (0.1863) 
P4Approach20 116.1813 117.1366 117.5241 117.4479 117.5616 116.8069 117.2471 117.7821 117.8655 117.6614 117.9922 
 (0.2455) (0.1806) (0.1845) (0.1847) (0.1865) (0.1774) (0.1892) (0.2549) (0.188) (0.1878) (0.1863) 
SK
P4Approach1 121.4886 120.6081 120.5383 121.0036 120.8019 120.7207 120.5049 120.5036 120.6447 120.9335 121.0275 
 (0.4278) (0.2754) (0.2722) (0.2793) (0.277) (0.2757) (0.2733) (0.4585) (0.269) (0.2661) (0.2646) 
P4Approach2 120.7145 120.9588 120.7411 121.3919 120.8851 120.8086 120.7508 120.8818 120.6942 121.0361 120.9921 
 (0.4278) (0.2754) (0.2722) (0.2793) (0.277) (0.2757) (0.2733) (0.4585) (0.269) (0.2661) (0.2646) 
P4Approach3 121.4886 120.6081 120.5383 121.0036 120.7605 120.7207 120.5049 120.5036 120.6447 120.9335 121.0275 
 (0.4278) (0.2754) (0.2722) (0.2793) (0.277) (0.2757) (0.2733) (0.4585) (0.269) (0.2661) (0.2646) 
P4Approach4 120.7396 120.9525 120.7142 121.4077 120.8851 120.8577 120.7508 120.8818 120.6999 121.0361 120.9921 
 (0.4278) (0.2754) (0.2722) (0.2793) (0.277) (0.2757) (0.2733) (0.4585) (0.269) (0.2661) (0.2646) 
P4Approach5 121.1078 120.7819 120.633 121.2017 120.8332 120.7769 120.6279 120.6927 120.6708 120.9848 121.0098 
 (0.4278) (0.2754) (0.2722) (0.2793) (0.277) (0.2757) (0.2733) (0.4585) (0.269) (0.2661) (0.2646) 
P4Approach6 121.4886 120.6081 120.5383 121.0036 120.8019 120.7207 120.5049 120.5036 120.6447 120.9335 121.0275 
 (0.4278) (0.2754) (0.2722) (0.2793) (0.277) (0.2757) (0.2733) (0.4585) (0.269) (0.2661) (0.2646) 
P4Approach7 120.7145 120.9588 120.7411 121.3919 120.8851 120.8086 120.7508 120.8818 120.6942 121.0361 120.9921 
 (0.4278) (0.2754) (0.2722) (0.2793) (0.277) (0.2757) (0.2733) (0.4585) (0.269) (0.2661) (0.2646) 
P4Approach8 121.4886 120.6081 120.5383 121.0036 120.7605 120.7207 120.5049 120.5036 120.6447 120.9335 121.0275 
 (0.4278) (0.2754) (0.2722) (0.2793) (0.277) (0.2757) (0.2733) (0.4585) (0.269) (0.2661) (0.2646) 
P4Approach9 120.7396 120.9525 120.7142 121.4077 120.8851 120.8577 120.7508 120.8818 120.6999 121.0361 120.9921 
 (0.4278) (0.2754) (0.2722) (0.2793) (0.277) (0.2757) (0.2733) (0.4585) (0.269) (0.2661) (0.2646) 
P4Approach10 121.1078 120.7819 120.633 121.2017 120.8332 120.7769 120.6279 120.6927 120.6708 120.9848 121.0098 
 (0.4278) (0.2754) (0.2722) (0.2793) (0.277) (0.2757) (0.2733) (0.4585) (0.269) (0.2661) (0.2646) 
MT
P4Approach1 118.2826 119.5307 123.1551 124.4583 125.4971 125.373 125.7925 124.6707 124.798 121.4164 121.2503 
 (0.9739) (0.6108) (0.5965) (0.5908) (0.5855) (0.5843) (0.5836) (0.9121) (0.5802) (0.55) (0.5476) 
P4Approach2 118.7155 119.8428 123.2104 124.5663 125.9531 126.1181 126.3701 125.356 124.5712 121.15 121.0672 
 (0.9739) (0.6108) (0.5965) (0.5908) (0.5855) (0.5843) (0.5836) (0.9121) (0.5802) (0.55) (0.5476) 
P4Approach3 118.2826 119.5712 123.2234 124.4583 125.5289 125.373 125.8294 124.7502 124.8022 121.4164 121.2503 
 (0.9739) (0.6108) (0.5965) (0.5908) (0.5855) (0.5843) (0.5836) (0.9121) (0.5802) (0.55) (0.5476) 
P4Approach4 118.7155 119.8428 123.2104 124.5663 125.9531 126.1181 126.3701 125.356 124.5712 121.15 121.0672 
 (0.9739) (0.6108) (0.5965) (0.5908) (0.5855) (0.5843) (0.5836) (0.9121) (0.5802) (0.55) (0.5476) 
P4Approach5 118.4991 119.6969 123.1998 124.5123 125.7331 125.7455 126.0906 125.0332 124.6857 121.2832 121.1587 
 (0.9739) (0.6108) (0.5965) (0.5908) (0.5855) (0.5843) (0.5836) (0.9121) (0.5802) (0.55) (0.5476) 
SI
P4Approach1 119.4906 119.6058 120.3474 120.776 121.104 121.1095 120.367 120.5774 121.09 121.4944 120.8617 
 (0.723) (0.6347) (0.6207) (0.4106) (0.4146) (0.4349) (0.4253) (0.6553) (0.4207) (0.4349) (0.4319) 
P4Approach2 119.8989 119.5796 120.2693 120.8153 121.2085 121.1066 120.5874 121.0073 120.8597 121.6802 120.9298 
 (0.723) (0.6347) (0.6207) (0.4106) (0.4146) (0.4349) (0.4253) (0.6553) (0.4207) (0.4349) (0.4319) 
P4Approach3 119.4906 119.1687 120.2046 120.776 121.104 121.1095 120.367 120.5774 121.09 121.4944 120.8617 
 (0.723) (0.6347) (0.6207) (0.4106) (0.4146) (0.4349) (0.4253) (0.6553) (0.4207) (0.4349) (0.4319) 
P4Approach4 119.9278 119.6812 120.3996 120.8211 121.2085 121.3259 120.5874 121.0073 120.8597 121.6802 120.9298 
 (0.723) (0.6347) (0.6207) (0.4106) (0.4146) (0.4349) (0.4253) (0.6553) (0.4207) (0.4349) (0.4319) 
P4Approach5 119.702 119.5088 120.3052 120.7971 121.1563 121.1629 120.4772 120.7923 120.9749 121.5873 120.8957 
 (0.723) (0.6347) (0.6207) (0.4106) (0.4146) (0.4349) (0.4253) (0.6553) (0.4207) (0.4349) (0.4319) 
UK
P4Approach1 124.508 124.3442 124.8385 124.7934 124.5874 124.1682 124.8676 124.9923 125.2954 125.4427 125.8106 
 (0.3622) (0.2813) (0.2167) (0.2182) (0.2169) (0.2883) (0.2202) (0.2919) (0.2982) (0.2071) (0.2067) 
P4Approach2 124.3448 124.2014 124.7124 124.6294 124.6713 124.5013 124.9405 125.0489 125.2894 125.5298 125.7634 
 (0.3622) (0.2813) (0.2167) (0.2182) (0.2169) (0.2883) (0.2202) (0.2919) (0.2982) (0.2071) (0.2067) 
P4Approach3 124.508 124.3442 124.8385 124.7934 124.5874 124.1682 124.8676 124.9923 125.2954 125.4427 125.8106 
 (0.3622) (0.2813) (0.2167) (0.2182) (0.2169) (0.2883) (0.2202) (0.2919) (0.2982) (0.2071) (0.2067) 
P4Approach4 124.3448 124.1564 124.7124 124.6294 124.6713 124.5013 124.9265 125.0081 125.2451 125.4817 125.7641 
 (0.3622) (0.2813) (0.2167) (0.2182) (0.2169) (0.2883) (0.2202) (0.2919) (0.2982) (0.2071) (0.2067) 
P4Approach5 124.4264 124.2615 124.7754 124.7114 124.6293 124.3348 124.9005 125.0104 125.2813 125.4742 125.7872 
 (0.3622) (0.2813) (0.2167) (0.2182) (0.2169) (0.2883) (0.2202) (0.2919) (0.2982) (0.2071) (0.2067) 
P4Approach6 124.508 124.3442 124.8385 124.7934 124.5874 124.1682 124.8676 124.9923 125.2954 125.4427 125.8106 
 (0.3622) (0.2813) (0.2167) (0.2182) (0.2169) (0.2883) (0.2202) (0.2919) (0.2982) (0.2071) (0.2067) 
P4Approach7 124.3448 124.2014 124.7124 124.6294 124.6713 124.5013 124.9405 125.0489 125.2894 125.5298 125.7634 
 (0.3622) (0.2813) (0.2167) (0.2182) (0.2169) (0.2883) (0.2202) (0.2919) (0.2982) (0.2071) (0.2067) 
P4Approach8 124.508 124.3442 124.8385 124.7934 124.5874 124.1682 124.8676 124.9923 125.2954 125.4427 125.8106 
 (0.3622) (0.2813) (0.2167) (0.2182) (0.2169) (0.2883) (0.2202) (0.2919) (0.2982) (0.2071) (0.2067) 
P4Approach9 124.3448 124.1564 124.7124 124.6294 124.6713 124.5013 124.9265 125.0081 125.2451 125.4817 125.7641 
 (0.3622) (0.2813) (0.2167) (0.2182) (0.2169) (0.2883) (0.2202) (0.2919) (0.2982) (0.2071) (0.2067) 
P4Approach10 124.4264 124.2615 124.7754 124.7114 124.6293 124.3348 124.9005 125.0104 125.2813 125.4742 125.7872 
 (0.3622) (0.2813) (0.2167) (0.2182) (0.2169) (0.2883) (0.2202) (0.2919) (0.2982) (0.2071) (0.2067) 
P4Approach16 124.508 124.3442 124.8385 124.7934 124.5874 124.1682 124.8676 124.9923 125.2954 125.4427 125.8106 
 (0.3622) (0.2813) (0.2167) (0.2182) (0.2169) (0.2883) (0.2202) (0.2919) (0.2982) (0.2071) (0.2067) 
P4Approach17 124.3448 124.2014 124.7124 124.6294 124.6713 124.5013 124.9405 125.0489 125.2894 125.5298 125.7634 
 (0.3622) (0.2813) (0.2167) (0.2182) (0.2169) (0.2883) (0.2202) (0.2919) (0.2982) (0.2071) (0.2067) 
P4Approach18 124.508 124.3442 124.8385 124.7934 124.5874 124.1682 124.8676 124.9923 125.2954 125.4427 125.8106 
 (0.3622) (0.2813) (0.2167) (0.2182) (0.2169) (0.2883) (0.2202) (0.2919) (0.2982) (0.2071) (0.2067) 
P4Approach19 124.3448 124.1564 124.7124 124.6294 124.6713 124.5013 124.9265 125.0081 125.2451 125.4817 125.7641 
 (0.3622) (0.2813) (0.2167) (0.2182) (0.2169) (0.2883) (0.2202) (0.2919) (0.2982) (0.2071) (0.2067) 
P4Approach20 124.4264 124.2615 124.7754 124.7114 124.6293 124.3348 124.9005 125.0104 125.2813 125.4742 125.7872 
 (0.3622) (0.2813) (0.2167) (0.2182) (0.2169) (0.2883) (0.2202) (0.2919) (0.2982) (0.2071) (0.2067) 
SE
P4Approach1 114.6759 115.2058 115.6478 115.6862 115.4709 115.0213 115.4794 116.1921 116.0676 115.7853 116.1071 
 (0.3459) (0.2902) (0.2899) (0.29) (0.2879) (0.2889) (0.2912) (0.3437) (0.2966) (0.2836) (0.2812) 
P4Approach2 114.8166 114.89 115.4463 115.8632 115.4515 115.692 115.572 116.1992 115.8266 115.5032 116.1425 
 (0.3459) (0.2902) (0.2899) (0.29) (0.2879) (0.2889) (0.2912) (0.3437) (0.2966) (0.2836) (0.2812) 
P4Approach3 114.6759 115.2058 115.6478 115.6862 115.4862 115.0497 115.4794 116.1921 116.0676 115.7853 116.1071 
 (0.3459) (0.2902) (0.2899) (0.29) (0.2879) (0.2889) (0.2912) (0.3437) (0.2966) (0.2836) (0.2812) 
P4Approach4 114.811 114.8983 115.5039 115.8437 115.4166 115.692 115.5734 116.1978 115.7673 115.5147 116.1716 
 (0.3459) (0.2902) (0.2899) (0.29) (0.2879) (0.2889) (0.2912) (0.3437) (0.2966) (0.2836) (0.2812) 
P4Approach5 114.7448 115.05 115.5614 115.7698 115.4563 115.3638 115.5261 116.1953 115.9323 115.6471 116.1321 
 (0.3459) (0.2902) (0.2899) (0.29) (0.2879) (0.2889) (0.2912) (0.3437) (0.2966) (0.2836) (0.2812) 
P5
EA-18
P5Approach1 117.1952 117.095431826 117.623619668 117.527722887 117.63210508 116.888992212 117.322445658 117.765895618 117.898407532 117.572939672 117.880623038 
 (0.2167) (0.1345) (0.1358) (0.1363) (0.1379) (0.1349) (0.1319) (0.1319) (0.1375) (0.1375) (0.1335) 
P5Approach2 117.2571 117.083459258 117.619900035 117.52911775 117.642450308 116.914913402 117.363710334 117.80820644 117.935255144 117.619435081 117.923398814 
 (0.2313) (0.1464) (0.1483) (0.1491) (0.1491) (0.1488) (0.1479) (0.1480) (0.1484) (0.1485) (0.1480) 
P5Approach3 115.9500 117.073346507 117.53934674 117.629780309 117.520981053 116.773799837 117.211554109 117.742299198 117.836684877 117.706613972 117.942694409 
 (0.1537) (0.1131) (0.1127) (0.1079) (0.1215) (0.1145) (0.1149) (0.1093) (0.1164) (0.1155) (0.1134) 
P5Approach4 116.0168 117.065791003 117.556201325 117.622573521 117.519121237 116.791933047 117.227711264 117.738812042 117.851098454 117.70521911 117.997442753 
 (0.1549) (0.1134) (0.1131) (0.1080) (0.1216) (0.1142) (0.1148) (0.1108) (0.1160) (0.1155) (0.1135) 
P5Approach5 115.9635 117.077647332 117.533186098 117.628269208 117.521446007 116.775659654 117.214460072 117.726723236 117.83959084 117.704289201 117.950366151 
 (0.1633) (0.1133) (0.1137) (0.1080) (0.1212) (0.1149) (0.1152) (0.1110) (0.1165) (0.1152) (0.1150) 
P5Approach6 115.9319 117.089852377 117.537603162 117.651633151 117.53225619 116.784377543 117.212367779 117.743112868 117.862141114 117.720795071 117.954085784 
 (0.1614) (0.1132) (0.1127) (0.1069) (0.1215) (0.1149) (0.1154) (0.1107) (0.1153) (0.1150) (0.1149) 
P5Approach7 115.9501 117.101011275 117.523654539 117.641752877 117.524235732 116.767522957 117.202255027 117.735557364 117.83017552 117.711960944 117.965360921 
 (0.1611) (0.1129) (0.1141) (0.1079) (0.1216) (0.1135) (0.1152) (0.1111) (0.1146) (0.1154) (0.1144) 
P5Approach8 115.9451 117.093107056 117.538881785 117.643961409 117.542252703 116.785539928 117.21701732 117.743926537 117.854236894 117.719632686 117.967104498 
 (0.1624) (0.1125) (0.1142) (0.1073) (0.1196) (0.1146) (0.1154) (0.1101) (0.1152) (0.1144) (0.1135) 
P5Approach9 115.9718 117.074508892 117.515982797 117.611995815 117.519121237 116.765779379 117.199581541 117.719167732 117.841566895 117.704986633 117.941299547 
 (0.1575) (0.1136) (0.1138) (0.1079) (0.1216) (0.1149) (0.1149) (0.1108) (0.1165) (0.1155) (0.1148) 
P5Approach10 115.9583 117.087760084 117.556085087 117.635127281 117.519934906 116.777286993 117.214576311 117.745205161 117.846216436 117.710333605 117.956061839 
 (0.1612) (0.1125) (0.1115) (0.1078) (0.1216) (0.1151) (0.1154) (0.1077) (0.1163) (0.1153) (0.1147) 
P5Approach11 115.9530 117.091595955 117.526560502 117.66511682 117.507729862 116.786586075 117.213413925 117.759851215 117.850284784 117.719400209 117.955596885 
 (0.1632) (0.1133) (0.1141) (0.1067) (0.1214) (0.1148) (0.1154) (0.1084) (0.1163) (0.1150) (0.1135) 
P5Approach12 115.9734 117.072881553 117.535045914 117.625130768 117.517377659 116.776124608 117.216087411 117.72323608 117.834825061 117.698012321 117.943275602 
 (0.1611) (0.1125) (0.1143) (0.1072) (0.1204) (0.1151) (0.1154) (0.1108) (0.1161) (0.1150) (0.1147) 
P5Approach13 115.9966 117.088457515 117.567708939 117.65174939 117.535510868 116.805997908 117.250261537 117.761246077 117.865163315 117.716842962 117.970707893 
 (0.1586) (0.1134) (0.1119) (0.1071) (0.1214) (0.1138) (0.1138) (0.1097) (0.1157) (0.1153) (0.1140) 
P5Approach14 116.1587 117.084272928 117.551784261 117.62024875 117.541090317 116.799604789 117.23584796 117.747181216 117.857375334 117.693130303 117.949901197 
 (0.4785) (0.1180) (0.1215) (0.1191) (0.1300) (0.1254) (0.1262) (0.1168) (0.1229) (0.1254) (0.1209) 
P5Approach15 115.9759 117.085784029 117.550389399 117.64233407 117.526095548 116.790189469 117.216552365 117.749273509 117.849122399 117.711379751 117.975241195 
 (0.1287) (0.1133) (0.1136) (0.1084) (0.1213) (0.1148) (0.1156) (0.1092) (0.1161) (0.1153) (0.1167) 
FR
P5Approach1 114.9946 114.774683255 114.964615911 115.220636914 115.245862344 114.749800251 115.502111631 115.123273599 115.216185367 114.78621162 115.249514896 
 (0.2637) (0.1624) (0.1616) (0.1638) (0.1624) (0.1637) (0.1647) (0.1615) (0.1640) (0.1655) (0.1651) 
P5Approach2 115.0288 114.792032873 114.958794658 115.210820683 115.252939162 114.748088118 115.528935053 115.134801963 115.184453829 114.787124757 115.335806415 
 (0.2737) (0.1736) (0.1745) (0.1741) (0.1743) (0.1739) (0.1731) (0.1737) (0.1728) (0.1727) (0.1723) 
P5Approach3 114.1101 114.854240384 114.871932428 115.130236274 115.132404977 114.561123159 115.388540121 115.022371875 115.137883803 114.872959708 115.25487958 
 (0.1917) (0.1347) (0.1398) (0.1387) (0.1400) (0.1370) (0.1438) (0.1324) (0.1468) (0.1400) (0.1272) 
P5Approach4 114.1216 114.853783815 114.871361717 115.130122132 115.131377697 114.560780733 115.39002397 115.023170871 115.135943385 114.862116197 115.256249287 
 (0.1958) (0.1338) (0.1395) (0.1394) (0.1399) (0.1373) (0.1442) (0.1328) (0.1466) (0.1384) (0.1282) 
P5Approach5 114.1435 114.864741468 114.87923753 115.133774683 115.140166648 114.57299395 115.408743294 115.026252711 115.14438991 114.86896473 115.269147358 
 (0.1919) (0.1358) (0.1398) (0.1392) (0.1406) (0.1370) (0.1445) (0.1331) (0.1468) (0.1399) (0.1275) 
P5Approach6 114.1246 114.861431343 114.878895103 115.129437279 115.137313092 114.566830271 115.396644219 115.024426435 115.14747175 114.880150668 115.258532131 
 (0.1966) (0.1361) (0.1396) (0.1394) (0.1407) (0.1376) (0.1460) (0.1331) (0.1459) (0.1393) (0.1283) 
P5Approach7 114.1244 114.859490926 114.873416277 115.130236274 115.13719895 114.565346422 115.39516037 115.026366853 115.139481794 114.872959708 115.258189704 
 (0.1941) (0.1359) (0.1399) (0.1394) (0.1406) (0.1372) (0.1428) (0.1331) (0.1468) (0.1400) (0.1275) 
P5Approach8 114.1150 114.858577788 114.877411254 115.124300879 115.136742381 114.575847506 115.406232165 115.026480995 115.14644447 114.881177948 115.260130122 
 (0.1962) (0.1361) (0.1399) (0.1393) (0.1407) (0.1374) (0.1458) (0.1331) (0.1459) (0.1394) (0.1283) 
P5Approach9 114.1166 114.818970437 114.841114028 115.133774683 115.119050337 114.54982308 115.354525739 115.002282844 115.139938363 114.872274854 115.241296656 
 (0.1958) (0.1346) (0.1391) (0.1394) (0.1405) (0.1374) (0.1445) (0.1323) (0.1469) (0.1400) (0.1278) 
P5Approach10 114.0997 114.864170757 114.882091085 115.119963474 115.144504052 114.565346422 115.403036183 115.02157288 115.154320283 114.888597192 115.254993722 
 (0.1958) (0.1361) (0.1399) (0.1392) (0.1405) (0.1376) (0.1459) (0.1330) (0.1462) (0.1391) (0.1282) 
P5Approach11 114.0907 114.859034357 114.880607237 115.108663395 115.135943385 114.562036297 115.396872503 115.020317315 115.14130807 114.86896473 115.254308869 
 (0.1947) (0.1361) (0.1400) (0.1387) (0.1407) (0.1375) (0.1460) (0.1330) (0.1465) (0.1393) (0.1282) 
P5Approach12 114.1310 114.845109006 114.863942472 115.09405319 115.112772515 114.547654377 115.387056272 115.025796142 115.133660541 114.869649583 115.252710878 
 (0.1955) (0.1358) (0.1399) (0.1386) (0.1402) (0.1372) (0.1459) (0.1331) (0.1467) (0.1399) (0.1282) 
P5Approach13 114.1189 114.871475859 114.875699121 115.139938363 115.148613172 114.572651524 115.385800708 115.052048853 115.14541719 114.894418445 115.268576647 
 (0.1922) (0.1340) (0.1374) (0.1392) (0.1404) (0.1374) (0.1458) (0.1292) (0.1469) (0.1388) (0.1257) 
P5Approach14 114.1401 114.862344481 114.88026481 115.123387741 115.137655519 114.573336377 115.419472663 115.025339573 115.152379865 114.871475859 115.262755393 
 (0.1954) (0.1361) (0.1399) (0.1393) (0.1407) (0.1374) (0.1451) (0.1331) (0.1466) (0.1400) (0.1282) 
P5Approach15 114.2471 114.845679717 114.885629494 115.137769661 115.150896016 114.590800137 115.411710992 115.039607351 115.151352585 114.862686908 115.262641251 
 (0.3596) (0.1427) (0.1468) (0.1468) (0.1492) (0.1533) (0.1538) (0.1421) (0.1511) (0.1468) (0.1357) 
P5Approach16 114.1223 114.85766465 114.873758703 115.127725146 115.137541377 114.568314119 115.400753339 115.033329529 115.145987901 114.880036526 115.259787695 
 (0.1658) (0.1352) (0.1397) (0.1395) (0.1411) (0.1386) (0.1460) (0.1322) (0.1467) (0.1396) (0.1278) 
DE
P5Approach1 115.7180 115.484879725 115.642955326 115.345704467 115.404581901 115.934020619 116.339404353 116.1534937 116.241580756 116.249484536 116.680641466 
 (0.3470) (0.2380) (0.2410) (0.2389) (0.2378) (0.2392) (0.2385) (0.2364) (0.2423) (0.2361) (0.2391) 
P5Approach2 115.8516 115.676174112 115.620962199 115.350744559 115.327949599 115.932187858 116.284077892 116.251775487 116.273081329 116.355097365 116.768155785 
 (0.3050) (0.2031) (0.2055) (0.2048) (0.2351) (0.2345) (0.2357) (0.2354) (0.2349) (0.2050) (0.2050) 
P5Approach3 115.4443 115.548453608 115.546735395 115.375143184 115.382932417 116.017067583 116.331271478 116.268499427 116.371134021 116.386368843 116.590950745 
 (0.2224) (0.1705) (0.1740) (0.1734) (0.1747) (0.1760) (0.1729) (0.1726) (0.1763) (0.1756) (0.1756) 
P5Approach4 115.4443 115.54604811 115.529438717 115.352806415 115.359793814 115.982130584 116.295189003 116.252004582 116.370561283 116.376861397 116.590607102 
 (0.2232) (0.1709) (0.1739) (0.1732) (0.1747) (0.1755) (0.1719) (0.1725) (0.1763) (0.1755) (0.1756) 
P5Approach5 115.4217 115.563688431 115.539404353 115.345933562 115.376059565 115.977319588 116.288430699 116.262428408 116.354639175 116.394845361 116.59255441 
 (0.2224) (0.1708) (0.1739) (0.1730) (0.1749) (0.1754) (0.1717) (0.1726) (0.1761) (0.1756) (0.1756) 
P5Approach6 115.4639 115.552119129 115.548109966 115.376861397 115.378465063 116.013287514 116.33069874 116.267010309 116.372164948 116.387514318 116.590950745 
 (0.2221) (0.1705) (0.1739) (0.1733) (0.1749) (0.1760) (0.1729) (0.1726) (0.1761) (0.1755) (0.1756) 
P5Approach7 115.4651 115.586368843 115.541695304 115.397250859 115.423482245 116.093241695 116.333104238 116.226804124 116.343757159 116.3604811 116.587056128 
 (0.2230) (0.1681) (0.1707) (0.1712) (0.1723) (0.1736) (0.1727) (0.1700) (0.1730) (0.1732) (0.1755) 
P5Approach8 115.4592 115.53069874 115.529667812 115.361512027 115.376403207 116.015463918 116.324627721 116.265292096 116.373424971 116.383046964 116.579725086 
 (0.2224) (0.1703) (0.1733) (0.1728) (0.1749) (0.1761) (0.1727) (0.1724) (0.1755) (0.1754) (0.1748) 
P5Approach9 115.4564 115.550400916 115.539289805 115.375715922 115.38373425 116.018785796 116.326460481 116.265063001 116.372737686 116.386483391 116.586483391 
 (0.2233) (0.1709) (0.1739) (0.1735) (0.1749) (0.1760) (0.1728) (0.1726) (0.1763) (0.1756) (0.1755) 
P5Approach10 115.4270 115.522909507 115.511111111 115.356586483 115.357388316 115.976059565 116.293585338 116.247193585 116.358762887 116.379037801 116.569072165 
 (0.2222) (0.1701) (0.1727) (0.1727) (0.1741) (0.1736) (0.1711) (0.1721) (0.1761) (0.1755) (0.1751) 
P5Approach11 115.4291 115.53814433 115.536769759 115.357846506 115.363573883 115.99163803 116.31489118 116.260366552 116.366323024 116.412829324 116.600572738 
 (0.2226) (0.1708) (0.1739) (0.1732) (0.1747) (0.1758) (0.1727) (0.1726) (0.1763) (0.1750) (0.1755) 
P5Approach12 115.4068 115.556242841 115.549026346 115.363344788 115.375257732 116.020160367 116.330355097 116.271821306 116.372394044 116.391408935 116.604925544 
 (0.2198) (0.1708) (0.1740) (0.1732) (0.1749) (0.1761) (0.1729) (0.1726) (0.1763) (0.1756) (0.1751) 
P5Approach13 115.4597 115.549140893 115.547880871 115.378808706 115.380297824 116.00790378 116.323940435 116.269644903 116.375945017 116.3860252 116.592668958 
 (0.2232) (0.1698) (0.1737) (0.1734) (0.1748) (0.1760) (0.1725) (0.1725) (0.1761) (0.1756) (0.1756) 
P5Approach14 115.4321 115.564261168 115.557961054 115.371706758 115.3860252 116.015922108 116.326002291 116.26093929 116.375601375 116.390148912 116.593356243 
 (0.2221) (0.1706) (0.1738) (0.1735) (0.1746) (0.1758) (0.1729) (0.1726) (0.1763) (0.1756) (0.1756) 
P5Approach15 115.4530 115.548339061 115.540206186 115.367239404 115.370446735 115.995189003 116.313516609 116.254982818 116.363917526 116.360137457 116.578006873 
 (0.2231) (0.1709) (0.1739) (0.1733) (0.1748) (0.1757) (0.1725) (0.1724) (0.1762) (0.1744) (0.1752) 
P5Approach16 115.4888 115.554524628 115.552119129 115.365177549 115.376403207 115.999312715 116.317067583 116.251775487 116.352348225 116.373310424 116.607101947 
 (0.2433) (0.1812) (0.1834) (0.1808) (0.1849) (0.1877) (0.1830) (0.1838) (0.1886) (0.1847) (0.1875) 
P5Approach17 115.4422 115.563459336 115.551202749 115.371821306 115.395303551 116.042038946 116.317182131 116.247537228 116.354753723 116.378006873 116.603550974 
 (0.1897) (0.1705) (0.1789) (0.1733) (0.1751) (0.1793) (0.1730) (0.1723) (0.1748) (0.1752) (0.1822) 
IT
P5Approach1 119.4529 118.967436353 119.926110124 120.016933097 120.355239787 117.751924216 117.762818236 120.247128478 120.52303138 119.704322084 120.048431024 
 (0.3859) (0.2416) (0.2442) (0.2405) (0.2400) (0.2369) (0.2384) (0.2386) (0.2408) (0.2471) (0.2392) 
P5Approach2 119.5680 118.952042629 120.026879811 120.042273535 120.392184725 117.774541149 117.779514506 120.282178804 120.49946714 119.717702783 120.01634103 
 (0.3911) (0.2391) (0.2443) (0.2512) (0.2512) (0.2511) (0.2456) (0.2449) (0.2438) (0.2444) (0.2437) 
P5Approach3 116.9434 119.207696862 119.887507401 119.934162226 120.002249852 117.621669627 117.473297809 120.059561871 120.517939609 119.630076969 119.870219065 
 (0.2521) (0.1959) (0.1968) (0.1931) (0.1840) (0.1809) (0.1890) (0.1978) (0.1933) (0.1927) (0.1964) 
P5Approach4 116.9468 119.206867969 119.887388988 119.929780935 120.001065719 117.620840734 117.473653049 120.056719953 120.519478982 119.626998224 119.868916519 
 (0.2534) (0.1955) (0.1968) (0.1924) (0.1840) (0.1808) (0.1889) (0.1979) (0.1933) (0.1925) (0.1957) 
P5Approach5 116.9535 119.187329781 119.87732386 119.90597987 119.99928952 117.615748964 117.474718769 120.047128478 120.518650089 119.631971581 119.873179396 
 (0.2534) (0.1951) (0.1966) (0.1920) (0.1840) (0.1807) (0.1894) (0.1976) (0.1932) (0.1928) (0.1956) 
P5Approach6 116.9633 119.205328597 119.88857312 119.925162818 120.001065719 117.618117229 117.479692126 120.051509769 120.512374186 119.630076969 119.868442866 
 (0.2525) (0.1959) (0.1968) (0.1929) (0.1840) (0.1808) (0.1894) (0.1978) (0.1931) (0.1929) (0.1966) 
P5Approach7 116.9474 119.207933689 119.887625814 119.931320308 119.996329189 117.618946122 117.477915927 120.055298993 120.521255181 119.632208407 119.871047957 
 (0.2535) (0.1960) (0.1968) (0.1929) (0.1837) (0.1808) (0.1894) (0.1980) (0.1932) (0.1928) (0.1963) 
P5Approach8 116.9513 119.209946714 119.887981054 119.93830669 120.005683837 117.623208999 117.479810539 120.065364121 120.527175844 119.634339846 119.872113677 
 (0.2534) (0.1959) (0.1968) (0.1929) (0.1837) (0.1808) (0.1893) (0.1968) (0.1923) (0.1927) (0.1966) 
P5Approach9 116.9522 119.187448194 119.881468324 119.944582593 119.987092954 117.574896388 117.479336886 120.137359384 120.532149201 119.647010065 119.877560687 
 (0.2532) (0.1936) (0.1968) (0.1930) (0.1815) (0.1782) (0.1894) (0.1945) (0.1912) (0.1901) (0.1966) 
P5Approach10 116.9495 119.177975133 119.892243931 119.948490231 120.025577265 117.620722321 117.491415038 120.060272351 120.520544701 119.638602724 119.876376554 
 (0.2534) (0.1954) (0.1968) (0.1930) (0.1838) (0.1809) (0.1892) (0.1980) (0.1933) (0.1924) (0.1965) 
P5Approach11 116.9183 119.192303138 119.866666667 119.924333925 120.007578449 117.612314979 117.471284784 120.057904085 120.519952635 119.630905861 119.874245115 
 (0.2518) (0.1953) (0.1955) (0.1928) (0.1839) (0.1807) (0.1893) (0.1980) (0.1933) (0.1928) (0.1964) 
P5Approach12 116.9486 119.220959147 119.892362345 119.942806394 119.993724097 117.620130255 117.480757845 120.090112493 120.522912966 119.657904085 119.899585554 
 (0.2533) (0.1956) (0.1968) (0.1930) (0.1839) (0.1809) (0.1894) (0.1970) (0.1933) (0.1925) (0.1959) 
P5Approach13 116.9342 119.215275311 119.887388988 119.937596211 120.007460036 117.623327413 117.478744819 120.06062759 120.517584369 119.626524571 119.8660746 
 (0.2533) (0.1958) (0.1968) (0.1930) (0.1837) (0.1808) (0.1894) (0.1975) (0.1932) (0.1925) (0.1961) 
P5Approach14 116.9557 119.204144464 119.891888692 119.931201895 120.006394316 117.615748964 117.479455299 120.056364713 120.509177028 119.638957963 119.871995263 
 (0.2533) (0.1959) (0.1967) (0.1931) (0.1840) (0.1808) (0.1894) (0.1980) (0.1931) (0.1928) (0.1966) 
P5Approach15 117.3132 119.16731794 119.898638247 119.946595619 120.055772647 117.636589698 117.520189461 120.094849023 120.518650089 119.646299586 119.896743635 
 (0.9322) (0.2150) (0.2066) (0.2035) (0.2228) (0.1962) (0.2158) (0.2134) (0.2009) (0.2023) (0.2088) 
P5Approach16 116.9475 119.199171107 119.887033748 119.933333333 120.001065719 117.608170515 117.478744819 120.091888692 120.521728834 119.637418591 119.874955595 
 (0.2220) (0.1952) (0.1968) (0.1930) (0.1836) (0.1809) (0.1893) (0.1989) (0.1929) (0.1923) (0.1964) 
UK
P5Approach1 124.4408 124.496841323 124.775919732 124.850613155 124.66518023 124.497212932 125.229902143 125.242660721 125.591353896 125.467608076 125.883562492 
 (0.3512) (0.2948) (0.2050) (0.2139) (0.2061) (0.2130) (0.2183) (0.2129) (0.2198) (0.2154) (0.2159) 
P5Approach2 124.5521 124.564226434 124.767992072 124.773566208 124.650315868 124.521615261 125.14356497 125.143193361 125.512820513 125.389941781 125.756472191 
 (0.3791) (0.2244) (0.2251) (0.2251) (0.2250) (0.2247) (0.2241) (0.2244) (0.2245) (0.2249) (0.2252) 
P5Approach3 124.1675 124.230273752 124.588876502 124.747305834 124.726991205 124.356620835 124.923696272 124.976836368 125.388579215 125.360708535 125.639539205 
 (0.2538) (0.2151) (0.1767) (0.1839) (0.1798) (0.1828) (0.1783) (0.1749) (0.1817) (0.1825) (0.1826) 
P5Approach4 124.1957 124.236343367 124.585408151 124.747058095 124.738511086 124.367149758 124.891366283 124.992443949 125.406664189 125.384119906 125.616251703 
 (0.2496) (0.2153) (0.1712) (0.1795) (0.1735) (0.1761) (0.1652) (0.1713) (0.1767) (0.1747) (0.1813) 
P5Approach5 124.2159 124.275981667 124.623436145 124.782980305 124.751517404 124.383376688 124.955035303 125.010281184 125.416202155 125.384739254 125.648210083 
 (0.2512) (0.2134) (0.1755) (0.1827) (0.1789) (0.1827) (0.1763) (0.1723) (0.1797) (0.1808) (0.1825) 
P5Approach6 124.1742 124.233246625 124.584912672 124.735538214 124.713489409 124.337297163 124.869936826 124.955159173 125.379041249 125.339031339 125.597299641 
 (0.2548) (0.2144) (0.1764) (0.1836) (0.1789) (0.1819) (0.1772) (0.1748) (0.1813) (0.1818) (0.1816) 
P5Approach7 124.1269 124.176514307 124.583302366 124.743342004 124.720178372 124.328997894 124.915025393 124.966183575 125.377183203 125.348569305 125.604979562 
 (0.2524) (0.2130) (0.1767) (0.1840) (0.1798) (0.1825) (0.1782) (0.1751) (0.1817) (0.1827) (0.1823) 
P5Approach8 124.1750 124.218877741 124.594326768 124.747553574 124.732813081 124.361575622 124.925802056 124.975473802 125.378917379 125.356620835 125.634832157 
 (0.2549) (0.2150) (0.1768) (0.1841) (0.1798) (0.1836) (0.1782) (0.1751) (0.1814) (0.1827) (0.1828) 
P5Approach9 124.1126 124.165366035 124.569924439 124.751145795 124.762170197 124.287749288 124.764028242 124.961972005 125.509723771 125.398117181 125.59754738 
 (0.2514) (0.2129) (0.1734) (0.1821) (0.1768) (0.1804) (0.1749) (0.1732) (0.1782) (0.1825) (0.1827) 
P5Approach10 124.0924 124.141830794 124.554316859 124.737396259 124.668153103 124.324786325 124.880218011 124.966802923 125.341756472 125.338907469 125.628514802 
 (0.2515) (0.2101) (0.1694) (0.1841) (0.1724) (0.1807) (0.1714) (0.1732) (0.1748) (0.1758) (0.1760) 
P5Approach11 124.1361 124.212808126 124.580577233 124.746314877 124.723522854 124.361327883 124.929270408 124.985754986 125.405797101 125.382757339 125.637928899 
 (0.2510) (0.2138) (0.1764) (0.1839) (0.1795) (0.1834) (0.1778) (0.1748) (0.1809) (0.1822) (0.1829) 
P5Approach12 124.0822 124.125108386 124.558652298 124.730087947 124.6693918 124.320450886 124.885916016 124.971881581 125.356001486 125.313761922 125.601263471 
 (0.2509) (0.2113) (0.1763) (0.1839) (0.1781) (0.1827) (0.1775) (0.1751) (0.1812) (0.1817) (0.1823) 
P5Approach13 124.1137 124.174656262 124.57351666 124.730459557 124.690697386 124.346835129 124.91217639 124.969032578 125.379041249 125.336306206 125.607085346 
 (0.2504) (0.2116) (0.1760) (0.1833) (0.1776) (0.1829) (0.1771) (0.1746) (0.1811) (0.1810) (0.1814) 
P5Approach14 124.1288 124.253561254 124.626161278 124.708163013 124.732565341 124.366034931 124.963458442 124.983773071 125.44221479 125.385234733 125.686857426 
 (0.2476) (0.1994) (0.1723) (0.1800) (0.1762) (0.1805) (0.1745) (0.1706) (0.1756) (0.1807) (0.1784) 
P5Approach15 124.1286 124.181469095 124.586646848 124.744085222 124.72922086 124.357859532 124.922829184 124.973615756 125.384739254 125.355629877 125.632478632 
 (0.2532) (0.2138) (0.1768) (0.1841) (0.1799) (0.1835) (0.1783) (0.1751) (0.1816) (0.1826) (0.1828) 
P5Approach16 124.1895 124.245757463 124.610305958 124.751641273 124.711631364 124.367892977 124.940790289 125.004954788 125.417936331 125.369503283 125.651554565 
 (0.2676) (0.2140) (0.1886) (0.1900) (0.1853) (0.1934) (0.2021) (0.1909) (0.1935) (0.1888) (0.1964) 
P5Approach17 124.1650 124.205623684 124.596308683 124.749411619 124.729964078 124.355010529 124.924563359 124.988356249 125.400594575 125.369874892 125.62962963 
 (0.2112) (0.1805) (0.1765) (0.1826) (0.1794) (0.1831) (0.1783) (0.1735) (0.1815) (0.1823) (0.1830) 
