P4
BE
P4Approach1 95.7944 108.4357 107.1909 106.5185 107.77 107.2633 99.7883 107.6762 109.9379 103.2945 
 (2.9284) (2.9338) (2.9298) (2.9142) (2.904) (2.9035) (2.9246) (2.9336) (2.9186) (2.7343) 
P4Approach2 95.8617 108.7629 107.7867 107.9214 109.2821 110.8585 100.531 106.3273 110.5843 102.4537 
 (2.9284) (2.9338) (2.9298) (2.9142) (2.904) (2.9035) (2.9246) (2.9336) (2.9186) (2.7343) 
P4Approach3 95.7944 108.4357 107.1909 106.5185 107.77 107.2633 99.7883 107.6762 109.9379 103.2945 
 (2.9284) (2.9338) (2.9298) (2.9142) (2.904) (2.9035) (2.9246) (2.9336) (2.9186) (2.7343) 
P4Approach4 95.9627 108.1186 108.1816 108.4695 108.7657 110.9173 101.0265 105.9767 110.8031 102.422 
 (2.9284) (2.9338) (2.9298) (2.9142) (2.904) (2.9035) (2.9246) (2.9336) (2.9186) (2.7343) 
P4Approach5 95.8533 108.4382 107.5875 107.357 108.397 109.0756 100.2835 106.9141 110.3158 102.8662 
 (2.9284) (2.9338) (2.9298) (2.9142) (2.904) (2.9035) (2.9246) (2.9336) (2.9186) (2.7343) 
P4Approach6 95.7944 108.4357 107.1909 106.5185 107.77 107.2633 99.7883 107.6762 109.9379 103.2945 
 (2.9284) (2.9338) (2.9298) (2.9142) (2.904) (2.9035) (2.9246) (2.9336) (2.9186) (2.7343) 
P4Approach7 95.8617 108.7629 107.7867 107.9214 109.2821 110.8585 100.531 106.3273 110.5843 102.4537 
 (2.9284) (2.9338) (2.9298) (2.9142) (2.904) (2.9035) (2.9246) (2.9336) (2.9186) (2.7343) 
P4Approach8 95.7944 108.4357 107.1909 106.5185 107.77 107.2633 99.7883 107.6762 109.9379 103.2945 
 (2.9284) (2.9338) (2.9298) (2.9142) (2.904) (2.9035) (2.9246) (2.9336) (2.9186) (2.7343) 
P4Approach9 95.9627 108.1186 108.1816 108.4695 108.7657 110.9173 101.0265 105.9767 110.8031 102.422 
 (2.9284) (2.9338) (2.9298) (2.9142) (2.904) (2.9035) (2.9246) (2.9336) (2.9186) (2.7343) 
P4Approach10 95.8533 108.4382 107.5875 107.357 108.397 109.0756 100.2835 106.9141 110.3158 102.8662 
 (2.9284) (2.9338) (2.9298) (2.9142) (2.904) (2.9035) (2.9246) (2.9336) (2.9186) (2.7343) 
FR
P4Approach1 90.0997 99.964 110.4069 109.9437 111.5859 99.7408 124.7369 110.2711 115.918 108.5589 
 (2.4353) (2.5779) (2.2201) (2.2093) (2.191) (2.1889) (2.165) (2.1617) (2.101) (2.0861) 
P4Approach2 89.2556 99.2656 109.788 110.3653 112.7125 100.6061 126.0135 110.8793 114.9586 108.8757 
 (2.4353) (2.5779) (2.2201) (2.2093) (2.191) (2.1889) (2.165) (2.1617) (2.101) (2.0861) 
P4Approach3 90.0997 99.964 110.4069 109.9437 111.5859 99.7408 124.7369 110.2711 115.918 108.5589 
 (2.4353) (2.5779) (2.2201) (2.2093) (2.191) (2.1889) (2.165) (2.1617) (2.101) (2.0861) 
P4Approach4 89.8808 99.2705 109.9622 111.0147 112.7483 100.2586 126.321 110.7143 114.6328 108.5925 
 (2.4353) (2.5779) (2.2201) (2.2093) (2.191) (2.1889) (2.165) (2.1617) (2.101) (2.0861) 
P4Approach5 89.834 99.616 110.141 110.3168 112.1582 100.0866 125.4521 110.5339 115.3569 108.6465 
 (2.4353) (2.5779) (2.2201) (2.2093) (2.191) (2.1889) (2.165) (2.1617) (2.101) (2.0861) 
P4Approach6 90.0997 99.964 110.4069 109.9437 111.5859 99.7408 124.7369 110.2711 115.918 108.5589 
 (2.4353) (2.5779) (2.2201) (2.2093) (2.191) (2.1889) (2.165) (2.1617) (2.101) (2.0861) 
P4Approach7 89.2556 99.2656 109.788 110.3653 112.7125 100.6061 126.0135 110.8793 114.9586 108.8757 
 (2.4353) (2.5779) (2.2201) (2.2093) (2.191) (2.1889) (2.165) (2.1617) (2.101) (2.0861) 
P4Approach8 90.0997 99.964 110.4069 109.9437 111.5859 99.7408 124.7369 110.2711 115.918 108.5589 
 (2.4353) (2.5779) (2.2201) (2.2093) (2.191) (2.1889) (2.165) (2.1617) (2.101) (2.0861) 
P4Approach9 89.8808 99.2705 109.9622 111.0147 112.7483 100.2586 126.321 110.7143 114.6328 108.5925 
 (2.4353) (2.5779) (2.2201) (2.2093) (2.191) (2.1889) (2.165) (2.1617) (2.101) (2.0861) 
P4Approach10 89.834 99.616 110.141 110.3168 112.1582 100.0866 125.4521 110.5339 115.3569 108.6465 
 (2.4353) (2.5779) (2.2201) (2.2093) (2.191) (2.1889) (2.165) (2.1617) (2.101) (2.0861) 
BG
P4Approach1 105.8445 123.1345 127.6016 125.7666 127.7861 136.4144 136.26 130.5778 134.1173 130.2432 
 (4.1897) (2.8875) (4.1873) (2.8673) (4.1547) (4.1451) (4.2075) (4.2004) (2.8863) (3.1233) 
P4Approach2 102.94 122.9093 129.1702 127.7541 131.1154 138.9709 140.2176 133.3806 134.709 127.4275 
 (4.1897) (2.8875) (4.1873) (2.8673) (4.1547) (4.1451) (4.2075) (4.2004) (2.8863) (3.1233) 
P4Approach3 105.8445 123.1345 127.6016 125.7666 127.7861 136.4144 136.26 130.5778 134.1173 130.2432 
 (4.1897) (2.8875) (4.1873) (2.8673) (4.1547) (4.1451) (4.2075) (4.2004) (2.8863) (3.1233) 
P4Approach4 102.94 121.8735 126.9906 126.8194 129.6006 138.2072 139.3297 132.5308 133.8676 127.4289 
 (4.1897) (2.8875) (4.1873) (2.8673) (4.1547) (4.1451) (4.2075) (4.2004) (2.8863) (3.1233) 
P4Approach5 104.3922 122.763 127.841 126.5267 129.072 137.5017 138.0168 131.7667 134.2028 128.8357 
 (4.1897) (2.8875) (4.1873) (2.8673) (4.1547) (4.1451) (4.2075) (4.2004) (2.8863) (3.1233) 
P4Approach6 105.8445 123.1345 127.6016 125.7666 127.7861 136.4144 136.26 130.5778 134.1173 130.2432 
 (4.1897) (2.8875) (4.1873) (2.8673) (4.1547) (4.1451) (4.2075) (4.2004) (2.8863) (3.1233) 
P4Approach7 102.94 122.9093 129.1702 127.7541 131.1154 138.9709 140.2176 133.3806 134.709 127.4275 
 (4.1897) (2.8875) (4.1873) (2.8673) (4.1547) (4.1451) (4.2075) (4.2004) (2.8863) (3.1233) 
P4Approach8 105.8445 123.1345 127.6016 125.7666 127.7861 136.4144 136.26 130.5778 134.1173 130.2432 
 (4.1897) (2.8875) (4.1873) (2.8673) (4.1547) (4.1451) (4.2075) (4.2004) (2.8863) (3.1233) 
P4Approach9 102.94 121.8735 126.9906 126.8194 129.6006 138.2072 139.3297 132.5308 133.8676 127.4289 
 (4.1897) (2.8875) (4.1873) (2.8673) (4.1547) (4.1451) (4.2075) (4.2004) (2.8863) (3.1233) 
P4Approach10 104.3922 122.763 127.841 126.5267 129.072 137.5017 138.0168 131.7667 134.2028 128.8357 
 (4.1897) (2.8875) (4.1873) (2.8673) (4.1547) (4.1451) (4.2075) (4.2004) (2.8863) (3.1233) 
DK
P4Approach1 85.6514 98.4011 99.7043 103.9873 99.312 97.7428 100.7287 95.1626 99.4188 99.7845 
 (2.3505) (2.3412) (2.3653) (2.3548) (2.3636) (2.4827) (2.3323) (2.3246) (2.3156) (2.2788) 
P4Approach2 86.146 98.6811 100.1295 103.4073 98.6291 97.8464 100.3822 94.9987 99.4397 101.1884 
 (2.3505) (2.3412) (2.3653) (2.3548) (2.3636) (2.4827) (2.3323) (2.3246) (2.3156) (2.2788) 
P4Approach3 85.6514 98.4011 99.7043 103.9873 99.312 97.7428 100.7287 95.1626 99.4188 99.7845 
 (2.3505) (2.3412) (2.3653) (2.3548) (2.3636) (2.4827) (2.3323) (2.3246) (2.3156) (2.2788) 
P4Approach4 86.146 98.6811 99.7353 103.0997 98.1109 97.9025 100.3822 94.9987 99.4397 101.1884 
 (2.3505) (2.3412) (2.3653) (2.3548) (2.3636) (2.4827) (2.3323) (2.3246) (2.3156) (2.2788) 
P4Approach5 85.8987 98.5411 99.8184 103.6204 98.841 97.8086 100.5554 95.0806 99.4292 100.4864 
 (2.3505) (2.3412) (2.3653) (2.3548) (2.3636) (2.4827) (2.3323) (2.3246) (2.3156) (2.2788) 
P4Approach6 85.6514 98.4011 99.7043 103.9873 99.312 97.7428 100.7287 95.1626 99.4188 99.7845 
 (2.3505) (2.3412) (2.3653) (2.3548) (2.3636) (2.4827) (2.3323) (2.3246) (2.3156) (2.2788) 
P4Approach7 86.146 98.6811 100.1295 103.4073 98.6291 97.8464 100.3822 94.9987 99.4397 101.1884 
 (2.3505) (2.3412) (2.3653) (2.3548) (2.3636) (2.4827) (2.3323) (2.3246) (2.3156) (2.2788) 
P4Approach8 85.6514 98.4011 99.7043 103.9873 99.312 97.7428 100.7287 95.1626 99.4188 99.7845 
 (2.3505) (2.3412) (2.3653) (2.3548) (2.3636) (2.4827) (2.3323) (2.3246) (2.3156) (2.2788) 
P4Approach9 86.146 98.6811 99.7353 103.0997 98.1109 97.9025 100.3822 94.9987 99.4397 101.1884 
 (2.3505) (2.3412) (2.3653) (2.3548) (2.3636) (2.4827) (2.3323) (2.3246) (2.3156) (2.2788) 
P4Approach10 85.8987 98.5411 99.8184 103.6204 98.841 97.8086 100.5554 95.0806 99.4292 100.4864 
 (2.3505) (2.3412) (2.3653) (2.3548) (2.3636) (2.4827) (2.3323) (2.3246) (2.3156) (2.2788) 
HR
P4Approach1 84.9185 99.3453 103.2927 106.3298 108.4517 121.8066 118.612 111.5837 112.8017 95.9326 
 (4.7941) (4.0497) (4.7549) (4.0157) (4.717) (4.6959) (4.6766) (4.6688) (4.0108) (3.6547) 
P4Approach2 84.3535 99.3181 105.2964 108.9272 114.262 129.125 125.8271 112.579 107.1245 96.9658 
 (4.7941) (4.0497) (4.7549) (4.0157) (4.717) (4.6959) (4.6766) (4.6688) (4.0108) (3.6547) 
P4Approach3 84.9185 99.3453 103.2927 106.3298 108.4517 121.8066 118.612 107.868 112.986 95.9326 
 (4.7941) (4.0497) (4.7549) (4.0157) (4.717) (4.6959) (4.6766) (4.6688) (4.0108) (3.6547) 
P4Approach4 84.3974 99.2939 105.117 108.8308 114.2038 129.4653 126.0404 111.9827 106.8848 97.214 
 (4.7941) (4.0497) (4.7549) (4.0157) (4.717) (4.6959) (4.6766) (4.6688) (4.0108) (3.6547) 
P4Approach5 84.647 99.3256 104.2497 107.6044 111.3423 125.5509 122.2729 111.0033 109.9493 96.5112 
 (4.7941) (4.0497) (4.7549) (4.0157) (4.717) (4.6959) (4.6766) (4.6688) (4.0108) (3.6547) 
DE
P4Approach1 98.7646 113.3328 112.1857 111.5177 107.9744 110.8602 109.2001 110.9585 117.1096 116.3427 
 (2.6616) (2.6666) (2.7137) (2.6613) (2.6602) (2.7104) (2.7043) (2.647) (2.6417) (2.6517) 
P4Approach2 98.9325 115.6828 112.3381 114.5857 109.8255 114.8204 109.016 112.1624 116.8661 117.1398 
 (2.6616) (2.6666) (2.7137) (2.6613) (2.6602) (2.7104) (2.7043) (2.647) (2.6417) (2.6517) 
P4Approach3 98.7646 113.3328 111.6668 111.5177 107.9744 110.8602 108.9975 110.9585 116.5299 115.9247 
 (2.6616) (2.6666) (2.7137) (2.6613) (2.6602) (2.7104) (2.7043) (2.647) (2.6417) (2.6517) 
P4Approach4 98.9325 115.6828 112.3381 114.5857 109.8255 114.8204 109.016 112.1624 116.9885 117.1398 
 (2.6616) (2.6666) (2.7137) (2.6613) (2.6602) (2.7104) (2.7043) (2.647) (2.6417) (2.6517) 
P4Approach5 98.8486 114.5078 112.1322 113.0517 108.8999 112.8403 109.0574 111.5605 116.8735 116.6367 
 (2.6616) (2.6666) (2.7137) (2.6613) (2.6602) (2.7104) (2.7043) (2.647) (2.6417) (2.6517) 
P4Approach6 98.7646 113.3328 112.1857 111.5177 107.9744 110.8602 109.2001 110.9585 117.1096 116.3427 
 (2.6616) (2.6666) (2.7137) (2.6613) (2.6602) (2.7104) (2.7043) (2.647) (2.6417) (2.6517) 
P4Approach7 98.9325 115.6828 112.3381 114.5857 109.8255 114.8204 109.016 112.1624 116.8661 117.1398 
 (2.6616) (2.6666) (2.7137) (2.6613) (2.6602) (2.7104) (2.7043) (2.647) (2.6417) (2.6517) 
P4Approach8 98.7646 113.3328 111.6668 111.5177 107.9744 110.8602 108.9975 110.9585 116.5299 115.9247 
 (2.6616) (2.6666) (2.7137) (2.6613) (2.6602) (2.7104) (2.7043) (2.647) (2.6417) (2.6517) 
P4Approach9 98.9325 115.6828 112.3381 114.5857 109.8255 114.8204 109.016 112.1624 116.9885 117.1398 
 (2.6616) (2.6666) (2.7137) (2.6613) (2.6602) (2.7104) (2.7043) (2.647) (2.6417) (2.6517) 
P4Approach10 98.8486 114.5078 112.1322 113.0517 108.8999 112.8403 109.0574 111.5605 116.8735 116.6367 
 (2.6616) (2.6666) (2.7137) (2.6613) (2.6602) (2.7104) (2.7043) (2.647) (2.6417) (2.6517) 
HU
P4Approach1 101.7966 120.1969 125.9727 125.2417 128.3078 139.3883 138.4786 133.3269 137.9631 132.5551 
 (2.7094) (2.6781) (2.6699) (2.661) (2.6621) (2.6492) (2.5989) (2.6186) (2.6095) (2.5086) 
P4Approach2 104.3001 120.5482 125.5599 124.4587 127.9485 138.9946 137.0931 131.4328 137.456 133.6963 
 (2.7094) (2.6781) (2.6699) (2.661) (2.6621) (2.6492) (2.5989) (2.6186) (2.6095) (2.5086) 
P4Approach3 101.7966 120.1969 125.9727 125.2417 128.3078 139.3883 138.4786 133.3269 137.9631 132.5551 
 (2.7094) (2.6781) (2.6699) (2.661) (2.6621) (2.6492) (2.5989) (2.6186) (2.6095) (2.5086) 
P4Approach4 104.3001 120.5482 125.5599 124.4587 127.9485 138.9946 137.0931 131.4328 137.456 133.6963 
 (2.7094) (2.6781) (2.6699) (2.661) (2.6621) (2.6492) (2.5989) (2.6186) (2.6095) (2.5086) 
P4Approach5 103.0483 120.3725 125.7663 124.8502 128.1281 139.1914 137.7859 132.3799 137.7096 133.1257 
 (2.7094) (2.6781) (2.6699) (2.661) (2.6621) (2.6492) (2.5989) (2.6186) (2.6095) (2.5086) 
FI
P4Approach1 89.2377 101.9414 104.6856 112.2356 114.3663 115.4738 111.5306 104.6884 108.4842 106.3421 
 (2.2668) (2.2783) (2.2722) (2.2757) (2.2622) (2.3093) (2.298) (2.2447) (2.2449) (2.2937) 
P4Approach2 89.57 103.9156 104.7338 111.9997 113.2555 116.604 111.126 104.6073 107.8217 106.0767 
 (2.2668) (2.2783) (2.2722) (2.2757) (2.2622) (2.3093) (2.298) (2.2447) (2.2449) (2.2937) 
P4Approach3 89.2377 101.9414 104.6856 112.2356 114.3663 115.4738 111.5306 104.6884 108.4842 106.3421 
 (2.2668) (2.2783) (2.2722) (2.2757) (2.2622) (2.3093) (2.298) (2.2447) (2.2449) (2.2937) 
P4Approach4 90.019 103.866 104.433 112.717 112.1752 115.9852 111.3659 104.4682 107.9347 106.1653 
 (2.2668) (2.2783) (2.2722) (2.2757) (2.2622) (2.3093) (2.298) (2.2447) (2.2449) (2.2937) 
P4Approach5 89.5161 102.9161 104.6345 112.297 113.5408 115.8842 111.3883 104.6131 108.1812 106.2316 
 (2.2668) (2.2783) (2.2722) (2.2757) (2.2622) (2.3093) (2.298) (2.2447) (2.2449) (2.2937) 
P4Approach6 89.2377 101.9414 104.6856 112.2356 114.3663 115.4738 111.5306 104.6884 108.4842 106.3421 
 (2.2668) (2.2783) (2.2722) (2.2757) (2.2622) (2.3093) (2.298) (2.2447) (2.2449) (2.2937) 
P4Approach7 89.57 103.9156 104.7338 111.9997 113.2555 116.604 111.126 104.6073 107.8217 106.0767 
 (2.2668) (2.2783) (2.2722) (2.2757) (2.2622) (2.3093) (2.298) (2.2447) (2.2449) (2.2937) 
P4Approach8 89.2377 101.9414 104.6856 112.2356 114.3663 115.4738 111.5306 104.6884 108.4842 106.3421 
 (2.2668) (2.2783) (2.2722) (2.2757) (2.2622) (2.3093) (2.298) (2.2447) (2.2449) (2.2937) 
P4Approach9 90.019 103.866 104.433 112.717 112.1752 115.9852 111.3659 104.4682 107.9347 106.1653 
 (2.2668) (2.2783) (2.2722) (2.2757) (2.2622) (2.3093) (2.298) (2.2447) (2.2449) (2.2937) 
P4Approach10 89.5161 102.9161 104.6345 112.297 113.5408 115.8842 111.3883 104.6131 108.1812 106.2316 
 (2.2668) (2.2783) (2.2722) (2.2757) (2.2622) (2.3093) (2.298) (2.2447) (2.2449) (2.2937) 
P4Approach11 89.2377 101.9414 104.6856 112.2356 114.3663 115.4738 111.5306 104.6884 108.4842 106.3421 
 (2.2668) (2.2783) (2.2722) (2.2757) (2.2622) (2.3093) (2.298) (2.2447) (2.2449) (2.2937) 
P4Approach12 89.57 103.9156 104.7338 111.9997 113.2555 116.604 111.126 104.6073 107.8217 106.0767 
 (2.2668) (2.2783) (2.2722) (2.2757) (2.2622) (2.3093) (2.298) (2.2447) (2.2449) (2.2937) 
P4Approach13 89.2377 101.9414 104.6856 112.2356 114.3663 115.4738 111.5306 104.6884 108.4842 106.3421 
 (2.2668) (2.2783) (2.2722) (2.2757) (2.2622) (2.3093) (2.298) (2.2447) (2.2449) (2.2937) 
P4Approach14 90.019 103.866 104.433 112.717 112.1752 115.9852 111.3659 104.4682 107.9347 106.1653 
 (2.2668) (2.2783) (2.2722) (2.2757) (2.2622) (2.3093) (2.298) (2.2447) (2.2449) (2.2937) 
P4Approach15 89.5161 102.9161 104.6345 112.297 113.5408 115.8842 111.3883 104.6131 108.1812 106.2316 
 (2.2668) (2.2783) (2.2722) (2.2757) (2.2622) (2.3093) (2.298) (2.2447) (2.2449) (2.2937) 
NL
P4Approach1 85.0609 99.2536 100.004 103.4301 101.3029 97.7445 95.2871 97.6108 101.863 99.8402 
 (2.445) (2.4523) (2.459) (2.4341) (2.4242) (2.4269) (2.3948) (2.3639) (2.4019) (2.3048) 
P4Approach2 83.4344 98.1299 98.5713 103.5634 102.2478 99.4207 94.186 97.9961 103.0809 99.8746 
 (2.445) (2.4523) (2.459) (2.4341) (2.4242) (2.4269) (2.3948) (2.3639) (2.4019) (2.3048) 
P4Approach3 85.0609 99.2536 100.004 103.4301 101.3029 97.7445 95.2871 97.6108 101.863 99.8402 
 (2.445) (2.4523) (2.459) (2.4341) (2.4242) (2.4269) (2.3948) (2.3639) (2.4019) (2.3048) 
P4Approach4 83.4344 98.1299 98.5713 103.5634 102.2478 99.4207 94.186 97.9961 103.0809 99.8746 
 (2.445) (2.4523) (2.459) (2.4341) (2.4242) (2.4269) (2.3948) (2.3639) (2.4019) (2.3048) 
P4Approach5 84.2477 98.6918 99.2877 103.4967 101.7753 98.5826 94.7365 97.8034 102.472 99.8574 
 (2.445) (2.4523) (2.459) (2.4341) (2.4242) (2.4269) (2.3948) (2.3639) (2.4019) (2.3048) 
PT
P4Approach1 72.1219 81.0401 80.9024 84.8653 83.6599 92.0873 94.0806 86.9798 88.3273 86.9051 
 (3.1788) (2.6333) (3.1423) (2.6201) (3.1389) (3.1261) (2.9783) (2.9925) (2.5761) (2.5174) 
P4Approach2 78.8379 83.2406 81.9378 84.0881 84.8155 88.5394 88.9865 86.9166 91.0442 87.1136 
 (3.1788) (2.6333) (3.1423) (2.6201) (3.1389) (3.1261) (2.9783) (2.9925) (2.5761) (2.5174) 
P4Approach3 72.1219 81.0401 80.9024 84.8653 83.6599 92.0873 94.0806 86.9798 88.3273 86.9051 
 (3.1788) (2.6333) (3.1423) (2.6201) (3.1389) (3.1261) (2.9783) (2.9925) (2.5761) (2.5174) 
P4Approach4 78.8379 83.2406 81.9378 84.0881 84.8155 88.5394 88.9865 86.9166 91.0442 87.1136 
 (3.1788) (2.6333) (3.1423) (2.6201) (3.1389) (3.1261) (2.9783) (2.9925) (2.5761) (2.5174) 
P4Approach5 75.4799 82.1403 81.4201 84.4767 84.2377 90.3133 91.5336 86.9482 89.6858 87.0093 
 (3.1788) (2.6333) (3.1423) (2.6201) (3.1389) (3.1261) (2.9783) (2.9925) (2.5761) (2.5174) 
P4Approach6 72.1219 81.0401 80.9024 84.8653 83.6599 92.0873 94.0806 86.9798 88.3273 86.9051 
 (3.1788) (2.6333) (3.1423) (2.6201) (3.1389) (3.1261) (2.9783) (2.9925) (2.5761) (2.5174) 
P4Approach7 78.8379 83.2406 81.9378 84.0881 84.8155 88.5394 88.9865 86.9166 91.0442 87.1136 
 (3.1788) (2.6333) (3.1423) (2.6201) (3.1389) (3.1261) (2.9783) (2.9925) (2.5761) (2.5174) 
P4Approach8 72.1219 81.0401 80.9024 84.8653 83.6599 92.0873 94.0806 86.9798 88.3273 86.9051 
 (3.1788) (2.6333) (3.1423) (2.6201) (3.1389) (3.1261) (2.9783) (2.9925) (2.5761) (2.5174) 
P4Approach9 78.8379 83.2406 81.9378 84.0881 84.8155 88.5394 88.9865 86.9166 91.0442 87.1136 
 (3.1788) (2.6333) (3.1423) (2.6201) (3.1389) (3.1261) (2.9783) (2.9925) (2.5761) (2.5174) 
P4Approach10 75.4799 82.1403 81.4201 84.4767 84.2377 90.3133 91.5336 86.9482 89.6858 87.0093 
 (3.1788) (2.6333) (3.1423) (2.6201) (3.1389) (3.1261) (2.9783) (2.9925) (2.5761) (2.5174) 
LV
P4Approach1 106.7637 121.471 121.9004 131.6955 133.7223 138.9505 139.463 131.6096 133.2018 126.3539 
 (5.0737) (3.7495) (5.0339) (3.7465) (5.0142) (5.0133) (4.9893) (4.9697) (3.6651) (3.6327) 
P4Approach2 107.6229 123.3291 124.4589 130.4851 133.3162 142.9032 140.6404 129.4886 133.3221 122.3121 
 (5.0737) (3.7495) (5.0339) (3.7465) (5.0142) (5.0133) (4.9893) (4.9697) (3.6651) (3.6327) 
P4Approach3 106.7637 121.4539 121.8447 131.5677 133.199 138.9505 139.463 131.9518 133.2733 126.3539 
 (5.0737) (3.7495) (5.0339) (3.7465) (5.0142) (5.0133) (4.9893) (4.9697) (3.6651) (3.6327) 
P4Approach4 107.6229 123.7903 125.4027 130.685 133.2156 143.0414 141.0604 129.9645 133.5269 122.1278 
 (5.0737) (3.7495) (5.0339) (3.7465) (5.0142) (5.0133) (4.9893) (4.9697) (3.6651) (3.6327) 
P4Approach5 107.1933 122.5111 123.4017 131.1083 133.3633 140.9614 140.1567 130.7536 133.331 124.2869 
 (5.0737) (3.7495) (5.0339) (3.7465) (5.0142) (5.0133) (4.9893) (4.9697) (3.6651) (3.6327) 
P4Approach6 106.7637 121.471 121.9004 131.6955 133.7223 138.9505 139.463 131.6096 133.2018 126.3539 
 (5.0737) (3.7495) (5.0339) (3.7465) (5.0142) (5.0133) (4.9893) (4.9697) (3.6651) (3.6327) 
P4Approach7 107.6229 123.3291 124.4589 130.4851 133.3162 142.9032 140.6404 129.4886 133.3221 122.3121 
 (5.0737) (3.7495) (5.0339) (3.7465) (5.0142) (5.0133) (4.9893) (4.9697) (3.6651) (3.6327) 
P4Approach8 106.7637 121.4539 121.8447 131.5677 133.199 138.9505 139.463 131.9518 133.2733 126.3539 
 (5.0737) (3.7495) (5.0339) (3.7465) (5.0142) (5.0133) (4.9893) (4.9697) (3.6651) (3.6327) 
P4Approach9 107.6229 123.7903 125.4027 130.685 133.2156 143.0414 141.0604 129.9645 133.5269 122.1278 
 (5.0737) (3.7495) (5.0339) (3.7465) (5.0142) (5.0133) (4.9893) (4.9697) (3.6651) (3.6327) 
P4Approach10 107.1933 122.5111 123.4017 131.1083 133.3633 140.9614 140.1567 130.7536 133.331 124.2869 
 (5.0737) (3.7495) (5.0339) (3.7465) (5.0142) (5.0133) (4.9893) (4.9697) (3.6651) (3.6327) 
LT
P4Approach1 118.0371 133.6144 136.0602 143.7881 142.6378 149.2978 151.3402 144.1435 151.4748 142.7364 
 (4.3378) (3.4319) (3.4204) (3.4042) (3.3897) (4.2499) (3.3941) (3.3957) (3.3906) (3.3967) 
P4Approach2 115.4223 133.2777 138.1621 144.1038 144.5325 152.5328 150.8193 142.7613 151.6626 143.5389 
 (4.3378) (3.4319) (3.4204) (3.4042) (3.3897) (4.2499) (3.3941) (3.3957) (3.3906) (3.3967) 
P4Approach3 118.0371 133.6144 136.0602 143.7881 142.6378 149.2978 151.3402 144.1435 151.4748 142.7364 
 (4.3378) (3.4319) (3.4204) (3.4042) (3.3897) (4.2499) (3.3941) (3.3957) (3.3906) (3.3967) 
P4Approach4 115.5092 133.6148 138.1153 144.1253 144.3054 152.2001 151.0123 142.6225 151.4104 144.194 
 (4.3378) (3.4319) (3.4204) (3.4042) (3.3897) (4.2499) (3.3941) (3.3957) (3.3906) (3.3967) 
P4Approach5 116.7514 133.5303 137.0994 143.9513 143.5284 150.8321 151.128 143.4177 151.5056 143.3014 
 (4.3378) (3.4319) (3.4204) (3.4042) (3.3897) (4.2499) (3.3941) (3.3957) (3.3906) (3.3967) 
P4Approach6 118.0371 133.6144 136.0602 143.7881 142.6378 149.2978 151.3402 144.1435 151.4748 142.7364 
 (4.3378) (3.4319) (3.4204) (3.4042) (3.3897) (4.2499) (3.3941) (3.3957) (3.3906) (3.3967) 
P4Approach7 115.4223 133.2777 138.1621 144.1038 144.5325 152.5328 150.8193 142.7613 151.6626 143.5389 
 (4.3378) (3.4319) (3.4204) (3.4042) (3.3897) (4.2499) (3.3941) (3.3957) (3.3906) (3.3967) 
P4Approach8 118.0371 133.6144 136.0602 143.7881 142.6378 149.2978 151.3402 144.1435 151.4748 142.7364 
 (4.3378) (3.4319) (3.4204) (3.4042) (3.3897) (4.2499) (3.3941) (3.3957) (3.3906) (3.3967) 
P4Approach9 115.5092 133.6148 138.1153 144.1253 144.3054 152.2001 151.0123 142.6225 151.4104 144.194 
 (4.3378) (3.4319) (3.4204) (3.4042) (3.3897) (4.2499) (3.3941) (3.3957) (3.3906) (3.3967) 
P4Approach10 116.7514 133.5303 137.0994 143.9513 143.5284 150.8321 151.128 143.4177 151.5056 143.3014 
 (4.3378) (3.4319) (3.4204) (3.4042) (3.3897) (4.2499) (3.3941) (3.3957) (3.3906) (3.3967) 
LU
P4Approach1 173.0337 197.2186 217.4889 200.6352 201.0749 209.2789 193.6556 217.7635 236.5792 309.1147 
 (13.0867) (19.0277) (19.0908) (13.4046) (13.346) (19.9674) (19.6258) (13.1272) (12.871) (10.123) 
P4Approach2 181.6355 210.0898 200.0797 213.755 212.348 239.4167 208.2714 222.0598 238.6269 316.6585 
 (13.0867) (19.0277) (19.0908) (13.4046) (13.346) (19.9674) (19.6258) (13.1272) (12.871) (10.123) 
P4Approach3 173.0337 197.2186 217.4889 200.6352 201.0749 209.2789 193.6556 217.7635 236.5792 309.1147 
 (13.0867) (19.0277) (19.0908) (13.4046) (13.346) (19.9674) (19.6258) (13.1272) (12.871) (10.123) 
P4Approach4 182.5598 210.3984 200.9262 213.755 212.348 239.4167 210.8081 222.0598 238.6992 311.1287 
 (13.0867) (19.0277) (19.0908) (13.4046) (13.346) (19.9674) (19.6258) (13.1272) (12.871) (10.123) 
P4Approach5 177.5657 203.7313 208.9959 207.1951 206.7115 224.3478 201.5977 219.9116 237.6211 311.5041 
 (13.0867) (19.0277) (19.0908) (13.4046) (13.346) (19.9674) (19.6258) (13.1272) (12.871) (10.123) 
RO
P4Approach1 116.3545 136.7921 145.5138 143.3623 146.5807 151.6108 157.1622 152.3746 155.8308 153.9518 
 (5.9298) (7.6111) (5.8817) (5.8579) (5.8311) (5.8113) (5.7969) (5.7725) (5.7477) (5.8122) 
P4Approach2 122.0469 139.909 142.4575 141.9885 145.5555 153.1421 155.2997 151.1572 154.4803 154.9015 
 (5.9298) (7.6111) (5.8817) (5.8579) (5.8311) (5.8113) (5.7969) (5.7725) (5.7477) (5.8122) 
P4Approach3 116.3545 136.7921 145.5138 143.3623 146.5807 151.6108 157.1622 152.3746 155.8308 153.9518 
 (5.9298) (7.6111) (5.8817) (5.8579) (5.8311) (5.8113) (5.7969) (5.7725) (5.7477) (5.8122) 
P4Approach4 120.9035 137.5013 143.0997 142.1445 145.6251 152.4575 155.2662 151.028 154.4425 154.8446 
 (5.9298) (7.6111) (5.8817) (5.8579) (5.8311) (5.8113) (5.7969) (5.7725) (5.7477) (5.8122) 
P4Approach5 118.9148 137.7486 144.1462 142.7144 146.0855 152.2053 156.2226 151.7336 155.1461 154.4124 
 (5.9298) (7.6111) (5.8817) (5.8579) (5.8311) (5.8113) (5.7969) (5.7725) (5.7477) (5.8122) 
PL
P4Approach1 98.4663 119.0579 119.3616 119.0805 120.6073 124.5027 125.8 124.0168 126.1726 115.6492 
 (3.0537) (2.6125) (3.077) (3.0638) (2.5752) (3.0388) (3.0266) (2.5656) (2.5569) (2.6035) 
P4Approach2 102.6518 118.7816 119.841 120.0509 119.9866 122.9351 122.7537 121.4412 127.2004 117.3221 
 (3.0537) (2.6125) (3.077) (3.0638) (2.5752) (3.0388) (3.0266) (2.5656) (2.5569) (2.6035) 
P4Approach3 98.4663 119.0579 119.3616 119.0805 120.6073 124.5027 125.9253 124.0168 126.1726 115.6492 
 (3.0537) (2.6125) (3.077) (3.0638) (2.5752) (3.0388) (3.0266) (2.5656) (2.5569) (2.6035) 
P4Approach4 102.6518 118.7816 119.841 120.0509 119.9866 122.9351 122.7537 121.518 127.2004 116.9927 
 (3.0537) (2.6125) (3.077) (3.0638) (2.5752) (3.0388) (3.0266) (2.5656) (2.5569) (2.6035) 
P4Approach5 100.5591 118.9198 119.6013 119.5657 120.2969 123.7189 124.3082 122.7482 126.6865 116.4033 
 (3.0537) (2.6125) (3.077) (3.0638) (2.5752) (3.0388) (3.0266) (2.5656) (2.5569) (2.6035) 
P4Approach6 98.4663 119.0579 119.3616 119.0805 120.6073 124.5027 125.8 124.0168 126.1726 115.6492 
 (3.0537) (2.6125) (3.077) (3.0638) (2.5752) (3.0388) (3.0266) (2.5656) (2.5569) (2.6035) 
P4Approach7 102.6518 118.7816 119.841 120.0509 119.9866 122.9351 122.7537 121.4412 127.2004 117.3221 
 (3.0537) (2.6125) (3.077) (3.0638) (2.5752) (3.0388) (3.0266) (2.5656) (2.5569) (2.6035) 
P4Approach8 98.4663 119.0579 119.3616 119.0805 120.6073 124.5027 125.9253 124.0168 126.1726 115.6492 
 (3.0537) (2.6125) (3.077) (3.0638) (2.5752) (3.0388) (3.0266) (2.5656) (2.5569) (2.6035) 
P4Approach9 102.6518 118.7816 119.841 120.0509 119.9866 122.9351 122.7537 121.518 127.2004 116.9927 
 (3.0537) (2.6125) (3.077) (3.0638) (2.5752) (3.0388) (3.0266) (2.5656) (2.5569) (2.6035) 
P4Approach10 100.5591 118.9198 119.6013 119.5657 120.2969 123.7189 124.3082 122.7482 126.6865 116.4033 
 (3.0537) (2.6125) (3.077) (3.0638) (2.5752) (3.0388) (3.0266) (2.5656) (2.5569) (2.6035) 
EL
P4Approach1 63.7793 66.5319 70.9418 66.6156 67.3433 72.804 63.9648 69.4107 74.1749 69.2397 
 (6.0853) (5.5844) (6.0377) (6.0109) (5.9841) (5.9746) (5.8561) (5.8543) (5.8629) (5.3507) 
P4Approach2 60.7692 64.5196 69.1731 68.9174 69.384 75.2424 68.5038 69.0314 70.6077 69.9076 
 (6.0853) (5.5844) (6.0377) (6.0109) (5.9841) (5.9746) (5.8561) (5.8543) (5.8629) (5.3507) 
P4Approach3 64.5522 66.5319 70.9418 66.6156 67.3433 71.7155 64.8544 69.4107 74.1749 69.2397 
 (6.0853) (5.5844) (6.0377) (6.0109) (5.9841) (5.9746) (5.8561) (5.8543) (5.8629) (5.3507) 
P4Approach4 60.7692 64.5196 69.1731 68.9174 69.384 75.2424 68.5038 69.0314 70.6077 69.9076 
 (6.0853) (5.5844) (6.0377) (6.0109) (5.9841) (5.9746) (5.8561) (5.8543) (5.8629) (5.3507) 
P4Approach5 62.4674 65.5257 70.0575 67.7665 68.3637 73.7511 66.4567 69.2211 72.3913 69.5736 
 (6.0853) (5.5844) (6.0377) (6.0109) (5.9841) (5.9746) (5.8561) (5.8543) (5.8629) (5.3507) 
EE
P4Approach1 122.5344 138.5118 140.846 146.9439 150.0247 157.151 154.2598 147.7154 152.5526 141.3686 
 (4.2738) (3.3538) (4.3201) (4.3521) (4.3245) (4.3548) (4.3202) (4.2852) (4.2739) (3.3181) 
P4Approach2 124.0786 140.835 142.0582 147.0473 149.0623 159.1439 153.3997 142.9926 151.1859 142.1194 
 (4.2738) (3.3538) (4.3201) (4.3521) (4.3245) (4.3548) (4.3202) (4.2852) (4.2739) (3.3181) 
P4Approach3 122.5344 138.5118 140.846 146.9439 150.0247 157.151 154.2598 147.7154 152.5526 141.9221 
 (4.2738) (3.3538) (4.3201) (4.3521) (4.3245) (4.3548) (4.3202) (4.2852) (4.2739) (3.3181) 
P4Approach4 125.3025 138.8538 142.0509 146.7759 150.1031 159.7566 152.1526 142.8665 150.9858 141.1916 
 (4.2738) (3.3538) (4.3201) (4.3521) (4.3245) (4.3548) (4.3202) (4.2852) (4.2739) (3.3181) 
P4Approach5 123.6125 139.1781 141.4503 146.9278 149.8037 158.3006 153.518 145.3225 151.8192 141.6504 
 (4.2738) (3.3538) (4.3201) (4.3521) (4.3245) (4.3548) (4.3202) (4.2852) (4.2739) (3.3181) 
P4Approach6 122.5344 138.5118 140.846 146.9439 150.0247 157.151 154.2598 147.7154 152.5526 141.3686 
 (4.2738) (3.3538) (4.3201) (4.3521) (4.3245) (4.3548) (4.3202) (4.2852) (4.2739) (3.3181) 
P4Approach7 124.0786 140.835 142.0582 147.0473 149.0623 159.1439 153.3997 142.9926 151.1859 142.1194 
 (4.2738) (3.3538) (4.3201) (4.3521) (4.3245) (4.3548) (4.3202) (4.2852) (4.2739) (3.3181) 
P4Approach8 122.5344 138.5118 140.846 146.9439 150.0247 157.151 154.2598 147.7154 152.5526 141.9221 
 (4.2738) (3.3538) (4.3201) (4.3521) (4.3245) (4.3548) (4.3202) (4.2852) (4.2739) (3.3181) 
P4Approach9 125.3025 138.8538 142.0509 146.7759 150.1031 159.7566 152.1526 142.8665 150.9858 141.1916 
 (4.2738) (3.3538) (4.3201) (4.3521) (4.3245) (4.3548) (4.3202) (4.2852) (4.2739) (3.3181) 
P4Approach10 123.6125 139.1781 141.4503 146.9278 149.8037 158.3006 153.518 145.3225 151.8192 141.6504 
 (4.2738) (3.3538) (4.3201) (4.3521) (4.3245) (4.3548) (4.3202) (4.2852) (4.2739) (3.3181) 
IT
P4Approach1 83.3923 96.6759 99.7541 102.5079 97.3786 104.7087 94.0272 99.6524 105.2365 99.3832 
 (2.7382) (2.7262) (2.7176) (2.7058) (2.7) (2.599) (2.5935) (2.6708) (2.6594) (2.1768) 
P4Approach2 87.0829 100.8852 96.2749 100.5468 99.7756 102.9059 95.8713 99.6819 103.3719 100.5671 
 (2.7382) (2.7262) (2.7176) (2.7058) (2.7) (2.599) (2.5935) (2.6708) (2.6594) (2.1768) 
P4Approach3 83.3923 96.6759 99.7541 102.5079 97.3786 104.7087 94.0272 99.6524 105.2365 99.3832 
 (2.7382) (2.7262) (2.7176) (2.7058) (2.7) (2.599) (2.5935) (2.6708) (2.6594) (2.1768) 
P4Approach4 87.6772 100.7461 96.5373 100.0609 100.1667 102.7176 96.6582 99.7792 103.3646 100.8367 
 (2.7382) (2.7262) (2.7176) (2.7058) (2.7) (2.599) (2.5935) (2.6708) (2.6594) (2.1768) 
P4Approach5 85.3862 98.7458 98.0801 101.4059 98.6749 103.7602 95.146 99.6915 104.3024 100.0425 
 (2.7382) (2.7262) (2.7176) (2.7058) (2.7) (2.599) (2.5935) (2.6708) (2.6594) (2.1768) 
CZ
P4Approach1 93.1106 109.6132 112.6864 114.9312 115.6317 112.7932 114.1234 111.7096 116.4603 117.7395 
 (2.8508) (2.8848) (2.9287) (2.9156) (2.9328) (2.9249) (2.8813) (2.8924) (2.8876) (2.8553) 
P4Approach2 97.0475 109.9952 112.2103 113.6316 113.7833 112.346 112.4269 111.7986 115.8966 117.7545 
 (2.8508) (2.8848) (2.9287) (2.9156) (2.9328) (2.9249) (2.8813) (2.8924) (2.8876) (2.8553) 
P4Approach3 93.1504 108.7956 110.9548 114.9312 113.437 112.1889 113.5536 110.8739 115.3748 117.7395 
 (2.8508) (2.8848) (2.9287) (2.9156) (2.9328) (2.9249) (2.8813) (2.8924) (2.8876) (2.8553) 
P4Approach4 97.0475 109.9952 112.2103 113.6316 113.7833 112.346 112.4269 111.7986 115.8966 117.7545 
 (2.8508) (2.8848) (2.9287) (2.9156) (2.9328) (2.9249) (2.8813) (2.8924) (2.8876) (2.8553) 
P4Approach5 95.089 109.5998 112.0154 114.2814 114.1588 112.4185 113.1327 111.5452 115.9071 117.747 
 (2.8508) (2.8848) (2.9287) (2.9156) (2.9328) (2.9249) (2.8813) (2.8924) (2.8876) (2.8553) 
CY
P4Approach1 69.6583 77.9115 82.2818 87.6478 88.8739 97.1452 87.9339 88.7932 88.0267 87.2921 
 (4.0297) (4.0198) (4.3996) (4.3876) (4.3714) (4.3676) (4.3489) (4.3281) (4.3189) (4.0965) 
P4Approach2 69.7551 77.5632 82.6116 88.1543 89.1823 98.3089 90.233 88.6457 88.5137 87.3292 
 (4.0297) (4.0198) (4.3996) (4.3876) (4.3714) (4.3676) (4.3489) (4.3281) (4.3189) (4.0965) 
P4Approach3 69.6583 77.9115 82.2818 87.6478 88.1792 97.1452 87.9339 88.7932 88.0267 86.2077 
 (4.0297) (4.0198) (4.3996) (4.3876) (4.3714) (4.3676) (4.3489) (4.3281) (4.3189) (4.0965) 
P4Approach4 69.6755 77.2582 82.0452 87.5393 88.8752 97.5694 90.2957 88.7834 88.7664 86.8824 
 (4.0297) (4.0198) (4.3996) (4.3876) (4.3714) (4.3676) (4.3489) (4.3281) (4.3189) (4.0965) 
P4Approach5 69.6868 77.6611 82.3051 87.7473 88.7776 97.5422 89.0991 88.7539 88.3334 86.9278 
 (4.0297) (4.0198) (4.3996) (4.3876) (4.3714) (4.3676) (4.3489) (4.3281) (4.3189) (4.0965) 
AT
P4Approach1 98.4971 110.1697 110.0205 109.6212 106.8694 109.1735 105.8304 108.5193 114.4907 112.74 
 (2.1098) (2.1246) (2.1157) (2.111) (2.1037) (2.1033) (2.1124) (2.1074) (2.1002) (2.0587) 
P4Approach2 97.2771 110.6002 109.4293 109.6653 108.017 110.5725 105.1448 109.2248 115.1537 112.5047 
 (2.1098) (2.1246) (2.1157) (2.111) (2.1037) (2.1033) (2.1124) (2.1074) (2.1002) (2.0587) 
P4Approach3 98.4971 110.1697 110.0205 109.6212 106.8694 109.1735 105.8304 108.5193 114.4907 112.74 
 (2.1098) (2.1246) (2.1157) (2.111) (2.1037) (2.1033) (2.1124) (2.1074) (2.1002) (2.0587) 
P4Approach4 97.2771 110.6002 109.4293 109.6653 108.017 110.5725 105.1448 109.2248 115.1537 112.5047 
 (2.1098) (2.1246) (2.1157) (2.111) (2.1037) (2.1033) (2.1124) (2.1074) (2.1002) (2.0587) 
P4Approach5 97.8871 110.3849 109.7249 109.6432 107.4432 109.873 105.4876 108.8721 114.8222 112.6223 
 (2.1098) (2.1246) (2.1157) (2.111) (2.1037) (2.1033) (2.1124) (2.1074) (2.1002) (2.0587) 
ES
P4Approach1 81.2352 88.9601 88.4391 91.4877 92.4751 99.1093 88.5816 91.9801 93.1525 91.2503 
 (2.8074) (2.4928) (2.4833) (2.4808) (2.4705) (2.7593) (2.4503) (2.4567) (3.8659) (2.5387) 
P4Approach2 80.8451 88.2403 88.7695 92.6836 92.2107 100.481 89.5913 91.8284 93.3437 91.4931 
 (2.8074) (2.4928) (2.4833) (2.4808) (2.4705) (2.7593) (2.4503) (2.4567) (3.8659) (2.5387) 
P4Approach3 80.8557 89.0027 88.2518 91.4814 92.3496 99.1332 88.5388 92.2367 92.8886 91.421 
 (2.8074) (2.4928) (2.4833) (2.4808) (2.4705) (2.7593) (2.4503) (2.4567) (3.8659) (2.5387) 
P4Approach4 80.9606 88.3679 88.5725 92.4247 92.4464 100.6516 90.4149 91.3347 93.269 91.4335 
 (2.8074) (2.4928) (2.4833) (2.4808) (2.4705) (2.7593) (2.4503) (2.4567) (3.8659) (2.5387) 
P4Approach5 80.9742 88.6428 88.5083 92.0193 92.3705 99.8438 89.2816 91.845 93.1635 91.3995 
 (2.8074) (2.4928) (2.4833) (2.4808) (2.4705) (2.7593) (2.4503) (2.4567) (3.8659) (2.5387) 
P4Approach6 81.2352 88.9601 88.4391 91.4877 92.4751 99.1093 88.5816 91.9801 93.1525 91.2503 
 (2.8074) (2.4928) (2.4833) (2.4808) (2.4705) (2.7593) (2.4503) (2.4567) (3.8659) (2.5387) 
P4Approach7 80.8451 88.2403 88.7695 92.6836 92.2107 100.481 89.5913 91.8284 93.3437 91.4931 
 (2.8074) (2.4928) (2.4833) (2.4808) (2.4705) (2.7593) (2.4503) (2.4567) (3.8659) (2.5387) 
P4Approach8 80.8557 89.0027 88.2518 91.4814 92.3496 99.1332 88.5388 92.2367 92.8886 91.421 
 (2.8074) (2.4928) (2.4833) (2.4808) (2.4705) (2.7593) (2.4503) (2.4567) (3.8659) (2.5387) 
P4Approach9 80.9606 88.3679 88.5725 92.4247 92.4464 100.6516 90.4149 91.3347 93.269 91.4335 
 (2.8074) (2.4928) (2.4833) (2.4808) (2.4705) (2.7593) (2.4503) (2.4567) (3.8659) (2.5387) 
P4Approach10 80.9742 88.6428 88.5083 92.0193 92.3705 99.8438 89.2816 91.845 93.1635 91.3995 
 (2.8074) (2.4928) (2.4833) (2.4808) (2.4705) (2.7593) (2.4503) (2.4567) (3.8659) (2.5387) 
SK
P4Approach1 97.0638 105.8943 105.8289 112.7258 114.8966 114.8901 115.2359 110.3083 114.7927 114.3533 
 (3.5551) (2.6459) (3.5243) (2.6464) (3.5291) (3.5138) (3.4884) (3.4956) (2.6635) (2.6527) 
P4Approach2 102.0337 106.5985 105.3176 111.9788 115.0687 115.0837 112.9096 109.9043 115.1228 113.1801 
 (3.5551) (2.6459) (3.5243) (2.6464) (3.5291) (3.5138) (3.4884) (3.4956) (2.6635) (2.6527) 
P4Approach3 98.3068 105.8943 105.8289 112.7258 114.8966 114.8901 115.2359 111.2527 114.7927 114.3533 
 (3.5551) (2.6459) (3.5243) (2.6464) (3.5291) (3.5138) (3.4884) (3.4956) (2.6635) (2.6527) 
P4Approach4 101.9626 106.6887 105.3271 112.1302 115.2522 115.0647 112.7926 109.3265 115.1793 113.1801 
 (3.5551) (2.6459) (3.5243) (2.6464) (3.5291) (3.5138) (3.4884) (3.4956) (2.6635) (2.6527) 
P4Approach5 99.8417 106.269 105.5756 112.3901 115.0285 114.9821 114.0435 110.1979 114.9719 113.7667 
 (3.5551) (2.6459) (3.5243) (2.6464) (3.5291) (3.5138) (3.4884) (3.4956) (2.6635) (2.6527) 
P4Approach6 97.0638 105.8943 105.8289 112.7258 114.8966 114.8901 115.2359 110.3083 114.7927 114.3533 
 (3.5551) (2.6459) (3.5243) (2.6464) (3.5291) (3.5138) (3.4884) (3.4956) (2.6635) (2.6527) 
P4Approach7 102.0337 106.5985 105.3176 111.9788 115.0687 115.0837 112.9096 109.9043 115.1228 113.1801 
 (3.5551) (2.6459) (3.5243) (2.6464) (3.5291) (3.5138) (3.4884) (3.4956) (2.6635) (2.6527) 
P4Approach8 98.3068 105.8943 105.8289 112.7258 114.8966 114.8901 115.2359 111.2527 114.7927 114.3533 
 (3.5551) (2.6459) (3.5243) (2.6464) (3.5291) (3.5138) (3.4884) (3.4956) (2.6635) (2.6527) 
P4Approach9 101.9626 106.6887 105.3271 112.1302 115.2522 115.0647 112.7926 109.3265 115.1793 113.1801 
 (3.5551) (2.6459) (3.5243) (2.6464) (3.5291) (3.5138) (3.4884) (3.4956) (2.6635) (2.6527) 
P4Approach10 99.8417 106.269 105.5756 112.3901 115.0285 114.9821 114.0435 110.1979 114.9719 113.7667 
 (3.5551) (2.6459) (3.5243) (2.6464) (3.5291) (3.5138) (3.4884) (3.4956) (2.6635) (2.6527) 
MT
P4Approach1 106.3636 110.9461 117.758 123.5742 124.6635 129.4857 122.5114 120.0922 123.9426 120.9963 
 (3.6166) (3.804) (3.7267) (3.7264) (3.8948) (4.4911) (3.7452) (3.7648) (3.7699) (3.7389) 
P4Approach2 105.1018 112.8745 119.2529 124.2633 125.1678 132.518 120.7258 118.2703 126.7182 121.8217 
 (3.6166) (3.804) (3.7267) (3.7264) (3.8948) (4.4911) (3.7452) (3.7648) (3.7699) (3.7389) 
P4Approach3 106.3636 110.9461 117.758 123.5742 124.6635 129.4857 122.5114 120.0922 123.9426 120.9963 
 (3.6166) (3.804) (3.7267) (3.7264) (3.8948) (4.4911) (3.7452) (3.7648) (3.7699) (3.7389) 
P4Approach4 105.3608 112.8745 119.2529 124.2633 125.1678 132.518 120.7258 118.2703 126.7182 121.8217 
 (3.6166) (3.804) (3.7267) (3.7264) (3.8948) (4.4911) (3.7452) (3.7648) (3.7699) (3.7389) 
P4Approach5 105.7974 111.9103 118.5054 123.9187 124.9157 131.0018 121.6186 119.1813 125.3304 121.409 
 (3.6166) (3.804) (3.7267) (3.7264) (3.8948) (4.4911) (3.7452) (3.7648) (3.7699) (3.7389) 
SI
P4Approach1 86.9598 103.4115 104.2246 102.3283 104.3175 104.8408 105.2128 107.4933 110.2623 104.4991 
 (4.5269) (3.6385) (4.4957) (4.4856) (4.4645) (4.4448) (4.4396) (4.4267) (3.5838) (3.5495) 
P4Approach2 88.6391 102.8509 104.4915 102.1389 103.9234 105.1701 106.5278 108.5968 108.9684 105.369 
 (4.5269) (3.6385) (4.4957) (4.4856) (4.4645) (4.4448) (4.4396) (4.4267) (3.5838) (3.5495) 
P4Approach3 86.8363 103.3313 104.3865 102.1158 104.2366 104.8408 105.2856 107.5246 110.232 104.4038 
 (4.5269) (3.6385) (4.4957) (4.4856) (4.4645) (4.4448) (4.4396) (4.4267) (3.5838) (3.5495) 
P4Approach4 88.2685 103.1477 105.4909 102.7356 104.0422 104.8294 105.4933 108.2855 109.4895 104.8157 
 (4.5269) (3.6385) (4.4957) (4.4856) (4.4645) (4.4448) (4.4396) (4.4267) (3.5838) (3.5495) 
P4Approach5 87.6759 103.1854 104.6484 102.3297 104.1299 104.9203 105.6299 107.975 109.738 104.7719 
 (4.5269) (3.6385) (4.4957) (4.4856) (4.4645) (4.4448) (4.4396) (4.4267) (3.5838) (3.5495) 
UK
P4Approach1 105.1706 108.2426 110.5219 110.6813 113.1954 114.1505 111.7017 112.228 116.7042 128.9535 
 (1.4765) (1.4698) (1.4685) (1.4961) (1.526) (1.6055) (1.4974) (1.5001) (1.4926) (1.4702) 
P4Approach2 105.9348 109.7142 110.2229 112.4531 114.5809 115.1872 111.3755 113.0403 116.8419 129.3236 
 (1.4765) (1.4698) (1.4685) (1.4961) (1.526) (1.6055) (1.4974) (1.5001) (1.4926) (1.4702) 
P4Approach3 105.1706 108.2426 110.5219 110.6813 113.1954 114.1505 111.7017 112.228 116.7042 128.9535 
 (1.4765) (1.4698) (1.4685) (1.4961) (1.526) (1.6055) (1.4974) (1.5001) (1.4926) (1.4702) 
P4Approach4 105.9016 109.56 109.9454 112.1941 114.4002 114.907 111.1553 112.6779 116.4254 128.8449 
 (1.4765) (1.4698) (1.4685) (1.4961) (1.526) (1.6055) (1.4974) (1.5001) (1.4926) (1.4702) 
P4Approach5 105.5444 108.9398 110.303 111.5024 113.843 114.5988 111.4835 112.5435 116.6689 129.0189 
 (1.4765) (1.4698) (1.4685) (1.4961) (1.526) (1.6055) (1.4974) (1.5001) (1.4926) (1.4702) 
P4Approach6 105.1706 108.2426 110.5219 110.6813 113.1954 114.1505 111.7017 112.228 116.7042 128.9535 
 (1.4765) (1.4698) (1.4685) (1.4961) (1.526) (1.6055) (1.4974) (1.5001) (1.4926) (1.4702) 
P4Approach7 105.9348 109.7142 110.2229 112.4531 114.5809 115.1872 111.3755 113.0403 116.8419 129.3236 
 (1.4765) (1.4698) (1.4685) (1.4961) (1.526) (1.6055) (1.4974) (1.5001) (1.4926) (1.4702) 
P4Approach8 105.1706 108.2426 110.5219 110.6813 113.1954 114.1505 111.7017 112.228 116.7042 128.9535 
 (1.4765) (1.4698) (1.4685) (1.4961) (1.526) (1.6055) (1.4974) (1.5001) (1.4926) (1.4702) 
P4Approach9 105.9016 109.56 109.9454 112.1941 114.4002 114.907 111.1553 112.6779 116.4254 128.8449 
 (1.4765) (1.4698) (1.4685) (1.4961) (1.526) (1.6055) (1.4974) (1.5001) (1.4926) (1.4702) 
P4Approach10 105.5444 108.9398 110.303 111.5024 113.843 114.5988 111.4835 112.5435 116.6689 129.0189 
 (1.4765) (1.4698) (1.4685) (1.4961) (1.526) (1.6055) (1.4974) (1.5001) (1.4926) (1.4702) 
P4Approach11 105.1706 108.2426 110.5219 110.6813 113.1954 114.1505 111.7017 112.228 116.7042 128.9535 
 (1.4765) (1.4698) (1.4685) (1.4961) (1.526) (1.6055) (1.4974) (1.5001) (1.4926) (1.4702) 
P4Approach12 105.9348 109.7142 110.2229 112.4531 114.5809 115.1872 111.3755 113.0403 116.8419 129.3236 
 (1.4765) (1.4698) (1.4685) (1.4961) (1.526) (1.6055) (1.4974) (1.5001) (1.4926) (1.4702) 
P4Approach13 105.1706 108.2426 110.5219 110.6813 113.1954 114.1505 111.7017 112.228 116.7042 128.9535 
 (1.4765) (1.4698) (1.4685) (1.4961) (1.526) (1.6055) (1.4974) (1.5001) (1.4926) (1.4702) 
P4Approach14 105.9016 109.56 109.9454 112.1941 114.4002 114.907 111.1553 112.6779 116.4254 128.8449 
 (1.4765) (1.4698) (1.4685) (1.4961) (1.526) (1.6055) (1.4974) (1.5001) (1.4926) (1.4702) 
P4Approach15 105.5444 108.9398 110.303 111.5024 113.843 114.5988 111.4835 112.5435 116.6689 129.0189 
 (1.4765) (1.4698) (1.4685) (1.4961) (1.526) (1.6055) (1.4974) (1.5001) (1.4926) (1.4702) 
P4Approach16 105.1706 108.2426 110.5219 110.6813 113.1954 114.1505 111.7017 112.228 116.7042 128.9535 
 (1.4765) (1.4698) (1.4685) (1.4961) (1.526) (1.6055) (1.4974) (1.5001) (1.4926) (1.4702) 
P4Approach17 105.9348 109.7142 110.2229 112.4531 114.5809 115.1872 111.3755 113.0403 116.8419 129.3236 
 (1.4765) (1.4698) (1.4685) (1.4961) (1.526) (1.6055) (1.4974) (1.5001) (1.4926) (1.4702) 
P4Approach18 105.1706 108.2426 110.5219 110.6813 113.1954 114.1505 111.7017 112.228 116.7042 128.9535 
 (1.4765) (1.4698) (1.4685) (1.4961) (1.526) (1.6055) (1.4974) (1.5001) (1.4926) (1.4702) 
P4Approach19 105.9016 109.56 109.9454 112.1941 114.4002 114.907 111.1553 112.6779 116.4254 128.8449 
 (1.4765) (1.4698) (1.4685) (1.4961) (1.526) (1.6055) (1.4974) (1.5001) (1.4926) (1.4702) 
P4Approach20 105.5444 108.9398 110.303 111.5024 113.843 114.5988 111.4835 112.5435 116.6689 129.0189 
 (1.4765) (1.4698) (1.4685) (1.4961) (1.526) (1.6055) (1.4974) (1.5001) (1.4926) (1.4702) 
SE
P4Approach1 96.3415 111.1178 114.3827 119.8848 121.6243 119.4223 122.9499 113.987 118.2752 116.2584 
 (2.8538) (2.8395) (3.1944) (3.1818) (2.923) (3.2751) (2.9374) (2.9398) (2.9272) (2.5437) 
P4Approach2 95.8074 112.1265 113.2998 120.2664 125.0666 122.3519 120.38 115.3428 118.1502 118.1831 
 (2.8538) (2.8395) (3.1944) (3.1818) (2.923) (3.2751) (2.9374) (2.9398) (2.9272) (2.5437) 
P4Approach3 95.7104 110.2027 111.8495 117.3879 121.6243 119.4223 122.0264 113.987 118.2752 116.2584 
 (2.8538) (2.8395) (3.1944) (3.1818) (2.923) (3.2751) (2.9374) (2.9398) (2.9272) (2.5437) 
P4Approach4 96.9598 111.8054 113.1498 120.8911 124.4368 122.9992 119.8393 115.419 118.42 117.5657 
 (2.8538) (2.8395) (3.1944) (3.1818) (2.923) (3.2751) (2.9374) (2.9398) (2.9272) (2.5437) 
P4Approach5 96.2048 111.3131 113.1704 119.6075 123.188 121.0489 121.2989 114.684 118.2801 117.0664 
 (2.8538) (2.8395) (3.1944) (3.1818) (2.923) (3.2751) (2.9374) (2.9398) (2.9272) (2.5437) 
P4Approach6 96.3415 111.1178 114.3827 119.8848 121.6243 119.4223 122.9499 113.987 118.2752 116.2584 
 (2.8538) (2.8395) (3.1944) (3.1818) (2.923) (3.2751) (2.9374) (2.9398) (2.9272) (2.5437) 
P4Approach7 95.8074 112.1265 113.2998 120.2664 125.0666 122.3519 120.38 115.3428 118.1502 118.1831 
 (2.8538) (2.8395) (3.1944) (3.1818) (2.923) (3.2751) (2.9374) (2.9398) (2.9272) (2.5437) 
P4Approach8 95.7104 110.2027 111.8495 117.3879 121.6243 119.4223 122.0264 113.987 118.2752 116.2584 
 (2.8538) (2.8395) (3.1944) (3.1818) (2.923) (3.2751) (2.9374) (2.9398) (2.9272) (2.5437) 
P4Approach9 96.9598 111.8054 113.1498 120.8911 124.4368 122.9992 119.8393 115.419 118.42 117.5657 
 (2.8538) (2.8395) (3.1944) (3.1818) (2.923) (3.2751) (2.9374) (2.9398) (2.9272) (2.5437) 
P4Approach10 96.2048 111.3131 113.1704 119.6075 123.188 121.0489 121.2989 114.684 118.2801 117.0664 
 (2.8538) (2.8395) (3.1944) (3.1818) (2.923) (3.2751) (2.9374) (2.9398) (2.9272) (2.5437) 
