P4
BE
P4Approach1 96.0459 106.7014 107.0871 106.6825 107.6271 109.0167 100.2738 107.3225 110.5621 103.7317 
 (2.9082) (2.9141) (3.0205) (2.8948) (2.8817) (2.9855) (3.0103) (3.0071) (2.9928) (2.6722) 
P4Approach2 95.6877 108.4067 107.6986 108.6086 108.9127 111.2689 100.8325 105.9844 110.6779 102.9535 
 (2.9082) (2.9141) (3.0205) (2.8948) (2.8817) (2.9855) (3.0103) (3.0071) (2.9928) (2.6722) 
P4Approach3 96.0459 106.7014 107.0871 106.6825 107.6271 109.0167 100.2738 107.3225 110.5621 103.7317 
 (2.9082) (2.9141) (3.0205) (2.8948) (2.8817) (2.9855) (3.0103) (3.0071) (2.9928) (2.6722) 
P4Approach4 95.6379 107.8175 108.1195 108.8468 108.7981 111.6071 101.009 105.8363 110.9434 102.5611 
 (2.9082) (2.9141) (3.0205) (2.8948) (2.8817) (2.9855) (3.0103) (3.0071) (2.9928) (2.6722) 
P4Approach5 95.8543 107.4067 107.4981 107.7051 108.2413 110.2274 100.5973 106.6164 110.6863 103.2445 
 (2.9082) (2.9141) (3.0205) (2.8948) (2.8817) (2.9855) (3.0103) (3.0071) (2.9928) (2.6722) 
P4Approach6 96.0459 106.7014 107.0871 106.6825 107.6271 109.0167 100.2738 107.3225 110.5621 103.7317 
 (2.9082) (2.9141) (3.0205) (2.8948) (2.8817) (2.9855) (3.0103) (3.0071) (2.9928) (2.6722) 
P4Approach7 95.6877 108.4067 107.6986 108.6086 108.9127 111.2689 100.8325 105.9844 110.6779 102.9535 
 (2.9082) (2.9141) (3.0205) (2.8948) (2.8817) (2.9855) (3.0103) (3.0071) (2.9928) (2.6722) 
P4Approach8 96.0459 106.7014 107.0871 106.6825 107.6271 109.0167 100.2738 107.3225 110.5621 103.7317 
 (2.9082) (2.9141) (3.0205) (2.8948) (2.8817) (2.9855) (3.0103) (3.0071) (2.9928) (2.6722) 
P4Approach9 95.6379 107.8175 108.1195 108.8468 108.7981 111.6071 101.009 105.8363 110.9434 102.5611 
 (2.9082) (2.9141) (3.0205) (2.8948) (2.8817) (2.9855) (3.0103) (3.0071) (2.9928) (2.6722) 
P4Approach10 95.8543 107.4067 107.4981 107.7051 108.2413 110.2274 100.5973 106.6164 110.6863 103.2445 
 (2.9082) (2.9141) (3.0205) (2.8948) (2.8817) (2.9855) (3.0103) (3.0071) (2.9928) (2.6722) 
FR
P4Approach1 91.0495 100.4814 112.21 111.5417 112.0322 99.8381 126.5418 112.3031 118.0555 110.997 
 (2.2823) (2.3444) (2.2183) (2.2084) (2.2156) (2.1928) (2.1645) (2.1584) (2.1285) (2.1223) 
P4Approach2 91.0246 100.1312 111 111.4972 114.1232 101.0088 126.7067 112.5843 116.9622 111.254 
 (2.2823) (2.3444) (2.2183) (2.2084) (2.2156) (2.1928) (2.1645) (2.1584) (2.1285) (2.1223) 
P4Approach3 91.1544 100.8835 112.21 111.5417 112.0322 99.8381 126.5418 112.3031 118.0555 110.997 
 (2.2823) (2.3444) (2.2183) (2.2084) (2.2156) (2.1928) (2.1645) (2.1584) (2.1285) (2.1223) 
P4Approach4 91.0246 100.1312 111.1061 111.4972 114.2287 101.0088 126.7067 112.5843 116.9622 110.8266 
 (2.2823) (2.3444) (2.2183) (2.2084) (2.2156) (2.1928) (2.1645) (2.1584) (2.1285) (2.1223) 
P4Approach5 91.0633 100.4068 111.6315 111.5195 113.1041 100.4235 126.6243 112.4437 117.5088 111.0187 
 (2.2823) (2.3444) (2.2183) (2.2084) (2.2156) (2.1928) (2.1645) (2.1584) (2.1285) (2.1223) 
P4Approach6 91.0495 100.4814 112.21 111.5417 112.0322 99.8381 126.5418 112.3031 118.0555 110.997 
 (2.2823) (2.3444) (2.2183) (2.2084) (2.2156) (2.1928) (2.1645) (2.1584) (2.1285) (2.1223) 
P4Approach7 91.0246 100.1312 111 111.4972 114.1232 101.0088 126.7067 112.5843 116.9622 111.254 
 (2.2823) (2.3444) (2.2183) (2.2084) (2.2156) (2.1928) (2.1645) (2.1584) (2.1285) (2.1223) 
P4Approach8 91.1544 100.8835 112.21 111.5417 112.0322 99.8381 126.5418 112.3031 118.0555 110.997 
 (2.2823) (2.3444) (2.2183) (2.2084) (2.2156) (2.1928) (2.1645) (2.1584) (2.1285) (2.1223) 
P4Approach9 91.0246 100.1312 111.1061 111.4972 114.2287 101.0088 126.7067 112.5843 116.9622 110.8266 
 (2.2823) (2.3444) (2.2183) (2.2084) (2.2156) (2.1928) (2.1645) (2.1584) (2.1285) (2.1223) 
P4Approach10 91.0633 100.4068 111.6315 111.5195 113.1041 100.4235 126.6243 112.4437 117.5088 111.0187 
 (2.2823) (2.3444) (2.2183) (2.2084) (2.2156) (2.1928) (2.1645) (2.1584) (2.1285) (2.1223) 
BG
P4Approach1 111.7792 130.4129 132.7214 135.9725 138.0778 137.9537 140.4788 144.8386 144.9914 138.5343 
 (4.2664) (3.4223) (4.4691) (3.3969) (4.43) (4.4197) (4.4136) (4.4315) (3.4936) (3.1608) 
P4Approach2 106.3261 130.6179 135.7816 134.7277 136.1985 144.4047 145.8407 140.7759 141.9981 134.8427 
 (4.2664) (3.4223) (4.4691) (3.3969) (4.43) (4.4197) (4.4136) (4.4315) (3.4936) (3.1608) 
P4Approach3 111.7792 130.4129 132.7214 135.9725 138.0778 137.9537 140.4788 144.8386 144.9914 138.5343 
 (4.2664) (3.4223) (4.4691) (3.3969) (4.43) (4.4197) (4.4136) (4.4315) (3.4936) (3.1608) 
P4Approach4 106.23 130.936 135.8817 134.3301 135.5806 143.4578 145.2607 139.8707 141.7691 134.5588 
 (4.2664) (3.4223) (4.4691) (3.3969) (4.43) (4.4197) (4.4136) (4.4315) (3.4936) (3.1608) 
P4Approach5 109.0286 130.5949 134.2765 135.2507 136.9837 140.9425 143.0148 142.581 143.4375 136.6175 
 (4.2664) (3.4223) (4.4691) (3.3969) (4.43) (4.4197) (4.4136) (4.4315) (3.4936) (3.1608) 
P4Approach6 111.7792 130.4129 132.7214 135.9725 138.0778 137.9537 140.4788 144.8386 144.9914 138.5343 
 (4.2664) (3.4223) (4.4691) (3.3969) (4.43) (4.4197) (4.4136) (4.4315) (3.4936) (3.1608) 
P4Approach7 106.3261 130.6179 135.7816 134.7277 136.1985 144.4047 145.8407 140.7759 141.9981 134.8427 
 (4.2664) (3.4223) (4.4691) (3.3969) (4.43) (4.4197) (4.4136) (4.4315) (3.4936) (3.1608) 
P4Approach8 111.7792 130.4129 132.7214 135.9725 138.0778 137.9537 140.4788 144.8386 144.9914 138.5343 
 (4.2664) (3.4223) (4.4691) (3.3969) (4.43) (4.4197) (4.4136) (4.4315) (3.4936) (3.1608) 
P4Approach9 106.23 130.936 135.8817 134.3301 135.5806 143.4578 145.2607 139.8707 141.7691 134.5588 
 (4.2664) (3.4223) (4.4691) (3.3969) (4.43) (4.4197) (4.4136) (4.4315) (3.4936) (3.1608) 
P4Approach10 109.0286 130.5949 134.2765 135.2507 136.9837 140.9425 143.0148 142.581 143.4375 136.6175 
 (4.2664) (3.4223) (4.4691) (3.3969) (4.43) (4.4197) (4.4136) (4.4315) (3.4936) (3.1608) 
DK
P4Approach1 86.9723 99.9601 101.2629 105.6201 100.5259 99.2011 102.1956 95.9303 101.1375 101.4525 
 (2.3723) (2.3627) (2.3879) (2.3777) (2.3937) (2.417) (2.3558) (2.3478) (2.3375) (2.3632) 
P4Approach2 87.573 100.048 101.712 104.8147 99.9544 99.0423 101.4678 96.0902 100.93 103.0776 
 (2.3723) (2.3627) (2.3879) (2.3777) (2.3937) (2.417) (2.3558) (2.3478) (2.3375) (2.3632) 
P4Approach3 86.9723 99.9601 101.2629 105.6201 100.5259 99.2011 102.1956 95.9303 101.1171 101.4525 
 (2.3723) (2.3627) (2.3879) (2.3777) (2.3937) (2.417) (2.3558) (2.3478) (2.3375) (2.3632) 
P4Approach4 87.573 100.048 101.712 104.8147 99.9544 99.0423 101.4678 96.0902 100.93 103.0776 
 (2.3723) (2.3627) (2.3879) (2.3777) (2.3937) (2.417) (2.3558) (2.3478) (2.3375) (2.3632) 
P4Approach5 87.2726 100.004 101.4875 105.2174 100.2402 99.1217 101.8317 96.0103 101.0287 102.2651 
 (2.3723) (2.3627) (2.3879) (2.3777) (2.3937) (2.417) (2.3558) (2.3478) (2.3375) (2.3632) 
P4Approach6 86.9723 99.9601 101.2629 105.6201 100.5259 99.2011 102.1956 95.9303 101.1375 101.4525 
 (2.3723) (2.3627) (2.3879) (2.3777) (2.3937) (2.417) (2.3558) (2.3478) (2.3375) (2.3632) 
P4Approach7 87.573 100.048 101.712 104.8147 99.9544 99.0423 101.4678 96.0902 100.93 103.0776 
 (2.3723) (2.3627) (2.3879) (2.3777) (2.3937) (2.417) (2.3558) (2.3478) (2.3375) (2.3632) 
P4Approach8 86.9723 99.9601 101.2629 105.6201 100.5259 99.2011 102.1956 95.9303 101.1171 101.4525 
 (2.3723) (2.3627) (2.3879) (2.3777) (2.3937) (2.417) (2.3558) (2.3478) (2.3375) (2.3632) 
P4Approach9 87.573 100.048 101.712 104.8147 99.9544 99.0423 101.4678 96.0902 100.93 103.0776 
 (2.3723) (2.3627) (2.3879) (2.3777) (2.3937) (2.417) (2.3558) (2.3478) (2.3375) (2.3632) 
P4Approach10 87.2726 100.004 101.4875 105.2174 100.2402 99.1217 101.8317 96.0103 101.0287 102.2651 
 (2.3723) (2.3627) (2.3879) (2.3777) (2.3937) (2.417) (2.3558) (2.3478) (2.3375) (2.3632) 
HR
P4Approach1 84.2769 98.2127 102.2021 105.0508 107.4002 120.08 116.3238 109.2811 110.347 94.0069 
 (4.9908) (4.1613) (4.9482) (4.1258) (4.9095) (4.8875) (4.8711) (4.8573) (4.099) (3.5637) 
P4Approach2 83.3643 97.8763 103.7397 106.8085 111.995 126.309 122.8632 111.0144 105.7239 95.4217 
 (4.9908) (4.1613) (4.9482) (4.1258) (4.9095) (4.8875) (4.8711) (4.8573) (4.099) (3.5637) 
P4Approach3 84.2769 98.2127 102.2021 105.0508 107.4002 120.08 116.7198 105.9095 110.347 94.0069 
 (4.9908) (4.1613) (4.9482) (4.1258) (4.9095) (4.8875) (4.8711) (4.8573) (4.099) (3.5637) 
P4Approach4 83.5646 98.0602 103.4525 106.8651 111.942 126.798 123.1568 110.3199 105.3531 95.5015 
 (4.9908) (4.1613) (4.9482) (4.1258) (4.9095) (4.8875) (4.8711) (4.8573) (4.099) (3.5637) 
P4Approach5 83.8707 98.0905 102.8991 105.9438 109.6844 123.3168 119.7659 109.1312 107.9428 94.7343 
 (4.9908) (4.1613) (4.9482) (4.1258) (4.9095) (4.8875) (4.8711) (4.8573) (4.099) (3.5637) 
DE
P4Approach1 99.1131 113.4895 112.2119 111.6807 108.1177 111.3001 108.802 111.4059 117.3267 117.2666 
 (2.6662) (2.6733) (2.7426) (2.6463) (2.6429) (2.7336) (2.7414) (2.6513) (2.6474) (2.6368) 
P4Approach2 99.2271 116.0229 112.5478 114.6726 109.9134 114.9052 108.9727 112.3326 117.252 117.6636 
 (2.6662) (2.6733) (2.7426) (2.6463) (2.6429) (2.7336) (2.7414) (2.6513) (2.6474) (2.6368) 
P4Approach3 99.1131 113.4895 112.2119 111.6807 108.1177 110.9738 108.802 110.9387 116.8913 116.4119 
 (2.6662) (2.6733) (2.7426) (2.6463) (2.6429) (2.7336) (2.7414) (2.6513) (2.6474) (2.6368) 
P4Approach4 99.2046 116.0253 112.541 114.7432 109.8703 114.8799 108.9623 112.1082 117.3556 117.5023 
 (2.6662) (2.6733) (2.7426) (2.6463) (2.6429) (2.7336) (2.7414) (2.6513) (2.6474) (2.6368) 
P4Approach5 99.1645 114.7568 112.3782 113.1943 109.0048 113.0147 108.8847 111.6964 117.2064 117.2111 
 (2.6662) (2.6733) (2.7426) (2.6463) (2.6429) (2.7336) (2.7414) (2.6513) (2.6474) (2.6368) 
P4Approach6 99.1131 113.4895 112.2119 111.6807 108.1177 111.3001 108.802 111.4059 117.3267 117.2666 
 (2.6662) (2.6733) (2.7426) (2.6463) (2.6429) (2.7336) (2.7414) (2.6513) (2.6474) (2.6368) 
P4Approach7 99.2271 116.0229 112.5478 114.6726 109.9134 114.9052 108.9727 112.3326 117.252 117.6636 
 (2.6662) (2.6733) (2.7426) (2.6463) (2.6429) (2.7336) (2.7414) (2.6513) (2.6474) (2.6368) 
P4Approach8 99.1131 113.4895 112.2119 111.6807 108.1177 110.9738 108.802 110.9387 116.8913 116.4119 
 (2.6662) (2.6733) (2.7426) (2.6463) (2.6429) (2.7336) (2.7414) (2.6513) (2.6474) (2.6368) 
P4Approach9 99.2046 116.0253 112.541 114.7432 109.8703 114.8799 108.9623 112.1082 117.3556 117.5023 
 (2.6662) (2.6733) (2.7426) (2.6463) (2.6429) (2.7336) (2.7414) (2.6513) (2.6474) (2.6368) 
P4Approach10 99.1645 114.7568 112.3782 113.1943 109.0048 113.0147 108.8847 111.6964 117.2064 117.2111 
 (2.6662) (2.6733) (2.7426) (2.6463) (2.6429) (2.7336) (2.7414) (2.6513) (2.6474) (2.6368) 
HU
P4Approach1 102.8898 120.7303 126.9627 127.0809 131.3454 140.2388 140.7576 135.924 142.0826 136.1769 
 (2.5906) (2.6011) (2.605) (2.6278) (2.6201) (2.6095) (2.5428) (2.5619) (2.5605) (2.4723) 
P4Approach2 107.2293 123.1601 126.9443 126.0022 129.9579 138.5926 137.9369 133.8432 140.9592 137.1082 
 (2.5906) (2.6011) (2.605) (2.6278) (2.6201) (2.6095) (2.5428) (2.5619) (2.5605) (2.4723) 
P4Approach3 102.8898 120.7303 126.9627 127.0809 131.3454 140.2388 140.7576 135.924 142.0826 136.1769 
 (2.5906) (2.6011) (2.605) (2.6278) (2.6201) (2.6095) (2.5428) (2.5619) (2.5605) (2.4723) 
P4Approach4 107.2293 123.1601 126.9443 126.0022 129.9579 138.5926 137.9369 133.8432 140.9592 137.1082 
 (2.5906) (2.6011) (2.605) (2.6278) (2.6201) (2.6095) (2.5428) (2.5619) (2.5605) (2.4723) 
P4Approach5 105.0595 121.9452 126.9535 126.5416 130.6517 139.4157 139.3473 134.8836 141.5209 136.6426 
 (2.5906) (2.6011) (2.605) (2.6278) (2.6201) (2.6095) (2.5428) (2.5619) (2.5605) (2.4723) 
FI
P4Approach1 89.5209 102.5122 104.9792 113.0552 114.4503 115.8362 112.0802 105.8886 109.5893 107.0161 
 (2.3351) (2.3164) (2.3223) (2.3334) (2.3145) (2.3575) (2.3481) (2.2925) (2.2991) (2.3712) 
P4Approach2 89.7136 104.5182 105.1919 113.0208 113.0538 117.3166 111.7054 106.0035 108.5762 107.2626 
 (2.3351) (2.3164) (2.3223) (2.3334) (2.3145) (2.3575) (2.3481) (2.2925) (2.2991) (2.3712) 
P4Approach3 89.5209 102.5122 104.9792 113.0552 114.4503 115.8362 112.0802 105.8886 109.5893 107.0161 
 (2.3351) (2.3164) (2.3223) (2.3334) (2.3145) (2.3575) (2.3481) (2.2925) (2.2991) (2.3712) 
P4Approach4 89.8601 104.484 105.1412 113.1182 112.7521 117.2101 112.1266 105.2786 108.7022 107.3806 
 (2.3351) (2.3164) (2.3223) (2.3334) (2.3145) (2.3575) (2.3481) (2.2925) (2.2991) (2.3712) 
P4Approach5 89.6539 103.5067 105.0729 113.0623 113.6766 116.5498 111.9981 105.7648 109.1142 107.1689 
 (2.3351) (2.3164) (2.3223) (2.3334) (2.3145) (2.3575) (2.3481) (2.2925) (2.2991) (2.3712) 
P4Approach6 89.5209 102.5122 104.9792 113.0552 114.4503 115.8362 112.0802 105.8886 109.5893 107.0161 
 (2.3351) (2.3164) (2.3223) (2.3334) (2.3145) (2.3575) (2.3481) (2.2925) (2.2991) (2.3712) 
P4Approach7 89.7136 104.5182 105.1919 113.0208 113.0538 117.3166 111.7054 106.0035 108.5762 107.2626 
 (2.3351) (2.3164) (2.3223) (2.3334) (2.3145) (2.3575) (2.3481) (2.2925) (2.2991) (2.3712) 
P4Approach8 89.5209 102.5122 104.9792 113.0552 114.4503 115.8362 112.0802 105.8886 109.5893 107.0161 
 (2.3351) (2.3164) (2.3223) (2.3334) (2.3145) (2.3575) (2.3481) (2.2925) (2.2991) (2.3712) 
P4Approach9 89.8601 104.484 105.1412 113.1182 112.7521 117.2101 112.1266 105.2786 108.7022 107.3806 
 (2.3351) (2.3164) (2.3223) (2.3334) (2.3145) (2.3575) (2.3481) (2.2925) (2.2991) (2.3712) 
P4Approach10 89.6539 103.5067 105.0729 113.0623 113.6766 116.5498 111.9981 105.7648 109.1142 107.1689 
 (2.3351) (2.3164) (2.3223) (2.3334) (2.3145) (2.3575) (2.3481) (2.2925) (2.2991) (2.3712) 
P4Approach11 89.5209 102.5122 104.9792 113.0552 114.4503 115.8362 112.0802 105.8886 109.5893 107.0161 
 (2.3351) (2.3164) (2.3223) (2.3334) (2.3145) (2.3575) (2.3481) (2.2925) (2.2991) (2.3712) 
P4Approach12 89.7136 104.5182 105.1919 113.0208 113.0538 117.3166 111.7054 106.0035 108.5762 107.2626 
 (2.3351) (2.3164) (2.3223) (2.3334) (2.3145) (2.3575) (2.3481) (2.2925) (2.2991) (2.3712) 
P4Approach13 89.5209 102.5122 104.9792 113.0552 114.4503 115.8362 112.0802 105.8886 109.5893 107.0161 
 (2.3351) (2.3164) (2.3223) (2.3334) (2.3145) (2.3575) (2.3481) (2.2925) (2.2991) (2.3712) 
P4Approach14 89.8601 104.484 105.1412 113.1182 112.7521 117.2101 112.1266 105.2786 108.7022 107.3806 
 (2.3351) (2.3164) (2.3223) (2.3334) (2.3145) (2.3575) (2.3481) (2.2925) (2.2991) (2.3712) 
P4Approach15 89.6539 103.5067 105.0729 113.0623 113.6766 116.5498 111.9981 105.7648 109.1142 107.1689 
 (2.3351) (2.3164) (2.3223) (2.3334) (2.3145) (2.3575) (2.3481) (2.2925) (2.2991) (2.3712) 
NL
P4Approach1 80.2249 93.283 93.319 97.1717 95.5112 92.1341 89.4532 92.0279 95.294 95.2983 
 (8.3292) (7.1925) (6.9022) (7.1177) (6.9444) (6.8252) (6.7789) (6.6017) (5.5878) (3.9434) 
P4Approach2 81.1616 95.0204 95.2668 98.9113 97.6742 94.3785 91.0926 94.2389 97.0841 88.4744 
 (8.3292) (7.1925) (6.9022) (7.1177) (6.9444) (6.8252) (6.7789) (6.6017) (5.5878) (3.9434) 
P4Approach3 80.2249 93.283 93.319 97.1717 95.5112 92.1341 89.4532 92.0279 95.294 95.2983 
 (8.3292) (7.1925) (6.9022) (7.1177) (6.9444) (6.8252) (6.7789) (6.6017) (5.5878) (3.9434) 
P4Approach4 81.1616 95.0204 95.2668 98.9113 97.6742 94.3785 91.0926 94.2389 97.0841 88.4744 
 (8.3292) (7.1925) (6.9022) (7.1177) (6.9444) (6.8252) (6.7789) (6.6017) (5.5878) (3.9434) 
P4Approach5 80.6933 94.1517 94.2929 98.0415 96.5927 93.2563 90.2729 93.1334 96.189 91.8864 
 (8.3292) (7.1925) (6.9022) (7.1177) (6.9444) (6.8252) (6.7789) (6.6017) (5.5878) (3.9434) 
PT
P4Approach1 73.3875 81.0128 81.0827 85.3031 84.3338 93.012 94.576 87.5767 88.9198 87.6769 
 (3.2562) (2.6477) (2.8697) (2.6463) (2.8818) (2.8717) (2.9172) (2.9322) (2.6139) (2.4355) 
P4Approach2 77.338 86.1125 81.8047 85.6727 87.0586 90.1844 90.6996 86.8702 91.713 86.6303 
 (3.2562) (2.6477) (2.8697) (2.6463) (2.8818) (2.8717) (2.9172) (2.9322) (2.6139) (2.4355) 
P4Approach3 73.3875 81.0128 81.0827 85.3031 84.3338 93.012 94.576 87.5767 88.9198 87.8139 
 (3.2562) (2.6477) (2.8697) (2.6463) (2.8818) (2.8717) (2.9172) (2.9322) (2.6139) (2.4355) 
P4Approach4 77.3812 86.1125 81.8047 85.4275 86.6941 90.0505 90.2881 86.7357 91.8161 86.944 
 (3.2562) (2.6477) (2.8697) (2.6463) (2.8818) (2.8717) (2.9172) (2.9322) (2.6139) (2.4355) 
P4Approach5 75.3735 83.5626 81.4437 85.4266 85.6051 91.5647 92.5349 87.1898 90.3422 87.2663 
 (3.2562) (2.6477) (2.8697) (2.6463) (2.8818) (2.8717) (2.9172) (2.9322) (2.6139) (2.4355) 
LV
P4Approach1 113.4221 131.5686 131.4323 139.0403 140.9598 142.8999 140.9213 133.5497 136.6734 130.2874 
 (4.2696) (3.2594) (4.2557) (3.242) (4.2313) (4.2133) (4.2149) (4.2029) (3.204) (3.2186) 
P4Approach2 115.9941 132.168 133.2723 137.5922 139.6797 147.3517 141.2684 130.0124 137.3419 129.4257 
 (4.2696) (3.2594) (4.2557) (3.242) (4.2313) (4.2133) (4.2149) (4.2029) (3.204) (3.2186) 
P4Approach3 113.6214 131.6977 131.4872 138.6429 140.7867 143.6099 141.021 133.5665 136.8433 130.2874 
 (4.2696) (3.2594) (4.2557) (3.242) (4.2313) (4.2133) (4.2149) (4.2029) (3.204) (3.2186) 
P4Approach4 115.8345 131.8895 132.6648 136.9644 139.2366 146.9991 140.3293 129.1065 136.7096 128.7309 
 (4.2696) (3.2594) (4.2557) (3.242) (4.2313) (4.2133) (4.2149) (4.2029) (3.204) (3.2186) 
P4Approach5 114.718 131.8309 132.2141 138.0599 140.1657 145.2151 140.885 131.5588 136.8921 129.6828 
 (4.2696) (3.2594) (4.2557) (3.242) (4.2313) (4.2133) (4.2149) (4.2029) (3.204) (3.2186) 
P4Approach6 113.4221 131.5686 131.4323 139.0403 140.9598 142.8999 140.9213 133.5497 136.6734 130.2874 
 (4.2696) (3.2594) (4.2557) (3.242) (4.2313) (4.2133) (4.2149) (4.2029) (3.204) (3.2186) 
P4Approach7 115.9941 132.168 133.2723 137.5922 139.6797 147.3517 141.2684 130.0124 137.3419 129.4257 
 (4.2696) (3.2594) (4.2557) (3.242) (4.2313) (4.2133) (4.2149) (4.2029) (3.204) (3.2186) 
P4Approach8 113.6214 131.6977 131.4872 138.6429 140.7867 143.6099 141.021 133.5665 136.8433 130.2874 
 (4.2696) (3.2594) (4.2557) (3.242) (4.2313) (4.2133) (4.2149) (4.2029) (3.204) (3.2186) 
P4Approach9 115.8345 131.8895 132.6648 136.9644 139.2366 146.9991 140.3293 129.1065 136.7096 128.7309 
 (4.2696) (3.2594) (4.2557) (3.242) (4.2313) (4.2133) (4.2149) (4.2029) (3.204) (3.2186) 
P4Approach10 114.718 131.8309 132.2141 138.0599 140.1657 145.2151 140.885 131.5588 136.8921 129.6828 
 (4.2696) (3.2594) (4.2557) (3.242) (4.2313) (4.2133) (4.2149) (4.2029) (3.204) (3.2186) 
LT
P4Approach1 121.9766 138.699 139.4668 145.0804 141.8911 148.6496 150.3565 145.9377 148.6389 141.6644 
 (4.2719) (3.3901) (3.3862) (3.3737) (3.3686) (4.2067) (3.3492) (3.3445) (3.3374) (3.2742) 
P4Approach2 119.9556 137.3932 140.5957 145.2273 143.1534 151.7627 150.4263 142.3223 149.0253 142.1681 
 (4.2719) (3.3901) (3.3862) (3.3737) (3.3686) (4.2067) (3.3492) (3.3445) (3.3374) (3.2742) 
P4Approach3 121.9766 138.699 139.4668 145.0804 141.3912 148.4408 150.3565 142.1952 149.0559 141.6644 
 (4.2719) (3.3901) (3.3862) (3.3737) (3.3686) (4.2067) (3.3492) (3.3445) (3.3374) (3.2742) 
P4Approach4 119.9556 137.3932 140.5957 145.2273 143.1534 151.7627 150.4263 142.3223 149.0253 142.1681 
 (4.2719) (3.3901) (3.3862) (3.3737) (3.3686) (4.2067) (3.3492) (3.3445) (3.3374) (3.2742) 
P4Approach5 120.9661 138.0461 140.0313 145.1539 142.3973 150.154 150.3914 143.1944 148.9364 141.9163 
 (4.2719) (3.3901) (3.3862) (3.3737) (3.3686) (4.2067) (3.3492) (3.3445) (3.3374) (3.2742) 
P4Approach6 121.9766 138.699 139.4668 145.0804 141.8911 148.6496 150.3565 145.9377 148.6389 141.6644 
 (4.2719) (3.3901) (3.3862) (3.3737) (3.3686) (4.2067) (3.3492) (3.3445) (3.3374) (3.2742) 
P4Approach7 119.9556 137.3932 140.5957 145.2273 143.1534 151.7627 150.4263 142.3223 149.0253 142.1681 
 (4.2719) (3.3901) (3.3862) (3.3737) (3.3686) (4.2067) (3.3492) (3.3445) (3.3374) (3.2742) 
P4Approach8 121.9766 138.699 139.4668 145.0804 141.3912 148.4408 150.3565 142.1952 149.0559 141.6644 
 (4.2719) (3.3901) (3.3862) (3.3737) (3.3686) (4.2067) (3.3492) (3.3445) (3.3374) (3.2742) 
P4Approach9 119.9556 137.3932 140.5957 145.2273 143.1534 151.7627 150.4263 142.3223 149.0253 142.1681 
 (4.2719) (3.3901) (3.3862) (3.3737) (3.3686) (4.2067) (3.3492) (3.3445) (3.3374) (3.2742) 
P4Approach10 120.9661 138.0461 140.0313 145.1539 142.3973 150.154 150.3914 143.1944 148.9364 141.9163 
 (4.2719) (3.3901) (3.3862) (3.3737) (3.3686) (4.2067) (3.3492) (3.3445) (3.3374) (3.2742) 
LU
P4Approach1 179.4347 197.0404 212.8292 212.2125 210.5456 220.9925 206.9192 240.0622 267.1852 339.1433 
 (14.1854) (19.8093) (19.845) (15.2827) (15.2165) (20.9761) (21.206) (14.4712) (14.2888) (10.6983) 
P4Approach2 194.6021 224.7117 206.5435 222.0429 223.7606 254.6625 224.5385 238.9026 257.8982 362.6644 
 (14.1854) (19.8093) (19.845) (15.2827) (15.2165) (20.9761) (21.206) (14.4712) (14.2888) (10.6983) 
P4Approach3 179.4347 197.0404 196.4583 212.2125 210.5456 220.9925 206.9192 240.0622 267.1852 340.9555 
 (14.1854) (19.8093) (19.845) (15.2827) (15.2165) (20.9761) (21.206) (14.4712) (14.2888) (10.6983) 
P4Approach4 195.1077 225.2184 208.4334 222.0429 223.7606 254.6625 226.9174 238.9026 256.8684 342.1078 
 (14.1854) (19.8093) (19.845) (15.2827) (15.2165) (20.9761) (21.206) (14.4712) (14.2888) (10.6983) 
P4Approach5 187.1448 211.0027 206.0661 217.1277 217.1531 237.8275 216.3236 239.4824 262.2843 346.2178 
 (14.1854) (19.8093) (19.845) (15.2827) (15.2165) (20.9761) (21.206) (14.4712) (14.2888) (10.6983) 
RO
P4Approach1 120.2631 137.1267 151.2463 147.9683 151.468 152.4945 160.0915 158.0729 159.9549 161.6431 
 (4.924) (6.3817) (5.0165) (4.9939) (4.9744) (4.9796) (4.9881) (4.9667) (4.9462) (4.8736) 
P4Approach2 130.4228 145.0009 148.5637 146.5729 151.2889 152.2606 157.3734 156.5343 158.0694 161.517 
 (4.924) (6.3817) (5.0165) (4.9939) (4.9744) (4.9796) (4.9881) (4.9667) (4.9462) (4.8736) 
P4Approach3 120.2631 137.1267 151.2463 147.9683 151.468 152.4945 160.0915 158.0729 159.9549 161.6431 
 (4.924) (6.3817) (5.0165) (4.9939) (4.9744) (4.9796) (4.9881) (4.9667) (4.9462) (4.8736) 
P4Approach4 129.193 143.9224 148.8097 146.5879 150.9985 152.5165 158.1015 156.8114 158.1854 161.8393 
 (4.924) (6.3817) (5.0165) (4.9939) (4.9744) (4.9796) (4.9881) (4.9667) (4.9462) (4.8736) 
P4Approach5 125.0355 140.7942 149.9665 147.2743 151.3058 152.4415 158.9145 157.3729 159.0412 161.6606 
 (4.924) (6.3817) (5.0165) (4.9939) (4.9744) (4.9796) (4.9881) (4.9667) (4.9462) (4.8736) 
PL
P4Approach1 104.0875 126.5229 126.9456 125.5072 127.0915 129.8507 131.632 129.4506 132.4208 121.4771 
 (3.3193) (2.7574) (3.3431) (3.3306) (2.7253) (3.3089) (3.3009) (2.7152) (2.7066) (2.7189) 
P4Approach2 108.4887 125.2765 125.8026 126.0828 126.1425 128.4545 128.2034 126.9755 132.5963 122.5978 
 (3.3193) (2.7574) (3.3431) (3.3306) (2.7253) (3.3089) (3.3009) (2.7152) (2.7066) (2.7189) 
P4Approach3 103.1029 125.6638 125.2279 125.5072 127.0915 129.8507 131.632 130.51 132.1445 121.4771 
 (3.3193) (2.7574) (3.3431) (3.3306) (2.7253) (3.3089) (3.3009) (2.7152) (2.7066) (2.7189) 
P4Approach4 108.4887 125.2765 125.8026 126.0828 126.1425 128.4545 128.2034 126.9755 132.5963 122.5978 
 (3.3193) (2.7574) (3.3431) (3.3306) (2.7253) (3.3089) (3.3009) (2.7152) (2.7066) (2.7189) 
P4Approach5 106.0419 125.6849 125.9447 125.795 126.617 129.1526 129.9177 128.4779 132.4395 122.0374 
 (3.3193) (2.7574) (3.3431) (3.3306) (2.7253) (3.3089) (3.3009) (2.7152) (2.7066) (2.7189) 
P4Approach6 104.0875 126.5229 126.9456 125.5072 127.0915 129.8507 131.632 129.4506 132.4208 121.4771 
 (3.3193) (2.7574) (3.3431) (3.3306) (2.7253) (3.3089) (3.3009) (2.7152) (2.7066) (2.7189) 
P4Approach7 108.4887 125.2765 125.8026 126.0828 126.1425 128.4545 128.2034 126.9755 132.5963 122.5978 
 (3.3193) (2.7574) (3.3431) (3.3306) (2.7253) (3.3089) (3.3009) (2.7152) (2.7066) (2.7189) 
P4Approach8 103.1029 125.6638 125.2279 125.5072 127.0915 129.8507 131.632 130.51 132.1445 121.4771 
 (3.3193) (2.7574) (3.3431) (3.3306) (2.7253) (3.3089) (3.3009) (2.7152) (2.7066) (2.7189) 
P4Approach9 108.4887 125.2765 125.8026 126.0828 126.1425 128.4545 128.2034 126.9755 132.5963 122.5978 
 (3.3193) (2.7574) (3.3431) (3.3306) (2.7253) (3.3089) (3.3009) (2.7152) (2.7066) (2.7189) 
P4Approach10 106.0419 125.6849 125.9447 125.795 126.617 129.1526 129.9177 128.4779 132.4395 122.0374 
 (3.3193) (2.7574) (3.3431) (3.3306) (2.7253) (3.3089) (3.3009) (2.7152) (2.7066) (2.7189) 
EL
P4Approach1 67.6159 69.5018 73.9363 70.0513 67.451 72.8233 63.6586 68.6907 74.0488 70.2445 
 (6.3675) (6.2703) (6.3305) (6.3133) (6.2924) (6.2713) (6.4333) (6.4317) (6.4335) (5.7827) 
P4Approach2 63.2492 66.1572 71.6736 71.8259 71.3469 77.8714 69.7958 71.7732 72.2801 71.9189 
 (6.3675) (6.2703) (6.3305) (6.3133) (6.2924) (6.2713) (6.4333) (6.4317) (6.4335) (5.7827) 
P4Approach3 67.716 68.633 73.4143 69.3083 68.8858 73.5849 64.0747 70.0587 74.0488 70.2445 
 (6.3675) (6.2703) (6.3305) (6.3133) (6.2924) (6.2713) (6.4333) (6.4317) (6.4335) (5.7827) 
P4Approach4 63.2492 66.1572 71.6736 71.8259 71.3469 77.8714 69.7958 71.7732 72.2801 71.9189 
 (6.3675) (6.2703) (6.3305) (6.3133) (6.2924) (6.2713) (6.4333) (6.4317) (6.4335) (5.7827) 
P4Approach5 65.4576 67.6123 72.6744 70.7528 69.7577 75.5377 66.8312 70.5739 73.1644 71.0817 
 (6.3675) (6.2703) (6.3305) (6.3133) (6.2924) (6.2713) (6.4333) (6.4317) (6.4335) (5.7827) 
EE
P4Approach1 125.3242 144.907 148.2465 154.2188 157.3598 161.9105 158.2325 150.8318 156.9439 145.3125 
 (3.7599) (2.978) (3.7722) (3.7552) (3.7582) (3.7557) (3.7287) (3.7176) (3.7072) (2.9317) 
P4Approach2 128.8892 144.6942 146.7211 152.0045 155.0123 163.0734 155.348 144.8628 153.5366 145.5332 
 (3.7599) (2.978) (3.7722) (3.7552) (3.7582) (3.7557) (3.7287) (3.7176) (3.7072) (2.9317) 
P4Approach3 125.3242 144.907 148.2465 154.2188 157.3598 161.9105 158.2325 150.8318 156.9439 145.3125 
 (3.7599) (2.978) (3.7722) (3.7552) (3.7582) (3.7557) (3.7287) (3.7176) (3.7072) (2.9317) 
P4Approach4 128.8892 144.6942 146.7211 152.0045 155.0123 163.0734 155.348 144.8628 153.5366 145.5332 
 (3.7599) (2.978) (3.7722) (3.7552) (3.7582) (3.7557) (3.7287) (3.7176) (3.7072) (2.9317) 
P4Approach5 127.1067 144.8006 147.4838 153.1116 156.186 162.4919 156.7903 147.8473 155.2402 145.4228 
 (3.7599) (2.978) (3.7722) (3.7552) (3.7582) (3.7557) (3.7287) (3.7176) (3.7072) (2.9317) 
P4Approach6 125.3242 144.907 148.2465 154.2188 157.3598 161.9105 158.2325 150.8318 156.9439 145.3125 
 (3.7599) (2.978) (3.7722) (3.7552) (3.7582) (3.7557) (3.7287) (3.7176) (3.7072) (2.9317) 
P4Approach7 128.8892 144.6942 146.7211 152.0045 155.0123 163.0734 155.348 144.8628 153.5366 145.5332 
 (3.7599) (2.978) (3.7722) (3.7552) (3.7582) (3.7557) (3.7287) (3.7176) (3.7072) (2.9317) 
P4Approach8 125.3242 144.907 148.2465 154.2188 157.3598 161.9105 158.2325 150.8318 156.9439 145.3125 
 (3.7599) (2.978) (3.7722) (3.7552) (3.7582) (3.7557) (3.7287) (3.7176) (3.7072) (2.9317) 
P4Approach9 128.8892 144.6942 146.7211 152.0045 155.0123 163.0734 155.348 144.8628 153.5366 145.5332 
 (3.7599) (2.978) (3.7722) (3.7552) (3.7582) (3.7557) (3.7287) (3.7176) (3.7072) (2.9317) 
P4Approach10 127.1067 144.8006 147.4838 153.1116 156.186 162.4919 156.7903 147.8473 155.2402 145.4228 
 (3.7599) (2.978) (3.7722) (3.7552) (3.7582) (3.7557) (3.7287) (3.7176) (3.7072) (2.9317) 
IT
P4Approach1 84.3587 97.3133 100.3685 103.8381 97.4619 104.6961 94.7021 101.6293 107.787 101.9697 
 (3.4202) (3.4045) (3.3932) (3.3801) (3.3649) (3.307) (3.2968) (3.3266) (3.312) (1.9826) 
P4Approach2 87.3791 102.7918 93.8288 104.5379 99.9197 105.7342 99.3177 104.9221 108.3723 104.6529 
 (3.4202) (3.4045) (3.3932) (3.3801) (3.3649) (3.307) (3.2968) (3.3266) (3.312) (1.9826) 
P4Approach3 84.3587 97.3133 100.3685 103.8381 97.4619 104.6961 94.7021 101.6293 107.787 101.9697 
 (3.4202) (3.4045) (3.3932) (3.3801) (3.3649) (3.307) (3.2968) (3.3266) (3.312) (1.9826) 
P4Approach4 89.0207 104.0574 95.4475 103.5406 98.3823 105.2054 101.1932 104.0172 107.1379 102.9788 
 (3.4202) (3.4045) (3.3932) (3.3801) (3.3649) (3.307) (3.2968) (3.3266) (3.312) (1.9826) 
P4Approach5 86.2793 100.3689 97.5033 103.9387 98.3064 105.083 97.4788 103.0494 107.771 102.8928 
 (3.4202) (3.4045) (3.3932) (3.3801) (3.3649) (3.307) (3.2968) (3.3266) (3.312) (1.9826) 
CZ
P4Approach1 95.1218 111.1965 113.729 116.7832 117.6069 113.8219 115.4527 114.0538 118.7073 123.3895 
 (2.6013) (2.6338) (2.6802) (2.6681) (2.7107) (2.7051) (2.6898) (2.6999) (2.7025) (2.6215) 
P4Approach2 98.814 112.0254 113.4489 115.2639 115.2049 113.5294 112.4202 113.896 118.5797 121.4941 
 (2.6013) (2.6338) (2.6802) (2.6681) (2.7107) (2.7051) (2.6898) (2.6999) (2.7025) (2.6215) 
P4Approach3 97.1042 108.8594 112.0402 116.7832 114.0723 112.3806 111.5136 113.9923 119.4548 121.2576 
 (2.6013) (2.6338) (2.6802) (2.6681) (2.7107) (2.7051) (2.6898) (2.6999) (2.7025) (2.6215) 
P4Approach4 99.1117 111.9096 113.8917 115.0141 115.4973 113.4741 112.113 113.8296 119.1888 121.1789 
 (2.6013) (2.6338) (2.6802) (2.6681) (2.7107) (2.7051) (2.6898) (2.6999) (2.7025) (2.6215) 
P4Approach5 97.5379 110.9977 113.2774 115.9611 115.5953 113.3015 112.8749 113.9429 118.9827 121.83 
 (2.6013) (2.6338) (2.6802) (2.6681) (2.7107) (2.7051) (2.6898) (2.6999) (2.7025) (2.6215) 
CY
P4Approach1 67.3616 76.558 81.7735 86.6582 88.1847 97.05 89.3706 87.9556 88.1572 87.0436 
 (3.8476) (3.8466) (4.0977) (4.0921) (4.0838) (4.0879) (4.1693) (4.1469) (4.1416) (4.1074) 
P4Approach2 67.9464 76.3758 81.852 87.5472 88.3261 96.7802 90.6157 87.8693 88.6892 86.7741 
 (3.8476) (3.8466) (4.0977) (4.0921) (4.0838) (4.0879) (4.1693) (4.1469) (4.1416) (4.1074) 
P4Approach3 67.3616 76.4432 81.5487 86.6582 88.2227 97.0635 88.8386 87.8163 88.1572 86.7759 
 (3.8476) (3.8466) (4.0977) (4.0921) (4.0838) (4.0879) (4.1693) (4.1469) (4.1416) (4.1074) 
P4Approach4 67.9009 76.1343 81.5809 87.2091 88.0574 96.447 90.5961 87.9438 88.8734 86.8784 
 (3.8476) (3.8466) (4.0977) (4.0921) (4.0838) (4.0879) (4.1693) (4.1469) (4.1416) (4.1074) 
P4Approach5 67.6426 76.3778 81.6888 87.0182 88.1977 96.8352 89.8552 87.8962 88.4692 86.868 
 (3.8476) (3.8466) (4.0977) (4.0921) (4.0838) (4.0879) (4.1693) (4.1469) (4.1416) (4.1074) 
AT
P4Approach1 98.9188 111.1866 110.4057 109.8758 107.0233 109.0635 105.7247 109.0488 115.1848 113.8956 
 (2.1115) (2.1171) (2.1104) (2.1076) (2.1042) (2.0992) (2.0934) (2.091) (2.0836) (2.0829) 
P4Approach2 98.4669 111.787 110.4814 110.1063 108.6256 110.9775 105.4605 109.964 116.0675 113.8291 
 (2.1115) (2.1171) (2.1104) (2.1076) (2.1042) (2.0992) (2.0934) (2.091) (2.0836) (2.0829) 
P4Approach3 98.9188 111.1866 110.4057 109.8758 107.0233 109.0635 105.7247 109.0488 115.1848 113.8956 
 (2.1115) (2.1171) (2.1104) (2.1076) (2.1042) (2.0992) (2.0934) (2.091) (2.0836) (2.0829) 
P4Approach4 98.4388 111.6699 110.5048 110.5329 108.5853 110.9046 105.3919 109.7247 116.1006 113.7483 
 (2.1115) (2.1171) (2.1104) (2.1076) (2.1042) (2.0992) (2.0934) (2.091) (2.0836) (2.0829) 
P4Approach5 98.6858 111.4575 110.4494 110.0977 107.8144 110.0023 105.5754 109.4466 115.6344 113.8421 
 (2.1115) (2.1171) (2.1104) (2.1076) (2.1042) (2.0992) (2.0934) (2.091) (2.0836) (2.0829) 
ES
P4Approach1 80.6506 89.1101 89.0796 92.4956 93.2975 100.4913 88.398 93.4003 95.2752 91.3985 
 (2.834) (2.5952) (2.5843) (2.5839) (2.5758) (2.7908) (2.5802) (2.5864) (3.6875) (2.539) 
P4Approach2 81.0232 88.753 89.1004 93.3303 93.1395 101.7992 89.7965 92.2796 94.657 92.3524 
 (2.834) (2.5952) (2.5843) (2.5839) (2.5758) (2.7908) (2.5802) (2.5864) (3.6875) (2.539) 
P4Approach3 80.6506 89.1101 89.0796 92.4956 93.2975 100.4913 88.398 93.4003 95.2752 91.3985 
 (2.834) (2.5952) (2.5843) (2.5839) (2.5758) (2.7908) (2.5802) (2.5864) (3.6875) (2.539) 
P4Approach4 81.3237 88.8339 89.2174 93.3271 93.1839 101.6278 90.2752 92.1847 94.7354 92.276 
 (2.834) (2.5952) (2.5843) (2.5839) (2.5758) (2.7908) (2.5802) (2.5864) (3.6875) (2.539) 
P4Approach5 80.912 88.9518 89.1193 92.9121 93.2296 101.1024 89.2169 92.8162 94.9857 91.8563 
 (2.834) (2.5952) (2.5843) (2.5839) (2.5758) (2.7908) (2.5802) (2.5864) (3.6875) (2.539) 
P4Approach6 80.6506 89.1101 89.0796 92.4956 93.2975 100.4913 88.398 93.4003 95.2752 91.3985 
 (2.834) (2.5952) (2.5843) (2.5839) (2.5758) (2.7908) (2.5802) (2.5864) (3.6875) (2.539) 
P4Approach7 81.0232 88.753 89.1004 93.3303 93.1395 101.7992 89.7965 92.2796 94.657 92.3524 
 (2.834) (2.5952) (2.5843) (2.5839) (2.5758) (2.7908) (2.5802) (2.5864) (3.6875) (2.539) 
P4Approach8 80.6506 89.1101 89.0796 92.4956 93.2975 100.4913 88.398 93.4003 95.2752 91.3985 
 (2.834) (2.5952) (2.5843) (2.5839) (2.5758) (2.7908) (2.5802) (2.5864) (3.6875) (2.539) 
P4Approach9 81.3237 88.8339 89.2174 93.3271 93.1839 101.6278 90.2752 92.1847 94.7354 92.276 
 (2.834) (2.5952) (2.5843) (2.5839) (2.5758) (2.7908) (2.5802) (2.5864) (3.6875) (2.539) 
P4Approach10 80.912 88.9518 89.1193 92.9121 93.2296 101.1024 89.2169 92.8162 94.9857 91.8563 
 (2.834) (2.5952) (2.5843) (2.5839) (2.5758) (2.7908) (2.5802) (2.5864) (3.6875) (2.539) 
SK
P4Approach1 98.6714 107.0146 107.5795 113.0343 115.2478 114.9948 115.1472 111.944 115.3899 115.9799 
 (3.6966) (2.9158) (3.6715) (2.9155) (3.6685) (3.6529) (3.6649) (3.6675) (2.8096) (2.8916) 
P4Approach2 104.2722 107.3684 105.7489 112.7464 115.5711 115.125 113.6144 111.2938 115.5808 115.393 
 (3.6966) (2.9158) (3.6715) (2.9155) (3.6685) (3.6529) (3.6649) (3.6675) (2.8096) (2.8916) 
P4Approach3 100.432 107.0146 107.5795 113.0343 115.2478 114.5521 115.1472 111.944 115.3899 115.9799 
 (3.6966) (2.9158) (3.6715) (2.9155) (3.6685) (3.6529) (3.6649) (3.6675) (2.8096) (2.8916) 
P4Approach4 104.294 107.5125 105.8925 112.655 115.4545 115.1154 113.6669 111.4776 115.5104 114.7143 
 (3.6966) (2.9158) (3.6715) (2.9155) (3.6685) (3.6529) (3.6649) (3.6675) (2.8096) (2.8916) 
P4Approach5 101.9174 107.2275 106.7001 112.8675 115.3803 114.9468 114.3939 111.6649 115.4678 115.5168 
 (3.6966) (2.9158) (3.6715) (2.9155) (3.6685) (3.6529) (3.6649) (3.6675) (2.8096) (2.8916) 
P4Approach6 98.6714 107.0146 107.5795 113.0343 115.2478 114.9948 115.1472 111.944 115.3899 115.9799 
 (3.6966) (2.9158) (3.6715) (2.9155) (3.6685) (3.6529) (3.6649) (3.6675) (2.8096) (2.8916) 
P4Approach7 104.2722 107.3684 105.7489 112.7464 115.5711 115.125 113.6144 111.2938 115.5808 115.393 
 (3.6966) (2.9158) (3.6715) (2.9155) (3.6685) (3.6529) (3.6649) (3.6675) (2.8096) (2.8916) 
P4Approach8 100.432 107.0146 107.5795 113.0343 115.2478 114.5521 115.1472 111.944 115.3899 115.9799 
 (3.6966) (2.9158) (3.6715) (2.9155) (3.6685) (3.6529) (3.6649) (3.6675) (2.8096) (2.8916) 
P4Approach9 104.294 107.5125 105.8925 112.655 115.4545 115.1154 113.6669 111.4776 115.5104 114.7143 
 (3.6966) (2.9158) (3.6715) (2.9155) (3.6685) (3.6529) (3.6649) (3.6675) (2.8096) (2.8916) 
P4Approach10 101.9174 107.2275 106.7001 112.8675 115.3803 114.9468 114.3939 111.6649 115.4678 115.5168 
 (3.6966) (2.9158) (3.6715) (2.9155) (3.6685) (3.6529) (3.6649) (3.6675) (2.8096) (2.8916) 
MT
P4Approach1 95.8214 106.1523 112.8114 118.0686 120.1701 125.7461 114.8662 113.2066 118.1032 112.8864 
 (4.3361) (4.3598) (4.2659) (4.2755) (4.6738) (5.4208) (4.3264) (4.3378) (4.3515) (4.418) 
P4Approach2 97.1861 105.3688 111.9677 117.4166 117.866 130.2011 114.1647 111.6896 120.8589 114.2306 
 (4.3361) (4.3598) (4.2659) (4.2755) (4.6738) (5.4208) (4.3264) (4.3378) (4.3515) (4.418) 
P4Approach3 95.8214 106.1523 112.8114 118.0686 120.1701 125.7461 114.8662 113.2066 118.1032 113.7127 
 (4.3361) (4.3598) (4.2659) (4.2755) (4.6738) (5.4208) (4.3264) (4.3378) (4.3515) (4.418) 
P4Approach4 97.8549 106.6901 112.8706 118.3995 119.1682 131.525 114.6129 112.0237 120.8114 114.2306 
 (4.3361) (4.3598) (4.2659) (4.2755) (4.6738) (5.4208) (4.3264) (4.3378) (4.3515) (4.418) 
P4Approach5 96.671 106.0908 112.6153 117.9883 119.3436 128.3045 114.6275 112.5316 119.4692 113.7651 
 (4.3361) (4.3598) (4.2659) (4.2755) (4.6738) (5.4208) (4.3264) (4.3378) (4.3515) (4.418) 
SI
P4Approach1 80.3344 98.8925 99.7529 99.4851 101.5742 100.8404 97.0647 98.6297 101.6178 95.1181 
 (2.5687) (2.4487) (2.5599) (2.56) (2.5466) (2.5378) (2.5267) (2.5189) (2.4131) (2.3952) 
P4Approach2 81.4759 98.1454 100.6328 98.5876 101.0801 101.4813 96.4402 99.6357 99.7038 95.9522 
 (2.5687) (2.4487) (2.5599) (2.56) (2.5466) (2.5378) (2.5267) (2.5189) (2.4131) (2.3952) 
P4Approach3 80.3344 98.8925 99.7529 99.4851 101.5742 100.8404 97.0647 98.6297 101.6178 95.1181 
 (2.5687) (2.4487) (2.5599) (2.56) (2.5466) (2.5378) (2.5267) (2.5189) (2.4131) (2.3952) 
P4Approach4 81.3278 98.1454 100.6328 98.5876 101.0801 101.4813 96.4402 99.6357 102.0326 95.9522 
 (2.5687) (2.4487) (2.5599) (2.56) (2.5466) (2.5378) (2.5267) (2.5189) (2.4131) (2.3952) 
P4Approach5 80.8681 98.5189 100.1929 99.0364 101.3271 101.1608 96.7525 99.1327 101.243 95.5351 
 (2.5687) (2.4487) (2.5599) (2.56) (2.5466) (2.5378) (2.5267) (2.5189) (2.4131) (2.3952) 
P4Approach6 80.3344 98.8925 99.7529 99.4851 101.5742 100.8404 97.0647 98.6297 101.6178 95.1181 
 (2.5687) (2.4487) (2.5599) (2.56) (2.5466) (2.5378) (2.5267) (2.5189) (2.4131) (2.3952) 
P4Approach7 81.4759 98.1454 100.6328 98.5876 101.0801 101.4813 96.4402 99.6357 99.7038 95.9522 
 (2.5687) (2.4487) (2.5599) (2.56) (2.5466) (2.5378) (2.5267) (2.5189) (2.4131) (2.3952) 
P4Approach8 80.3344 98.8925 99.7529 99.4851 101.5742 100.8404 97.0647 98.6297 101.6178 95.1181 
 (2.5687) (2.4487) (2.5599) (2.56) (2.5466) (2.5378) (2.5267) (2.5189) (2.4131) (2.3952) 
P4Approach9 81.3278 98.1454 100.6328 98.5876 101.0801 101.4813 96.4402 99.6357 102.0326 95.9522 
 (2.5687) (2.4487) (2.5599) (2.56) (2.5466) (2.5378) (2.5267) (2.5189) (2.4131) (2.3952) 
P4Approach10 80.8681 98.5189 100.1929 99.0364 101.3271 101.1608 96.7525 99.1327 101.243 95.5351 
 (2.5687) (2.4487) (2.5599) (2.56) (2.5466) (2.5378) (2.5267) (2.5189) (2.4131) (2.3952) 
UK
P4Approach1 105.4612 108.8784 111.089 111.7876 113.8998 114.7789 112.0907 112.2561 117.6659 130.6701 
 (1.4168) (1.4043) (1.403) (1.4389) (1.4711) (1.4706) (1.4495) (1.4512) (1.4535) (1.4653) 
P4Approach2 105.8083 109.7796 110.706 112.8311 114.4725 115.0037 111.1849 112.9185 117.3676 130.7815 
 (1.4168) (1.4043) (1.403) (1.4389) (1.4711) (1.4706) (1.4495) (1.4512) (1.4535) (1.4653) 
P4Approach3 105.4612 108.8784 111.089 111.7876 113.8998 114.7789 112.0907 112.2561 117.6659 130.6701 
 (1.4168) (1.4043) (1.403) (1.4389) (1.4711) (1.4706) (1.4495) (1.4512) (1.4535) (1.4653) 
P4Approach4 105.8083 109.7796 110.706 112.8311 114.4725 115.0037 111.1849 112.9185 117.3676 130.7815 
 (1.4168) (1.4043) (1.403) (1.4389) (1.4711) (1.4706) (1.4495) (1.4512) (1.4535) (1.4653) 
P4Approach5 105.6348 109.329 110.8975 112.3093 114.1861 114.8913 111.6378 112.5873 117.5167 130.7258 
 (1.4168) (1.4043) (1.403) (1.4389) (1.4711) (1.4706) (1.4495) (1.4512) (1.4535) (1.4653) 
P4Approach6 105.4612 108.8784 111.089 111.7876 113.8998 114.7789 112.0907 112.2561 117.6659 130.6701 
 (1.4168) (1.4043) (1.403) (1.4389) (1.4711) (1.4706) (1.4495) (1.4512) (1.4535) (1.4653) 
P4Approach7 105.8083 109.7796 110.706 112.8311 114.4725 115.0037 111.1849 112.9185 117.3676 130.7815 
 (1.4168) (1.4043) (1.403) (1.4389) (1.4711) (1.4706) (1.4495) (1.4512) (1.4535) (1.4653) 
P4Approach8 105.4612 108.8784 111.089 111.7876 113.8998 114.7789 112.0907 112.2561 117.6659 130.6701 
 (1.4168) (1.4043) (1.403) (1.4389) (1.4711) (1.4706) (1.4495) (1.4512) (1.4535) (1.4653) 
P4Approach9 105.8083 109.7796 110.706 112.8311 114.4725 115.0037 111.1849 112.9185 117.3676 130.7815 
 (1.4168) (1.4043) (1.403) (1.4389) (1.4711) (1.4706) (1.4495) (1.4512) (1.4535) (1.4653) 
P4Approach10 105.6348 109.329 110.8975 112.3093 114.1861 114.8913 111.6378 112.5873 117.5167 130.7258 
 (1.4168) (1.4043) (1.403) (1.4389) (1.4711) (1.4706) (1.4495) (1.4512) (1.4535) (1.4653) 
P4Approach11 105.4612 108.8784 111.089 111.7876 113.8998 114.7789 112.0907 112.2561 117.6659 130.6701 
 (1.4168) (1.4043) (1.403) (1.4389) (1.4711) (1.4706) (1.4495) (1.4512) (1.4535) (1.4653) 
P4Approach12 105.8083 109.7796 110.706 112.8311 114.4725 115.0037 111.1849 112.9185 117.3676 130.7815 
 (1.4168) (1.4043) (1.403) (1.4389) (1.4711) (1.4706) (1.4495) (1.4512) (1.4535) (1.4653) 
P4Approach13 105.4612 108.8784 111.089 111.7876 113.8998 114.7789 112.0907 112.2561 117.6659 130.6701 
 (1.4168) (1.4043) (1.403) (1.4389) (1.4711) (1.4706) (1.4495) (1.4512) (1.4535) (1.4653) 
P4Approach14 105.8083 109.7796 110.706 112.8311 114.4725 115.0037 111.1849 112.9185 117.3676 130.7815 
 (1.4168) (1.4043) (1.403) (1.4389) (1.4711) (1.4706) (1.4495) (1.4512) (1.4535) (1.4653) 
P4Approach15 105.6348 109.329 110.8975 112.3093 114.1861 114.8913 111.6378 112.5873 117.5167 130.7258 
 (1.4168) (1.4043) (1.403) (1.4389) (1.4711) (1.4706) (1.4495) (1.4512) (1.4535) (1.4653) 
P4Approach16 105.4612 108.8784 111.089 111.7876 113.8998 114.7789 112.0907 112.2561 117.6659 130.6701 
 (1.4168) (1.4043) (1.403) (1.4389) (1.4711) (1.4706) (1.4495) (1.4512) (1.4535) (1.4653) 
P4Approach17 105.8083 109.7796 110.706 112.8311 114.4725 115.0037 111.1849 112.9185 117.3676 130.7815 
 (1.4168) (1.4043) (1.403) (1.4389) (1.4711) (1.4706) (1.4495) (1.4512) (1.4535) (1.4653) 
P4Approach18 105.4612 108.8784 111.089 111.7876 113.8998 114.7789 112.0907 112.2561 117.6659 130.6701 
 (1.4168) (1.4043) (1.403) (1.4389) (1.4711) (1.4706) (1.4495) (1.4512) (1.4535) (1.4653) 
P4Approach19 105.8083 109.7796 110.706 112.8311 114.4725 115.0037 111.1849 112.9185 117.3676 130.7815 
 (1.4168) (1.4043) (1.403) (1.4389) (1.4711) (1.4706) (1.4495) (1.4512) (1.4535) (1.4653) 
P4Approach20 105.6348 109.329 110.8975 112.3093 114.1861 114.8913 111.6378 112.5873 117.5167 130.7258 
 (1.4168) (1.4043) (1.403) (1.4389) (1.4711) (1.4706) (1.4495) (1.4512) (1.4535) (1.4653) 
SE
P4Approach1 97.129 113.9007 117.8435 123.5116 123.8207 121.6512 119.2149 114.9793 119.7646 117.5583 
 (2.3387) (2.3424) (2.4795) (2.4743) (2.3691) (2.5112) (2.3441) (2.3371) (2.3373) (2.1992) 
P4Approach2 99.1487 113.9394 116.4925 123.0554 124.455 122.6624 119.3169 115.4644 119.4451 118.7815 
 (2.3387) (2.3424) (2.4795) (2.4743) (2.3691) (2.5112) (2.3441) (2.3371) (2.3373) (2.1992) 
P4Approach3 97.129 112.8131 116.3149 123.5116 123.8207 121.6512 119.2149 114.9793 120.2703 117.5583 
 (2.3387) (2.3424) (2.4795) (2.4743) (2.3691) (2.5112) (2.3441) (2.3371) (2.3373) (2.1992) 
P4Approach4 98.9849 113.6062 116.3348 123.2228 124.1059 121.6877 119.2877 115.271 119.0218 118.6959 
 (2.3387) (2.3424) (2.4795) (2.4743) (2.3691) (2.5112) (2.3441) (2.3371) (2.3373) (2.1992) 
P4Approach5 98.0979 113.5648 116.7464 123.3254 124.0506 121.9131 119.2586 115.1735 119.6254 118.1485 
 (2.3387) (2.3424) (2.4795) (2.4743) (2.3691) (2.5112) (2.3441) (2.3371) (2.3373) (2.1992) 
P4Approach6 97.129 113.9007 117.8435 123.5116 123.8207 121.6512 119.2149 114.9793 119.7646 117.5583 
 (2.3387) (2.3424) (2.4795) (2.4743) (2.3691) (2.5112) (2.3441) (2.3371) (2.3373) (2.1992) 
P4Approach7 99.1487 113.9394 116.4925 123.0554 124.455 122.6624 119.3169 115.4644 119.4451 118.7815 
 (2.3387) (2.3424) (2.4795) (2.4743) (2.3691) (2.5112) (2.3441) (2.3371) (2.3373) (2.1992) 
P4Approach8 97.129 112.8131 116.3149 123.5116 123.8207 121.6512 119.2149 114.9793 120.2703 117.5583 
 (2.3387) (2.3424) (2.4795) (2.4743) (2.3691) (2.5112) (2.3441) (2.3371) (2.3373) (2.1992) 
P4Approach9 98.9849 113.6062 116.3348 123.2228 124.1059 121.6877 119.2877 115.271 119.0218 118.6959 
 (2.3387) (2.3424) (2.4795) (2.4743) (2.3691) (2.5112) (2.3441) (2.3371) (2.3373) (2.1992) 
P4Approach10 98.0979 113.5648 116.7464 123.3254 124.0506 121.9131 119.2586 115.1735 119.6254 118.1485 
 (2.3387) (2.3424) (2.4795) (2.4743) (2.3691) (2.5112) (2.3441) (2.3371) (2.3373) (2.1992) 
