P4
BE
P4Approach1 107.5 96 106.7 107.1 106.7 107.6 109 100.3 107.3 110.6 103.7 
P4Approach2 110.2 95.7 108.4 107.7 108.6 108.9 111.3 100.8 106 110.7 103 
P4Approach3 107.5 96 106.7 107.1 106.7 107.6 109 100.3 107.3 110.6 103.7 
P4Approach4 109.9 95.6 107.8 108.1 108.8 108.8 111.6 101 105.8 110.9 102.6 
P4Approach5 108.7 95.9 107.4 107.5 107.7 108.2 110.2 100.6 106.6 110.7 103.2 
P4Approach6 107.5 96 106.7 107.1 106.7 107.6 109 100.3 107.3 110.6 103.7 
P4Approach7 110.2 95.7 108.4 107.7 108.6 108.9 111.3 100.8 106 110.7 103 
P4Approach8 107.5 96 106.7 107.1 106.7 107.6 109 100.3 107.3 110.6 103.7 
P4Approach9 109.9 95.6 107.8 108.1 108.8 108.8 111.6 101 105.8 110.9 102.6 
P4Approach10 108.7 95.9 107.4 107.5 107.7 108.2 110.2 100.6 106.6 110.7 103.2 
FR
P4Approach1 102.7 91 100.5 112.2 111.5 112 99.8 126.5 112.3 118.1 111 
P4Approach2 102.6 91 100.1 111 111.5 114.1 101 126.7 112.6 117 111.3 
P4Approach3 102.4 91.2 100.9 112.2 111.5 112 99.8 126.5 112.3 118.1 111 
P4Approach4 102.6 91 100.1 111.1 111.5 114.2 101 126.7 112.6 117 110.8 
P4Approach5 102.6 91.1 100.4 111.6 111.5 113.1 100.4 126.6 112.4 117.5 111 
P4Approach6 102.7 91 100.5 112.2 111.5 112 99.8 126.5 112.3 118.1 111 
P4Approach7 102.6 91 100.1 111 111.5 114.1 101 126.7 112.6 117 111.3 
P4Approach8 102.4 91.2 100.9 112.2 111.5 112 99.8 126.5 112.3 118.1 111 
P4Approach9 102.6 91 100.1 111.1 111.5 114.2 101 126.7 112.6 117 110.8 
P4Approach10 102.6 91.1 100.4 111.6 111.5 113.1 100.4 126.6 112.4 117.5 111 
BG
P4Approach1 112.6 111.8 130.4 132.7 136 138.1 138 140.5 144.8 145 138.5 
P4Approach2 110.4 106.3 130.6 135.8 134.7 136.2 144.4 145.8 140.8 142 134.8 
P4Approach3 112.6 111.8 130.4 132.7 136 138.1 138 140.5 144.8 145 138.5 
P4Approach4 110.3 106.2 130.9 135.9 134.3 135.6 143.5 145.3 139.9 141.8 134.6 
P4Approach5 111.5 109 130.6 134.3 135.3 137 140.9 143 142.6 143.4 136.6 
P4Approach6 112.6 111.8 130.4 132.7 136 138.1 138 140.5 144.8 145 138.5 
P4Approach7 110.4 106.3 130.6 135.8 134.7 136.2 144.4 145.8 140.8 142 134.8 
P4Approach8 112.6 111.8 130.4 132.7 136 138.1 138 140.5 144.8 145 138.5 
P4Approach9 110.3 106.2 130.9 135.9 134.3 135.6 143.5 145.3 139.9 141.8 134.6 
P4Approach10 111.5 109 130.6 134.3 135.3 137 140.9 143 142.6 143.4 136.6 
DK
P4Approach1 95.1 87 100 101.3 105.6 100.5 99.2 102.2 95.9 101.1 101.5 
P4Approach2 95.2 87.6 100 101.7 104.8 100 99 101.5 96.1 100.9 103.1 
P4Approach3 95.1 87 100 101.3 105.6 100.5 99.2 102.2 95.9 101.1 101.5 
P4Approach4 95.2 87.6 100 101.7 104.8 100 99 101.5 96.1 100.9 103.1 
P4Approach5 95.1 87.3 100 101.5 105.2 100.2 99.1 101.8 96 101 102.3 
P4Approach6 95.1 87 100 101.3 105.6 100.5 99.2 102.2 95.9 101.1 101.5 
P4Approach7 95.2 87.6 100 101.7 104.8 100 99 101.5 96.1 100.9 103.1 
P4Approach8 95.1 87 100 101.3 105.6 100.5 99.2 102.2 95.9 101.1 101.5 
P4Approach9 95.2 87.6 100 101.7 104.8 100 99 101.5 96.1 100.9 103.1 
P4Approach10 95.1 87.3 100 101.5 105.2 100.2 99.1 101.8 96 101 102.3 
HR
P4Approach1 83.9 84.3 98.2 102.2 105.1 107.4 120.1 116.3 109.3 110.3 94 
P4Approach2 86.4 83.4 97.9 103.7 106.8 112 126.3 122.9 111 105.7 95.4 
P4Approach3 83.9 84.3 98.2 102.2 105.1 107.4 120.1 116.7 105.9 110.3 94 
P4Approach4 86.6 83.6 98.1 103.5 106.9 111.9 126.8 123.2 110.3 105.4 95.5 
P4Approach5 85.2 83.9 98.1 102.9 105.9 109.7 123.3 119.8 109.1 107.9 94.7 
DE
P4Approach1 102.4 99.1 113.5 112.2 111.7 108.1 111.3 108.8 111.4 117.3 117.3 
P4Approach2 105.1 99.2 116 112.5 114.7 109.9 114.9 109 112.3 117.3 117.7 
P4Approach3 102.4 99.1 113.5 112.2 111.7 108.1 111 108.8 110.9 116.9 116.4 
P4Approach4 105.1 99.2 116 112.5 114.7 109.9 114.9 109 112.1 117.4 117.5 
P4Approach5 103.8 99.2 114.8 112.4 113.2 109 113 108.9 111.7 117.2 117.2 
P4Approach6 102.4 99.1 113.5 112.2 111.7 108.1 111.3 108.8 111.4 117.3 117.3 
P4Approach7 105.1 99.2 116 112.5 114.7 109.9 114.9 109 112.3 117.3 117.7 
P4Approach8 102.4 99.1 113.5 112.2 111.7 108.1 111 108.8 110.9 116.9 116.4 
P4Approach9 105.1 99.2 116 112.5 114.7 109.9 114.9 109 112.1 117.4 117.5 
P4Approach10 103.8 99.2 114.8 112.4 113.2 109 113 108.9 111.7 117.2 117.2 
HU
P4Approach1 105.4 102.9 120.7 127 127.1 131.3 140.2 140.8 135.9 142.1 136.2 
P4Approach2 108.3 107.2 123.2 126.9 126 130 138.6 137.9 133.8 141 137.1 
P4Approach3 105.4 102.9 120.7 127 127.1 131.3 140.2 140.8 135.9 142.1 136.2 
P4Approach4 108.3 107.2 123.2 126.9 126 130 138.6 137.9 133.8 141 137.1 
P4Approach5 106.8 105.1 121.9 127 126.5 130.7 139.4 139.3 134.9 141.5 136.6 
FI
P4Approach1 96 89.5 102.5 105 113.1 114.5 115.8 112.1 105.9 109.6 107 
P4Approach2 97.1 89.7 104.5 105.2 113 113.1 117.3 111.7 106 108.6 107.3 
P4Approach3 96 89.5 102.5 105 113.1 114.5 115.8 112.1 105.9 109.6 107 
P4Approach4 97.3 89.9 104.5 105.1 113.1 112.8 117.2 112.1 105.3 108.7 107.4 
P4Approach5 96.6 89.7 103.5 105.1 113.1 113.7 116.5 112 105.8 109.1 107.2 
P4Approach6 96 89.5 102.5 105 113.1 114.5 115.8 112.1 105.9 109.6 107 
P4Approach7 97.1 89.7 104.5 105.2 113 113.1 117.3 111.7 106 108.6 107.3 
P4Approach8 96 89.5 102.5 105 113.1 114.5 115.8 112.1 105.9 109.6 107 
P4Approach9 97.3 89.9 104.5 105.1 113.1 112.8 117.2 112.1 105.3 108.7 107.4 
P4Approach10 96.6 89.7 103.5 105.1 113.1 113.7 116.5 112 105.8 109.1 107.2 
P4Approach11 96 89.5 102.5 105 113.1 114.5 115.8 112.1 105.9 109.6 107 
P4Approach12 97.1 89.7 104.5 105.2 113 113.1 117.3 111.7 106 108.6 107.3 
P4Approach13 96 89.5 102.5 105 113.1 114.5 115.8 112.1 105.9 109.6 107 
P4Approach14 97.3 89.9 104.5 105.1 113.1 112.8 117.2 112.1 105.3 108.7 107.4 
P4Approach15 96.6 89.7 103.5 105.1 113.1 113.7 116.5 112 105.8 109.1 107.2 
NL
P4Approach1 84.3 80.2 93.3 93.3 97.2 95.5 92.1 89.5 92 95.3 95.3 
P4Approach2 85.8 81.2 95 95.3 98.9 97.7 94.4 91.1 94.2 97.1 88.5 
P4Approach3 84.3 80.2 93.3 93.3 97.2 95.5 92.1 89.5 92 95.3 95.3 
P4Approach4 85.8 81.2 95 95.3 98.9 97.7 94.4 91.1 94.2 97.1 88.5 
P4Approach5 85 80.7 94.2 94.3 98 96.6 93.3 90.3 93.1 96.2 91.9 
PT
P4Approach1 79.9 73.4 81 81.1 85.3 84.3 93 94.6 87.6 88.9 87.7 
P4Approach2 83.3 77.3 86.1 81.8 85.7 87.1 90.2 90.7 86.9 91.7 86.6 
P4Approach3 79.9 73.4 81 81.1 85.3 84.3 93 94.6 87.6 88.9 87.8 
P4Approach4 83.5 77.4 86.1 81.8 85.4 86.7 90.1 90.3 86.7 91.8 86.9 
P4Approach5 81.7 75.4 83.6 81.4 85.4 85.6 91.6 92.5 87.2 90.3 87.3 
LV
P4Approach1 118.7 113.4 131.6 131.4 139 141 142.9 140.9 133.5 136.7 130.3 
P4Approach2 122.2 116 132.2 133.3 137.6 139.7 147.4 141.3 130 137.3 129.4 
P4Approach3 118.7 113.6 131.7 131.5 138.6 140.8 143.6 141 133.6 136.8 130.3 
P4Approach4 122.1 115.8 131.9 132.7 137 139.2 147 140.3 129.1 136.7 128.7 
P4Approach5 120.4 114.7 131.8 132.2 138.1 140.2 145.2 140.9 131.6 136.9 129.7 
P4Approach6 118.7 113.4 131.6 131.4 139 141 142.9 140.9 133.5 136.7 130.3 
P4Approach7 122.2 116 132.2 133.3 137.6 139.7 147.4 141.3 130 137.3 129.4 
P4Approach8 118.7 113.6 131.7 131.5 138.6 140.8 143.6 141 133.6 136.8 130.3 
P4Approach9 122.1 115.8 131.9 132.7 137 139.2 147 140.3 129.1 136.7 128.7 
P4Approach10 120.4 114.7 131.8 132.2 138.1 140.2 145.2 140.9 131.6 136.9 129.7 
LT
P4Approach1 127.2 122 138.7 139.5 145.1 141.9 148.6 150.4 145.9 148.6 141.7 
P4Approach2 125.7 120 137.4 140.6 145.2 143.2 151.8 150.4 142.3 149 142.2 
P4Approach3 127.2 122 138.7 139.5 145.1 141.4 148.4 150.4 142.2 149.1 141.7 
P4Approach4 125.7 120 137.4 140.6 145.2 143.2 151.8 150.4 142.3 149 142.2 
P4Approach5 126.5 121 138 140 145.2 142.4 150.2 150.4 143.2 148.9 141.9 
P4Approach6 127.2 122 138.7 139.5 145.1 141.9 148.6 150.4 145.9 148.6 141.7 
P4Approach7 125.7 120 137.4 140.6 145.2 143.2 151.8 150.4 142.3 149 142.2 
P4Approach8 127.2 122 138.7 139.5 145.1 141.4 148.4 150.4 142.2 149.1 141.7 
P4Approach9 125.7 120 137.4 140.6 145.2 143.2 151.8 150.4 142.3 149 142.2 
P4Approach10 126.5 121 138 140 145.2 142.4 150.2 150.4 143.2 148.9 141.9 
LU
P4Approach1 207.5 179.4 197 212.8 212.2 210.5 221 206.9 240.1 267.2 339.1 
P4Approach2 211.7 194.6 224.7 206.5 222 223.8 254.7 224.5 238.9 257.9 362.7 
P4Approach3 207.5 179.4 197 196.5 212.2 210.5 221 206.9 240.1 267.2 341 
P4Approach4 210.9 195.1 225.2 208.4 222 223.8 254.7 226.9 238.9 256.9 342.1 
P4Approach5 209.4 187.1 211 206.1 217.1 217.2 237.8 216.3 239.5 262.3 346.2 
RO
P4Approach1 117.9 120.3 137.1 151.2 148 151.5 152.5 160.1 158.1 160 161.6 
P4Approach2 128 130.4 145 148.6 146.6 151.3 152.3 157.4 156.5 158.1 161.5 
P4Approach3 119 120.3 137.1 151.2 148 151.5 152.5 160.1 158.1 160 161.6 
P4Approach4 127.3 129.2 143.9 148.8 146.6 151 152.5 158.1 156.8 158.2 161.8 
P4Approach5 123 125 140.8 150 147.3 151.3 152.4 158.9 157.4 159 161.7 
PL
P4Approach1 106.2 104.1 126.5 126.9 125.5 127.1 129.9 131.6 129.5 132.4 121.5 
P4Approach2 110.7 108.5 125.3 125.8 126.1 126.1 128.5 128.2 127 132.6 122.6 
P4Approach3 105.1 103.1 125.7 125.2 125.5 127.1 129.9 131.6 130.5 132.1 121.5 
P4Approach4 110.7 108.5 125.3 125.8 126.1 126.1 128.5 128.2 127 132.6 122.6 
P4Approach5 108.2 106 125.7 125.9 125.8 126.6 129.2 129.9 128.5 132.4 122 
P4Approach6 106.2 104.1 126.5 126.9 125.5 127.1 129.9 131.6 129.5 132.4 121.5 
P4Approach7 110.7 108.5 125.3 125.8 126.1 126.1 128.5 128.2 127 132.6 122.6 
P4Approach8 105.1 103.1 125.7 125.2 125.5 127.1 129.9 131.6 130.5 132.1 121.5 
P4Approach9 110.7 108.5 125.3 125.8 126.1 126.1 128.5 128.2 127 132.6 122.6 
P4Approach10 108.2 106 125.7 125.9 125.8 126.6 129.2 129.9 128.5 132.4 122 
EL
P4Approach1 66.1 67.6 69.5 73.9 70.1 67.5 72.8 63.7 68.7 74 70.2 
P4Approach2 66 63.2 66.2 71.7 71.8 71.3 77.9 69.8 71.8 72.3 71.9 
P4Approach3 65.5 67.7 68.6 73.4 69.3 68.9 73.6 64.1 70.1 74 70.2 
P4Approach4 66 63.2 66.2 71.7 71.8 71.3 77.9 69.8 71.8 72.3 71.9 
P4Approach5 65.9 65.5 67.6 72.7 70.8 69.8 75.5 66.8 70.6 73.2 71.1 
EE
P4Approach1 129.3 125.3 144.9 148.2 154.2 157.4 161.9 158.2 150.8 156.9 145.3 
P4Approach2 135.9 128.9 144.7 146.7 152 155 163.1 155.3 144.9 153.5 145.5 
P4Approach3 129.3 125.3 144.9 148.2 154.2 157.4 161.9 158.2 150.8 156.9 145.3 
P4Approach4 135.9 128.9 144.7 146.7 152 155 163.1 155.3 144.9 153.5 145.5 
P4Approach5 132.6 127.1 144.8 147.5 153.1 156.2 162.5 156.8 147.8 155.2 145.4 
P4Approach6 129.3 125.3 144.9 148.2 154.2 157.4 161.9 158.2 150.8 156.9 145.3 
P4Approach7 135.9 128.9 144.7 146.7 152 155 163.1 155.3 144.9 153.5 145.5 
P4Approach8 129.3 125.3 144.9 148.2 154.2 157.4 161.9 158.2 150.8 156.9 145.3 
P4Approach9 135.9 128.9 144.7 146.7 152 155 163.1 155.3 144.9 153.5 145.5 
P4Approach10 132.6 127.1 144.8 147.5 153.1 156.2 162.5 156.8 147.8 155.2 145.4 
IT
P4Approach1 99.1 84.4 97.3 100.4 103.8 97.5 104.7 94.7 101.6 107.8 102 
P4Approach2 101.5 87.4 102.8 93.8 104.5 99.9 105.7 99.3 104.9 108.4 104.7 
P4Approach3 99.1 84.4 97.3 100.4 103.8 97.5 104.7 94.7 101.6 107.8 102 
P4Approach4 102 89 104.1 95.4 103.5 98.4 105.2 101.2 104 107.1 103 
P4Approach5 100.4 86.3 100.4 97.5 103.9 98.3 105.1 97.5 103 107.8 102.9 
CZ
P4Approach1 95.4 95.1 111.2 113.7 116.8 117.6 113.8 115.5 114.1 118.7 123.4 
P4Approach2 101.3 98.8 112 113.4 115.3 115.2 113.5 112.4 113.9 118.6 121.5 
P4Approach3 95.4 97.1 108.9 112 116.8 114.1 112.4 111.5 114 119.5 121.3 
P4Approach4 101.8 99.1 111.9 113.9 115 115.5 113.5 112.1 113.8 119.2 121.2 
P4Approach5 98.5 97.5 111 113.3 116 115.6 113.3 112.9 113.9 119 121.8 
CY
P4Approach1 72.6 67.4 76.6 81.8 86.7 88.2 97.1 89.4 88 88.2 87 
P4Approach2 74.5 67.9 76.4 81.9 87.5 88.3 96.8 90.6 87.9 88.7 86.8 
P4Approach3 72.6 67.4 76.4 81.5 86.7 88.2 97.1 88.8 87.8 88.2 86.8 
P4Approach4 74.4 67.9 76.1 81.6 87.2 88.1 96.4 90.6 87.9 88.9 86.9 
P4Approach5 73.5 67.6 76.4 81.7 87 88.2 96.8 89.9 87.9 88.5 86.9 
AT
P4Approach1 102.9 98.9 111.2 110.4 109.9 107 109.1 105.7 109 115.2 113.9 
P4Approach2 104.8 98.5 111.8 110.5 110.1 108.6 111 105.5 110 116.1 113.8 
P4Approach3 102.9 98.9 111.2 110.4 109.9 107 109.1 105.7 109 115.2 113.9 
P4Approach4 104.8 98.4 111.7 110.5 110.5 108.6 110.9 105.4 109.7 116.1 113.7 
P4Approach5 103.9 98.7 111.5 110.4 110.1 107.8 110 105.6 109.4 115.6 113.8 
ES
P4Approach1 95.7 80.7 89.1 89.1 92.5 93.3 100.5 88.4 93.4 95.3 91.4 
P4Approach2 96.1 81 88.8 89.1 93.3 93.1 101.8 89.8 92.3 94.7 92.4 
P4Approach3 95.7 80.7 89.1 89.1 92.5 93.3 100.5 88.4 93.4 95.3 91.4 
P4Approach4 96.3 81.3 88.8 89.2 93.3 93.2 101.6 90.3 92.2 94.7 92.3 
P4Approach5 95.9 80.9 89 89.1 92.9 93.2 101.1 89.2 92.8 95 91.9 
P4Approach6 95.7 80.7 89.1 89.1 92.5 93.3 100.5 88.4 93.4 95.3 91.4 
P4Approach7 96.1 81 88.8 89.1 93.3 93.1 101.8 89.8 92.3 94.7 92.4 
P4Approach8 95.7 80.7 89.1 89.1 92.5 93.3 100.5 88.4 93.4 95.3 91.4 
P4Approach9 96.3 81.3 88.8 89.2 93.3 93.2 101.6 90.3 92.2 94.7 92.3 
P4Approach10 95.9 80.9 89 89.1 92.9 93.2 101.1 89.2 92.8 95 91.9 
SK
P4Approach1 99.3 98.7 107 107.6 113 115.2 115 115.1 111.9 115.4 116 
P4Approach2 103.9 104.3 107.4 105.7 112.7 115.6 115.1 113.6 111.3 115.6 115.4 
P4Approach3 100.2 100.4 107 107.6 113 115.2 114.6 115.1 111.9 115.4 116 
P4Approach4 104 104.3 107.5 105.9 112.7 115.5 115.1 113.7 111.5 115.5 114.7 
P4Approach5 101.9 101.9 107.2 106.7 112.9 115.4 114.9 114.4 111.7 115.5 115.5 
P4Approach6 99.3 98.7 107 107.6 113 115.2 115 115.1 111.9 115.4 116 
P4Approach7 103.9 104.3 107.4 105.7 112.7 115.6 115.1 113.6 111.3 115.6 115.4 
P4Approach8 100.2 100.4 107 107.6 113 115.2 114.6 115.1 111.9 115.4 116 
P4Approach9 104 104.3 107.5 105.9 112.7 115.5 115.1 113.7 111.5 115.5 114.7 
P4Approach10 101.9 101.9 107.2 106.7 112.9 115.4 114.9 114.4 111.7 115.5 115.5 
MT
P4Approach1 98.6 95.8 106.2 112.8 118.1 120.2 125.7 114.9 113.2 118.1 112.9 
P4Approach2 99.5 97.2 105.4 112 117.4 117.9 130.2 114.2 111.7 120.9 114.2 
P4Approach3 98.6 95.8 106.2 112.8 118.1 120.2 125.7 114.9 113.2 118.1 113.7 
P4Approach4 100.1 97.9 106.7 112.9 118.4 119.2 131.5 114.6 112 120.8 114.2 
P4Approach5 99.2 96.7 106.1 112.6 118 119.3 128.3 114.6 112.5 119.5 113.8 
SI
P4Approach1 83.8 80.3 98.9 99.8 99.5 101.6 100.8 97.1 98.6 101.6 95.1 
P4Approach2 87.1 81.5 98.1 100.6 98.6 101.1 101.5 96.4 99.6 99.7 96 
P4Approach3 83.8 80.3 98.9 99.8 99.5 101.6 100.8 97.1 98.6 101.6 95.1 
P4Approach4 87.4 81.3 98.1 100.6 98.6 101.1 101.5 96.4 99.6 102 96 
P4Approach5 85.5 80.9 98.5 100.2 99 101.3 101.2 96.8 99.1 101.2 95.5 
P4Approach6 83.8 80.3 98.9 99.8 99.5 101.6 100.8 97.1 98.6 101.6 95.1 
P4Approach7 87.1 81.5 98.1 100.6 98.6 101.1 101.5 96.4 99.6 99.7 96 
P4Approach8 83.8 80.3 98.9 99.8 99.5 101.6 100.8 97.1 98.6 101.6 95.1 
P4Approach9 87.4 81.3 98.1 100.6 98.6 101.1 101.5 96.4 99.6 102 96 
P4Approach10 85.5 80.9 98.5 100.2 99 101.3 101.2 96.8 99.1 101.2 95.5 
UK
P4Approach1 103.9 105.5 108.9 111.1 111.8 113.9 114.8 112.1 112.3 117.7 130.7 
P4Approach2 104.2 105.8 109.8 110.7 112.8 114.5 115 111.2 112.9 117.4 130.8 
P4Approach3 103.9 105.5 108.9 111.1 111.8 113.9 114.8 112.1 112.3 117.7 130.7 
P4Approach4 104.2 105.8 109.8 110.7 112.8 114.5 115 111.2 112.9 117.4 130.8 
P4Approach5 104 105.6 109.3 110.9 112.3 114.2 114.9 111.6 112.6 117.5 130.7 
P4Approach6 103.9 105.5 108.9 111.1 111.8 113.9 114.8 112.1 112.3 117.7 130.7 
P4Approach7 104.2 105.8 109.8 110.7 112.8 114.5 115 111.2 112.9 117.4 130.8 
P4Approach8 103.9 105.5 108.9 111.1 111.8 113.9 114.8 112.1 112.3 117.7 130.7 
P4Approach9 104.2 105.8 109.8 110.7 112.8 114.5 115 111.2 112.9 117.4 130.8 
P4Approach10 104 105.6 109.3 110.9 112.3 114.2 114.9 111.6 112.6 117.5 130.7 
P4Approach11 103.9 105.5 108.9 111.1 111.8 113.9 114.8 112.1 112.3 117.7 130.7 
P4Approach12 104.2 105.8 109.8 110.7 112.8 114.5 115 111.2 112.9 117.4 130.8 
P4Approach13 103.9 105.5 108.9 111.1 111.8 113.9 114.8 112.1 112.3 117.7 130.7 
P4Approach14 104.2 105.8 109.8 110.7 112.8 114.5 115 111.2 112.9 117.4 130.8 
P4Approach15 104 105.6 109.3 110.9 112.3 114.2 114.9 111.6 112.6 117.5 130.7 
P4Approach16 103.9 105.5 108.9 111.1 111.8 113.9 114.8 112.1 112.3 117.7 130.7 
P4Approach17 104.2 105.8 109.8 110.7 112.8 114.5 115 111.2 112.9 117.4 130.8 
P4Approach18 103.9 105.5 108.9 111.1 111.8 113.9 114.8 112.1 112.3 117.7 130.7 
P4Approach19 104.2 105.8 109.8 110.7 112.8 114.5 115 111.2 112.9 117.4 130.8 
P4Approach20 104 105.6 109.3 110.9 112.3 114.2 114.9 111.6 112.6 117.5 130.7 
SE
P4Approach1 103.6 97.1 113.9 117.8 123.5 123.8 121.7 119.2 115 119.8 117.6 
P4Approach2 105.5 99.1 113.9 116.5 123.1 124.5 122.7 119.3 115.5 119.4 118.8 
P4Approach3 103.6 97.1 112.8 116.3 123.5 123.8 121.7 119.2 115 120.3 117.6 
P4Approach4 105.7 99 113.6 116.3 123.2 124.1 121.7 119.3 115.3 119 118.7 
P4Approach5 104.6 98.1 113.6 116.7 123.3 124.1 121.9 119.3 115.2 119.6 118.1 
P4Approach6 103.6 97.1 113.9 117.8 123.5 123.8 121.7 119.2 115 119.8 117.6 
P4Approach7 105.5 99.1 113.9 116.5 123.1 124.5 122.7 119.3 115.5 119.4 118.8 
P4Approach8 103.6 97.1 112.8 116.3 123.5 123.8 121.7 119.2 115 120.3 117.6 
P4Approach9 105.7 99 113.6 116.3 123.2 124.1 121.7 119.3 115.3 119 118.7 
P4Approach10 104.6 98.1 113.6 116.7 123.3 124.1 121.9 119.3 115.2 119.6 118.1 
