P4
BE
P4Approach1 107.1 95.8 108.4 107.2 106.5 107.8 107.3 99.8 107.7 109.9 103.3 
P4Approach2 109.7 95.9 108.8 107.8 107.9 109.3 110.9 100.5 106.3 110.6 102.5 
P4Approach3 107.1 95.8 108.4 107.2 106.5 107.8 107.3 99.8 107.7 109.9 103.3 
P4Approach4 109.5 96 108.1 108.2 108.5 108.8 110.9 101 106 110.8 102.4 
P4Approach5 108.3 95.9 108.4 107.6 107.4 108.4 109.1 100.3 106.9 110.3 102.9 
P4Approach6 107.1 95.8 108.4 107.2 106.5 107.8 107.3 99.8 107.7 109.9 103.3 
P4Approach7 109.7 95.9 108.8 107.8 107.9 109.3 110.9 100.5 106.3 110.6 102.5 
P4Approach8 107.1 95.8 108.4 107.2 106.5 107.8 107.3 99.8 107.7 109.9 103.3 
P4Approach9 109.5 96 108.1 108.2 108.5 108.8 110.9 101 106 110.8 102.4 
P4Approach10 108.3 95.9 108.4 107.6 107.4 108.4 109.1 100.3 106.9 110.3 102.9 
FR
P4Approach1 100.9 90.1 100 110.4 109.9 111.6 99.7 124.7 110.3 115.9 108.6 
P4Approach2 100.7 89.3 99.3 109.8 110.4 112.7 100.6 126 110.9 115 108.9 
P4Approach3 100.9 90.1 100 110.4 109.9 111.6 99.7 124.7 110.3 115.9 108.6 
P4Approach4 100.9 89.9 99.3 110 111 112.7 100.3 126.3 110.7 114.6 108.6 
P4Approach5 100.9 89.8 99.6 110.1 110.3 112.2 100.1 125.5 110.5 115.4 108.6 
P4Approach6 100.9 90.1 100 110.4 109.9 111.6 99.7 124.7 110.3 115.9 108.6 
P4Approach7 100.7 89.3 99.3 109.8 110.4 112.7 100.6 126 110.9 115 108.9 
P4Approach8 100.9 90.1 100 110.4 109.9 111.6 99.7 124.7 110.3 115.9 108.6 
P4Approach9 100.9 89.9 99.3 110 111 112.7 100.3 126.3 110.7 114.6 108.6 
P4Approach10 100.9 89.8 99.6 110.1 110.3 112.2 100.1 125.5 110.5 115.4 108.6 
BG
P4Approach1 107.8 105.8 123.1 127.6 125.8 127.8 136.4 136.3 130.6 134.1 130.2 
P4Approach2 105.6 102.9 122.9 129.2 127.8 131.1 139 140.2 133.4 134.7 127.4 
P4Approach3 107.8 105.8 123.1 127.6 125.8 127.8 136.4 136.3 130.6 134.1 130.2 
P4Approach4 105.6 102.9 121.9 127 126.8 129.6 138.2 139.3 132.5 133.9 127.4 
P4Approach5 106.7 104.4 122.8 127.8 126.5 129.1 137.5 138 131.8 134.2 128.8 
P4Approach6 107.8 105.8 123.1 127.6 125.8 127.8 136.4 136.3 130.6 134.1 130.2 
P4Approach7 105.6 102.9 122.9 129.2 127.8 131.1 139 140.2 133.4 134.7 127.4 
P4Approach8 107.8 105.8 123.1 127.6 125.8 127.8 136.4 136.3 130.6 134.1 130.2 
P4Approach9 105.6 102.9 121.9 127 126.8 129.6 138.2 139.3 132.5 133.9 127.4 
P4Approach10 106.7 104.4 122.8 127.8 126.5 129.1 137.5 138 131.8 134.2 128.8 
DK
P4Approach1 93.7 85.7 98.4 99.7 104 99.3 97.7 100.7 95.2 99.4 99.8 
P4Approach2 93.5 86.1 98.7 100.1 103.4 98.6 97.8 100.4 95 99.4 101.2 
P4Approach3 93.7 85.7 98.4 99.7 104 99.3 97.7 100.7 95.2 99.4 99.8 
P4Approach4 93.5 86.1 98.7 99.7 103.1 98.1 97.9 100.4 95 99.4 101.2 
P4Approach5 93.6 85.9 98.5 99.8 103.6 98.8 97.8 100.6 95.1 99.4 100.5 
P4Approach6 93.7 85.7 98.4 99.7 104 99.3 97.7 100.7 95.2 99.4 99.8 
P4Approach7 93.5 86.1 98.7 100.1 103.4 98.6 97.8 100.4 95 99.4 101.2 
P4Approach8 93.7 85.7 98.4 99.7 104 99.3 97.7 100.7 95.2 99.4 99.8 
P4Approach9 93.5 86.1 98.7 99.7 103.1 98.1 97.9 100.4 95 99.4 101.2 
P4Approach10 93.6 85.9 98.5 99.8 103.6 98.8 97.8 100.6 95.1 99.4 100.5 
HR
P4Approach1 84.9 84.9 99.3 103.3 106.3 108.5 121.8 118.6 111.6 112.8 95.9 
P4Approach2 87.1 84.4 99.3 105.3 108.9 114.3 129.1 125.8 112.6 107.1 97 
P4Approach3 84.9 84.9 99.3 103.3 106.3 108.5 121.8 118.6 107.9 113 95.9 
P4Approach4 87.3 84.4 99.3 105.1 108.8 114.2 129.5 126 112 106.9 97.2 
P4Approach5 86 84.6 99.3 104.2 107.6 111.3 125.6 122.3 111 109.9 96.5 
DE
P4Approach1 102.3 98.8 113.3 112.2 111.5 108 110.9 109.2 111 117.1 116.3 
P4Approach2 104.7 98.9 115.7 112.3 114.6 109.8 114.8 109 112.2 116.9 117.1 
P4Approach3 102.3 98.8 113.3 111.7 111.5 108 110.9 109 111 116.5 115.9 
P4Approach4 104.7 98.9 115.7 112.3 114.6 109.8 114.8 109 112.2 117 117.1 
P4Approach5 103.5 98.8 114.5 112.1 113.1 108.9 112.8 109.1 111.6 116.9 116.6 
P4Approach6 102.3 98.8 113.3 112.2 111.5 108 110.9 109.2 111 117.1 116.3 
P4Approach7 104.7 98.9 115.7 112.3 114.6 109.8 114.8 109 112.2 116.9 117.1 
P4Approach8 102.3 98.8 113.3 111.7 111.5 108 110.9 109 111 116.5 115.9 
P4Approach9 104.7 98.9 115.7 112.3 114.6 109.8 114.8 109 112.2 117 117.1 
P4Approach10 103.5 98.8 114.5 112.1 113.1 108.9 112.8 109.1 111.6 116.9 116.6 
HU
P4Approach1 103.1 101.8 120.2 126 125.2 128.3 139.4 138.5 133.3 138 132.6 
P4Approach2 104.4 104.3 120.5 125.6 124.5 127.9 139 137.1 131.4 137.5 133.7 
P4Approach3 103.1 101.8 120.2 126 125.2 128.3 139.4 138.5 133.3 138 132.6 
P4Approach4 104.4 104.3 120.5 125.6 124.5 127.9 139 137.1 131.4 137.5 133.7 
P4Approach5 103.7 103 120.4 125.8 124.9 128.1 139.2 137.8 132.4 137.7 133.1 
FI
P4Approach1 95.6 89.2 101.9 104.7 112.2 114.4 115.5 111.5 104.7 108.5 106.3 
P4Approach2 96.7 89.6 103.9 104.7 112 113.3 116.6 111.1 104.6 107.8 106.1 
P4Approach3 95.6 89.2 101.9 104.7 112.2 114.4 115.5 111.5 104.7 108.5 106.3 
P4Approach4 97.1 90 103.9 104.4 112.7 112.2 116 111.4 104.5 107.9 106.2 
P4Approach5 96.3 89.5 102.9 104.6 112.3 113.5 115.9 111.4 104.6 108.2 106.2 
P4Approach6 95.6 89.2 101.9 104.7 112.2 114.4 115.5 111.5 104.7 108.5 106.3 
P4Approach7 96.7 89.6 103.9 104.7 112 113.3 116.6 111.1 104.6 107.8 106.1 
P4Approach8 95.6 89.2 101.9 104.7 112.2 114.4 115.5 111.5 104.7 108.5 106.3 
P4Approach9 97.1 90 103.9 104.4 112.7 112.2 116 111.4 104.5 107.9 106.2 
P4Approach10 96.3 89.5 102.9 104.6 112.3 113.5 115.9 111.4 104.6 108.2 106.2 
P4Approach11 95.6 89.2 101.9 104.7 112.2 114.4 115.5 111.5 104.7 108.5 106.3 
P4Approach12 96.7 89.6 103.9 104.7 112 113.3 116.6 111.1 104.6 107.8 106.1 
P4Approach13 95.6 89.2 101.9 104.7 112.2 114.4 115.5 111.5 104.7 108.5 106.3 
P4Approach14 97.1 90 103.9 104.4 112.7 112.2 116 111.4 104.5 107.9 106.2 
P4Approach15 96.3 89.5 102.9 104.6 112.3 113.5 115.9 111.4 104.6 108.2 106.2 
NL
P4Approach1 89.9 85.1 99.3 100 103.4 101.3 97.7 95.3 97.6 101.9 99.8 
P4Approach2 91.6 83.4 98.1 98.6 103.6 102.2 99.4 94.2 98 103.1 99.9 
P4Approach3 89.9 85.1 99.3 100 103.4 101.3 97.7 95.3 97.6 101.9 99.8 
P4Approach4 91.6 83.4 98.1 98.6 103.6 102.2 99.4 94.2 98 103.1 99.9 
P4Approach5 90.8 84.2 98.7 99.3 103.5 101.8 98.6 94.7 97.8 102.5 99.9 
PT
P4Approach1 78.2 72.1 81 80.9 84.9 83.7 92.1 94.1 87 88.3 86.9 
P4Approach2 83.9 78.8 83.2 81.9 84.1 84.8 88.5 89 86.9 91 87.1 
P4Approach3 78.2 72.1 81 80.9 84.9 83.7 92.1 94.1 87 88.3 86.9 
P4Approach4 83.9 78.8 83.2 81.9 84.1 84.8 88.5 89 86.9 91 87.1 
P4Approach5 81.1 75.5 82.1 81.4 84.5 84.2 90.3 91.5 86.9 89.7 87 
P4Approach6 78.2 72.1 81 80.9 84.9 83.7 92.1 94.1 87 88.3 86.9 
P4Approach7 83.9 78.8 83.2 81.9 84.1 84.8 88.5 89 86.9 91 87.1 
P4Approach8 78.2 72.1 81 80.9 84.9 83.7 92.1 94.1 87 88.3 86.9 
P4Approach9 83.9 78.8 83.2 81.9 84.1 84.8 88.5 89 86.9 91 87.1 
P4Approach10 81.1 75.5 82.1 81.4 84.5 84.2 90.3 91.5 86.9 89.7 87 
LV
P4Approach1 111.8 106.8 121.5 121.9 131.7 133.7 139 139.5 131.6 133.2 126.4 
P4Approach2 113.2 107.6 123.3 124.5 130.5 133.3 142.9 140.6 129.5 133.3 122.3 
P4Approach3 111.8 106.8 121.5 121.8 131.6 133.2 139 139.5 132 133.3 126.4 
P4Approach4 113.2 107.6 123.8 125.4 130.7 133.2 143 141.1 130 133.5 122.1 
P4Approach5 112.5 107.2 122.5 123.4 131.1 133.4 141 140.2 130.8 133.3 124.3 
P4Approach6 111.8 106.8 121.5 121.9 131.7 133.7 139 139.5 131.6 133.2 126.4 
P4Approach7 113.2 107.6 123.3 124.5 130.5 133.3 142.9 140.6 129.5 133.3 122.3 
P4Approach8 111.8 106.8 121.5 121.8 131.6 133.2 139 139.5 132 133.3 126.4 
P4Approach9 113.2 107.6 123.8 125.4 130.7 133.2 143 141.1 130 133.5 122.1 
P4Approach10 112.5 107.2 122.5 123.4 131.1 133.4 141 140.2 130.8 133.3 124.3 
LT
P4Approach1 123.5 118 133.6 136.1 143.8 142.6 149.3 151.3 144.1 151.5 142.7 
P4Approach2 120.7 115.4 133.3 138.2 144.1 144.5 152.5 150.8 142.8 151.7 143.5 
P4Approach3 123.5 118 133.6 136.1 143.8 142.6 149.3 151.3 144.1 151.5 142.7 
P4Approach4 120.7 115.5 133.6 138.1 144.1 144.3 152.2 151 142.6 151.4 144.2 
P4Approach5 122.1 116.8 133.5 137.1 144 143.5 150.8 151.1 143.4 151.5 143.3 
P4Approach6 123.5 118 133.6 136.1 143.8 142.6 149.3 151.3 144.1 151.5 142.7 
P4Approach7 120.7 115.4 133.3 138.2 144.1 144.5 152.5 150.8 142.8 151.7 143.5 
P4Approach8 123.5 118 133.6 136.1 143.8 142.6 149.3 151.3 144.1 151.5 142.7 
P4Approach9 120.7 115.5 133.6 138.1 144.1 144.3 152.2 151 142.6 151.4 144.2 
P4Approach10 122.1 116.8 133.5 137.1 144 143.5 150.8 151.1 143.4 151.5 143.3 
LU
P4Approach1 190.9 173 197.2 217.5 200.6 201.1 209.3 193.7 217.8 236.6 309.1 
P4Approach2 195.8 181.6 210.1 200.1 213.8 212.3 239.4 208.3 222.1 238.6 316.7 
P4Approach3 190.9 173 197.2 217.5 200.6 201.1 209.3 193.7 217.8 236.6 309.1 
P4Approach4 195.9 182.6 210.4 200.9 213.8 212.3 239.4 210.8 222.1 238.7 311.1 
P4Approach5 193.4 177.6 203.7 209 207.2 206.7 224.3 201.6 219.9 237.6 311.5 
RO
P4Approach1 116.5 116.4 136.8 145.5 143.4 146.6 151.6 157.2 152.4 155.8 154 
P4Approach2 117.9 122 139.9 142.5 142 145.6 153.1 155.3 151.2 154.5 154.9 
P4Approach3 116.5 116.4 136.8 145.5 143.4 146.6 151.6 157.2 152.4 155.8 154 
P4Approach4 117.8 120.9 137.5 143.1 142.1 145.6 152.5 155.3 151 154.4 154.8 
P4Approach5 117.2 118.9 137.7 144.1 142.7 146.1 152.2 156.2 151.7 155.1 154.4 
PL
P4Approach1 100.4 98.5 119.1 119.4 119.1 120.6 124.5 125.8 124 126.2 115.6 
P4Approach2 104.8 102.7 118.8 119.8 120.1 120 122.9 122.8 121.4 127.2 117.3 
P4Approach3 100.4 98.5 119.1 119.4 119.1 120.6 124.5 125.9 124 126.2 115.6 
P4Approach4 104.8 102.7 118.8 119.8 120.1 120 122.9 122.8 121.5 127.2 117 
P4Approach5 102.6 100.6 118.9 119.6 119.6 120.3 123.7 124.3 122.7 126.7 116.4 
P4Approach6 100.4 98.5 119.1 119.4 119.1 120.6 124.5 125.8 124 126.2 115.6 
P4Approach7 104.8 102.7 118.8 119.8 120.1 120 122.9 122.8 121.4 127.2 117.3 
P4Approach8 100.4 98.5 119.1 119.4 119.1 120.6 124.5 125.9 124 126.2 115.6 
P4Approach9 104.8 102.7 118.8 119.8 120.1 120 122.9 122.8 121.5 127.2 117 
P4Approach10 102.6 100.6 118.9 119.6 119.6 120.3 123.7 124.3 122.7 126.7 116.4 
EL
P4Approach1 63.9 63.8 66.5 70.9 66.6 67.3 72.8 64 69.4 74.2 69.2 
P4Approach2 63.8 60.8 64.5 69.2 68.9 69.4 75.2 68.5 69 70.6 69.9 
P4Approach3 64.5 64.6 66.5 70.9 66.6 67.3 71.7 64.9 69.4 74.2 69.2 
P4Approach4 63.8 60.8 64.5 69.2 68.9 69.4 75.2 68.5 69 70.6 69.9 
P4Approach5 64 62.5 65.5 70.1 67.8 68.4 73.8 66.5 69.2 72.4 69.6 
EE
P4Approach1 126.8 122.5 138.5 140.8 146.9 150 157.2 154.3 147.7 152.6 141.4 
P4Approach2 133 124.1 140.8 142.1 147 149.1 159.1 153.4 143 151.2 142.1 
P4Approach3 126.8 122.5 138.5 140.8 146.9 150 157.2 154.3 147.7 152.6 141.9 
P4Approach4 132.8 125.3 138.9 142.1 146.8 150.1 159.8 152.2 142.9 151 141.2 
P4Approach5 129.8 123.6 139.2 141.5 146.9 149.8 158.3 153.5 145.3 151.8 141.7 
P4Approach6 126.8 122.5 138.5 140.8 146.9 150 157.2 154.3 147.7 152.6 141.4 
P4Approach7 133 124.1 140.8 142.1 147 149.1 159.1 153.4 143 151.2 142.1 
P4Approach8 126.8 122.5 138.5 140.8 146.9 150 157.2 154.3 147.7 152.6 141.9 
P4Approach9 132.8 125.3 138.9 142.1 146.8 150.1 159.8 152.2 142.9 151 141.2 
P4Approach10 129.8 123.6 139.2 141.5 146.9 149.8 158.3 153.5 145.3 151.8 141.7 
IT
P4Approach1 96.4 83.4 96.7 99.8 102.5 97.4 104.7 94 99.7 105.2 99.4 
P4Approach2 98.6 87.1 100.9 96.3 100.5 99.8 102.9 95.9 99.7 103.4 100.6 
P4Approach3 96.4 83.4 96.7 99.8 102.5 97.4 104.7 94 99.7 105.2 99.4 
P4Approach4 99 87.7 100.7 96.5 100.1 100.2 102.7 96.7 99.8 103.4 100.8 
P4Approach5 97.6 85.4 98.7 98.1 101.4 98.7 103.8 95.1 99.7 104.3 100 
CZ
P4Approach1 93 93.1 109.6 112.7 114.9 115.6 112.8 114.1 111.7 116.5 117.7 
P4Approach2 97.5 97 110 112.2 113.6 113.8 112.3 112.4 111.8 115.9 117.8 
P4Approach3 95.5 93.2 108.8 111 114.9 113.4 112.2 113.6 110.9 115.4 117.7 
P4Approach4 97.5 97 110 112.2 113.6 113.8 112.3 112.4 111.8 115.9 117.8 
P4Approach5 95.9 95.1 109.6 112 114.3 114.2 112.4 113.1 111.5 115.9 117.7 
CY
P4Approach1 74.6 69.7 77.9 82.3 87.6 88.9 97.1 87.9 88.8 88 87.3 
P4Approach2 75.4 69.8 77.6 82.6 88.2 89.2 98.3 90.2 88.6 88.5 87.3 
P4Approach3 74.6 69.7 77.9 82.3 87.6 88.2 97.1 87.9 88.8 88 86.2 
P4Approach4 75.3 69.7 77.3 82 87.5 88.9 97.6 90.3 88.8 88.8 86.9 
P4Approach5 75 69.7 77.7 82.3 87.7 88.8 97.5 89.1 88.8 88.3 86.9 
AT
P4Approach1 102.5 98.5 110.2 110 109.6 106.9 109.2 105.8 108.5 114.5 112.7 
P4Approach2 103.7 97.3 110.6 109.4 109.7 108 110.6 105.1 109.2 115.2 112.5 
P4Approach3 102.5 98.5 110.2 110 109.6 106.9 109.2 105.8 108.5 114.5 112.7 
P4Approach4 103.7 97.3 110.6 109.4 109.7 108 110.6 105.1 109.2 115.2 112.5 
P4Approach5 103.1 97.9 110.4 109.7 109.6 107.4 109.9 105.5 108.9 114.8 112.6 
ES
P4Approach1 94.7 81.2 89 88.4 91.5 92.5 99.1 88.6 92 93.2 91.3 
P4Approach2 94.7 80.8 88.2 88.8 92.7 92.2 100.5 89.6 91.8 93.3 91.5 
P4Approach3 94.3 80.9 89 88.3 91.5 92.3 99.1 88.5 92.2 92.9 91.4 
P4Approach4 94.8 81 88.4 88.6 92.4 92.4 100.7 90.4 91.3 93.3 91.4 
P4Approach5 94.6 81 88.6 88.5 92 92.4 99.8 89.3 91.8 93.2 91.4 
P4Approach6 94.7 81.2 89 88.4 91.5 92.5 99.1 88.6 92 93.2 91.3 
P4Approach7 94.7 80.8 88.2 88.8 92.7 92.2 100.5 89.6 91.8 93.3 91.5 
P4Approach8 94.3 80.9 89 88.3 91.5 92.3 99.1 88.5 92.2 92.9 91.4 
P4Approach9 94.8 81 88.4 88.6 92.4 92.4 100.7 90.4 91.3 93.3 91.4 
P4Approach10 94.6 81 88.6 88.5 92 92.4 99.8 89.3 91.8 93.2 91.4 
SK
P4Approach1 97.6 97.1 105.9 105.8 112.7 114.9 114.9 115.2 110.3 114.8 114.4 
P4Approach2 101.9 102 106.6 105.3 112 115.1 115.1 112.9 109.9 115.1 113.2 
P4Approach3 98.7 98.3 105.9 105.8 112.7 114.9 114.9 115.2 111.3 114.8 114.4 
P4Approach4 101.9 102 106.7 105.3 112.1 115.3 115.1 112.8 109.3 115.2 113.2 
P4Approach5 100 99.8 106.3 105.6 112.4 115 115 114 110.2 115 113.8 
P4Approach6 97.6 97.1 105.9 105.8 112.7 114.9 114.9 115.2 110.3 114.8 114.4 
P4Approach7 101.9 102 106.6 105.3 112 115.1 115.1 112.9 109.9 115.1 113.2 
P4Approach8 98.7 98.3 105.9 105.8 112.7 114.9 114.9 115.2 111.3 114.8 114.4 
P4Approach9 101.9 102 106.7 105.3 112.1 115.3 115.1 112.8 109.3 115.2 113.2 
P4Approach10 100 99.8 106.3 105.6 112.4 115 115 114 110.2 115 113.8 
MT
P4Approach1 110.5 106.4 110.9 117.8 123.6 124.7 129.5 122.5 120.1 123.9 121 
P4Approach2 114.6 105.1 112.9 119.3 124.3 125.2 132.5 120.7 118.3 126.7 121.8 
P4Approach3 110.5 106.4 110.9 117.8 123.6 124.7 129.5 122.5 120.1 123.9 121 
P4Approach4 114.4 105.4 112.9 119.3 124.3 125.2 132.5 120.7 118.3 126.7 121.8 
P4Approach5 112.5 105.8 111.9 118.5 123.9 124.9 131 121.6 119.2 125.3 121.4 
SI
P4Approach1 91.4 87 103.4 104.2 102.3 104.3 104.8 105.2 107.5 110.3 104.5 
P4Approach2 93.5 88.6 102.9 104.5 102.1 103.9 105.2 106.5 108.6 109 105.4 
P4Approach3 91.2 86.8 103.3 104.4 102.1 104.2 104.8 105.3 107.5 110.2 104.4 
P4Approach4 93.4 88.3 103.1 105.5 102.7 104 104.8 105.5 108.3 109.5 104.8 
P4Approach5 92.4 87.7 103.2 104.6 102.3 104.1 104.9 105.6 108 109.7 104.8 
UK
P4Approach1 103.1 105.2 108.2 110.5 110.7 113.2 114.2 111.7 112.2 116.7 129 
P4Approach2 103.6 105.9 109.7 110.2 112.5 114.6 115.2 111.4 113 116.8 129.3 
P4Approach3 103.1 105.2 108.2 110.5 110.7 113.2 114.2 111.7 112.2 116.7 129 
P4Approach4 103.5 105.9 109.6 109.9 112.2 114.4 114.9 111.2 112.7 116.4 128.8 
P4Approach5 103.3 105.5 108.9 110.3 111.5 113.8 114.6 111.5 112.5 116.7 129 
P4Approach6 103.1 105.2 108.2 110.5 110.7 113.2 114.2 111.7 112.2 116.7 129 
P4Approach7 103.6 105.9 109.7 110.2 112.5 114.6 115.2 111.4 113 116.8 129.3 
P4Approach8 103.1 105.2 108.2 110.5 110.7 113.2 114.2 111.7 112.2 116.7 129 
P4Approach9 103.5 105.9 109.6 109.9 112.2 114.4 114.9 111.2 112.7 116.4 128.8 
P4Approach10 103.3 105.5 108.9 110.3 111.5 113.8 114.6 111.5 112.5 116.7 129 
P4Approach11 103.1 105.2 108.2 110.5 110.7 113.2 114.2 111.7 112.2 116.7 129 
P4Approach12 103.6 105.9 109.7 110.2 112.5 114.6 115.2 111.4 113 116.8 129.3 
P4Approach13 103.1 105.2 108.2 110.5 110.7 113.2 114.2 111.7 112.2 116.7 129 
P4Approach14 103.5 105.9 109.6 109.9 112.2 114.4 114.9 111.2 112.7 116.4 128.8 
P4Approach15 103.3 105.5 108.9 110.3 111.5 113.8 114.6 111.5 112.5 116.7 129 
P4Approach16 103.1 105.2 108.2 110.5 110.7 113.2 114.2 111.7 112.2 116.7 129 
P4Approach17 103.6 105.9 109.7 110.2 112.5 114.6 115.2 111.4 113 116.8 129.3 
P4Approach18 103.1 105.2 108.2 110.5 110.7 113.2 114.2 111.7 112.2 116.7 129 
P4Approach19 103.5 105.9 109.6 109.9 112.2 114.4 114.9 111.2 112.7 116.4 128.8 
P4Approach20 103.3 105.5 108.9 110.3 111.5 113.8 114.6 111.5 112.5 116.7 129 
SE
P4Approach1 102.3 96.3 111.1 114.4 119.9 121.6 119.4 122.9 114 118.3 116.3 
P4Approach2 102.5 95.8 112.1 113.3 120.3 125.1 122.4 120.4 115.3 118.2 118.2 
P4Approach3 99 95.7 110.2 111.8 117.4 121.6 119.4 122 114 118.3 116.3 
P4Approach4 103 97 111.8 113.1 120.9 124.4 123 119.8 115.4 118.4 117.6 
P4Approach5 101.7 96.2 111.3 113.2 119.6 123.2 121 121.3 114.7 118.3 117.1 
P4Approach6 102.3 96.3 111.1 114.4 119.9 121.6 119.4 122.9 114 118.3 116.3 
P4Approach7 102.5 95.8 112.1 113.3 120.3 125.1 122.4 120.4 115.3 118.2 118.2 
P4Approach8 99 95.7 110.2 111.8 117.4 121.6 119.4 122 114 118.3 116.3 
P4Approach9 103 97 111.8 113.1 120.9 124.4 123 119.8 115.4 118.4 117.6 
P4Approach10 101.7 96.2 111.3 113.2 119.6 123.2 121 121.3 114.7 118.3 117.1 
