P3
BE
P3Approach1 1697765 2323739 2011274 3452169 2913268 2805404 4761509 4475004 3040968 2854508 2737442 2637529 
P3Approach2 1730814 2370883 2141161 3398120 3042330 2912167 4737157 4542458 3149024 2922244 2733527 2671326 
P3Approach3 1714290 2347311 2076218 3425144 2977799 2858786 4749333 4508731 3094996 2888376 2735484 2654428 
P3Approach4 1723231 2358595 2041443 3503952 2956967 2847485 4832932 4542129 3086583 2897326 2778504 2677092 
P3Approach5 1731720 2370214 2051499 3521212 2971533 2861512 4856739 4564504 3101787 2911598 2792191 2690280 
P3Approach6 1485544 2207552 1910710 3452169 2913268 2805404 4761509 4475004 3040968 2854508 2737442 2637529 
P3Approach7 1663810 2323739 2011274 4142603 2971533 2861512 4856739 4564504 3101787 2911598 2737442 2690280 
P3Approach8 1756776 2406446 2173278 3568026 3194446 3057775 4974015 4769581 3306475 3068356 2733527 2804892 
P3Approach9 1765430 2418301 2183984 3466082 3103177 2970410 4831900 4633307 3212004 2980689 2733527 2724753 
P3Approach10 1514462 2252339 2034103 3228214 2890214 2766559 4500299 4315335 2991573 2776132 2730793 2537760 
P3Approach11 1696198 2370883 2141161 3398120 3042330 2912167 4737157 4542458 3149024 2922244 2733527 2671326 
P3Approach12 1697765 2370214 2051499 3693821 2913268 2805404 4761509 4475004 3040968 2854508 2737442 2637529 
P3Approach13 1730814 2418301 2183984 3635988 3042330 2912167 4737157 4542458 3149024 2922244 2733527 2671326 
P3Approach14 1714290 2394257 2117742 3664904 2977799 2858786 4749333 4508731 3094996 2888376 2735484 2654428 
P3Approach15 1723231 2405767 2082272 3749229 2956967 2847485 4832932 4542129 3086583 2897326 2778504 2677092 
P3Approach16 1485544 2251703 1948924 3693821 2913268 2805404 4761509 4475004 3040968 2854508 2737442 2637529 
P3Approach17 1663810 2370214 2051499 4432585 2971533 2861512 4856739 4564504 3101787 2911598 2737442 2690280 
P3Approach18 1756776 2466607 2227610 3835628 3194446 3057775 4974015 4769581 3306475 3068356 2733527 2804892 
P3Approach19 1765430 2478759 2238584 3726038 3103177 2970410 4831900 4633307 3212004 2980689 2733527 2724753 
P3Approach20 1714290 2405993 2128123 3682030 2977799 2858786 4749333 4508731 3094996 2888376 2735484 2654428 
FR
P3Approach1 18376848 21471446 23840732 25655649 34148960 39166856 72241394 85520261 35973934 23781447 20239894 20955109 
P3Approach2 19241474 22855664 27530206 29451564 36741533 37272312 65373639 77897362 39808464 28343661 17407071 23017433 
P3Approach3 18809161 22163555 25685469 27553606 35445246 38219584 68807516 81708812 37891199 26062554 18823482 21986271 
P3Approach4 18652501 21793518 24198343 26040484 34661194 39754359 73325015 86803065 36513543 24138169 20543492 21269436 
P3Approach5 18744385 21900875 24317547 26168762 34831939 39950193 73686222 87230666 36693413 24257076 20644692 21374211 
P3Approach6 16079742 20397874 22648695 25655649 34148960 39166856 72241394 85520261 35973934 23781447 20239894 20955109 
P3Approach7 18009311 21471446 23840732 30786779 34831939 39950193 73686222 87230666 36693413 24257076 20239894 21374211 
P3Approach8 19530096 23198499 27943159 30924142 38578610 39135928 68642321 81792230 41798887 29760844 17407071 24168305 
P3Approach9 19626303 23312777 28080810 30040595 37476364 38017758 66681112 79455309 40604633 28910534 17407071 23477782 
P3Approach10 16836290 21712881 26153696 27978986 34904456 35408696 62104957 74002494 37818041 26926478 17389664 21866561 
P3Approach11 18856645 22855664 27530206 29451564 36741533 37272312 65373639 77897362 39808464 28343661 17407071 23017433 
P3Approach12 18376848 21900875 24317547 27451544 34148960 39166856 72241394 85520261 35973934 23781447 20239894 20955109 
P3Approach13 19241474 23312777 28080810 31513173 36741533 37272312 65373639 77897362 39808464 28343661 17407071 23017433 
P3Approach14 18809161 22606826 26199178 29482358 35445246 38219584 68807516 81708812 37891199 26062554 18823482 21986271 
P3Approach15 18652501 22229388 24682310 27863318 34661194 39754359 73325015 86803065 36513543 24138169 20543492 21269436 
P3Approach16 16079742 20805831 23101669 27451544 34148960 39166856 72241394 85520261 35973934 23781447 20239894 20955109 
P3Approach17 18009311 21900875 24317547 32941854 34831939 39950193 73686222 87230666 36693413 24257076 20239894 21374211 
P3Approach18 19530096 23778461 28641738 33243453 38578610 39135928 68642321 81792230 41798887 29760844 17407071 24168305 
P3Approach19 19626303 23895596 28782830 32293640 37476364 38017758 66681112 79455309 40604633 28910534 17407071 23477782 
P3Approach20 18809161 22717643 26327605 29620126 35445246 38219584 68807516 81708812 37891199 26062554 18823482 21986271 
BG
P3Approach1 741426 814235 722580 801398 1157292 2939878 4945647 5232011 2852441 1101335 1070371 843399 
P3Approach2 771645 851195 756447 799563 1171980 2933151 4883406 5178963 2793547 1048261 1069469 894802 
P3Approach3 756536 832715 739514 800480 1164636 2936514 4914526 5205487 2822994 1074798 1069920 869100 
P3Approach4 752547 826449 733419 813419 1174651 2983976 5019832 5310491 2895228 1117855 1086427 856050 
P3Approach5 756255 830520 737032 817426 1180438 2998676 5044560 5336651 2909490 1123362 1091778 860267 
P3Approach6 648748 773523 686451 801398 1157292 2939878 4945647 5232011 2852441 1101335 1070371 843399 
P3Approach7 726597 814235 722580 961678 1180438 2998676 5044560 5336651 2909490 1123362 1070371 860267 
P3Approach8 783220 863963 767794 839541 1230579 3079809 5127576 5437911 2933224 1100674 1069469 939542 
P3Approach9 787078 868219 771576 815554 1195420 2991814 4981074 5282542 2849418 1069226 1069469 912698 
P3Approach10 675189 808635 718625 759585 1113381 2786493 4639236 4920015 2653870 995848 1068400 850062 
P3Approach11 756212 851195 756447 799563 1171980 2933151 4883406 5178963 2793547 1048261 1069469 894802 
P3Approach12 741426 830520 737032 857496 1157292 2939878 4945647 5232011 2852441 1101335 1070371 843399 
P3Approach13 771645 868219 771576 855532 1171980 2933151 4883406 5178963 2793547 1048261 1069469 894802 
P3Approach14 756536 849369 754304 856514 1164636 2936514 4914526 5205487 2822994 1074798 1069920 869100 
P3Approach15 752547 842978 748087 870358 1174651 2983976 5019832 5310491 2895228 1117855 1086427 856050 
P3Approach16 648748 788993 700180 857496 1157292 2939878 4945647 5232011 2852441 1101335 1070371 843399 
P3Approach17 726597 830520 737032 1028995 1180438 2998676 5044560 5336651 2909490 1123362 1070371 860267 
P3Approach18 783220 885562 786989 902507 1230579 3079809 5127576 5437911 2933224 1100674 1069469 939542 
P3Approach19 787078 889924 790865 876721 1195420 2991814 4981074 5282542 2849418 1069226 1069469 912698 
P3Approach20 756536 853532 758001 860516 1164636 2936514 4914526 5205487 2822994 1074798 1069920 869100 
DK
P3Approach1 1922822 2272383 2239564 2503561 2717142 2892764 3889842 3330465 3518547 2417742 2183236 2036548 
P3Approach2 1278410 1545865 1814434 2248808 2408873 2489856 5272587 3518155 3819431 2905084 2340857 1984829 
P3Approach3 1600616 1909124 2026999 2376184 2563008 2691310 4581214 3424310 3668989 2661413 2262046 2010688 
P3Approach4 1951664 2306469 2273157 2541114 2757899 2936155 3948190 3380422 3571325 2454008 2215985 2067096 
P3Approach5 1961278 2317831 2284355 2553632 2771485 2950619 3967639 3397074 3588918 2466097 2226901 2077279 
P3Approach6 1682469 2158764 2127586 2503561 2717142 2892764 3889842 3330465 3518547 2417742 2183236 2036548 
P3Approach7 1884366 2272383 2239564 3004273 2771485 2950619 3967639 3397074 3588918 2466097 2183236 2077279 
P3Approach8 1297586 1569053 1841651 2361248 2529317 2614349 5536216 3694063 4010403 3050338 2340857 2084070 
P3Approach9 1303978 1576782 1850723 2293784 2457050 2539653 5378039 3588518 3895820 2963186 2340857 2024526 
P3Approach10 1118609 1468572 1723712 2136368 2288429 2365363 5008958 3342247 3628459 2759830 2338516 1885588 
P3Approach11 1252842 1545865 1814434 2248808 2408873 2489856 5272587 3518155 3819431 2905084 2340857 1984829 
P3Approach12 1922822 2317831 2284355 2678810 2717142 2892764 3889842 3330465 3518547 2417742 2183236 2036548 
P3Approach13 1278410 1576782 1850723 2406225 2408873 2489856 5272587 3518155 3819431 2905084 2340857 1984829 
P3Approach14 1600616 1947306 2067539 2542517 2563008 2691310 4581214 3424310 3668989 2661413 2262046 2010688 
P3Approach15 1951664 2352598 2318620 2718992 2757899 2936155 3948190 3380422 3571325 2454008 2215985 2067096 
P3Approach16 1682469 2201939 2170138 2678810 2717142 2892764 3889842 3330465 3518547 2417742 2183236 2036548 
P3Approach17 1884366 2317831 2284355 3214572 2771485 2950619 3967639 3397074 3588918 2466097 2183236 2077279 
P3Approach18 1297586 1608279 1887692 2538342 2529317 2614349 5536216 3694063 4010403 3050338 2340857 2084070 
P3Approach19 1303978 1616202 1896991 2465818 2457050 2539653 5378039 3588518 3895820 2963186 2340857 2024526 
P3Approach20 1600616 1956852 2077673 2554398 2563008 2691310 4581214 3424310 3668989 2661413 2262046 2010688 
HR
P3Approach1 534361 597578 910039 2102581 3962305 8781405 20339719 23824783 9115483 2395258 886945 756057 
P3Approach2 681727 1898978 2146249 3467543 4270998 7636652 16876676 19474985 9598626 2798793 1020183 131475 
P3Approach3 608044 1248278 1528144 2785062 4116652 8209028 18608198 21649884 9357054 2597026 953564 443766 
P3Approach4 542376 606542 923690 2134120 4021740 8913126 20644815 24182155 9252215 2431187 900249 767398 
P3Approach5 545048 609530 928240 2144633 4041551 8957033 20746513 24301279 9297793 2443163 904684 771178 
P3Approach6 467566 567699 864537 2102581 3962305 8781405 20339719 23824783 9115483 2395258 886945 756057 
P3Approach7 523674 597578 910039 2523097 4041551 8957033 20746513 24301279 9297793 2443163 886945 771178 
P3Approach8 691953 1927463 2178443 3640920 4484548 8018485 17720510 20448734 10078557 2938733 1020183 138049 
P3Approach9 695362 1936958 2189174 3536894 4356418 7789385 17214210 19864485 9790599 2854769 1020183 134104 
P3Approach10 596511 1804029 2038937 3294166 4057448 7254819 16032842 18501236 9118695 2658853 1019163 124901 
P3Approach11 668092 1898978 2146249 3467543 4270998 7636652 16876676 19474985 9598626 2798793 1020183 131475 
P3Approach12 534361 609530 928240 2249762 3962305 8781405 20339719 23824783 9115483 2395258 886945 756057 
P3Approach13 681727 1936958 2189174 3710271 4270998 7636652 16876676 19474985 9598626 2798793 1020183 131475 
P3Approach14 608044 1273244 1558707 2980016 4116652 8209028 18608198 21649884 9357054 2597026 953564 443766 
P3Approach15 542376 618673 942164 2283508 4021740 8913126 20644815 24182155 9252215 2431187 900249 767398 
P3Approach16 467566 579053 881828 2249762 3962305 8781405 20339719 23824783 9115483 2395258 886945 756057 
P3Approach17 523674 609530 928240 2699714 4041551 8957033 20746513 24301279 9297793 2443163 886945 771178 
P3Approach18 691953 1975650 2232904 3913989 4484548 8018485 17720510 20448734 10078557 2938733 1020183 138049 
P3Approach19 695362 1985382 2243903 3802161 4356418 7789385 17214210 19864485 9790599 2854769 1020183 134104 
P3Approach20 608044 1279484 1566347 2993942 4116652 8209028 18608198 21649884 9357054 2597026 953564 443766 
DE
P3Approach1 18328668 22269906 25886727 32202482 37813665 38327813 46084340 49758784 39328723 35794066 24352534 23329663 
P3Approach2 19424527 22342450 27331082 32017819 37651230 38278303 46320062 49793052 39434151 35666035 24590522 23616258 
P3Approach3 18876598 22306178 26608904 32110150 37732448 38303058 46202201 49775918 39381437 35730050 24471528 23472960 
P3Approach4 18603598 22603955 26275028 32685519 38380870 38902730 46775605 50505166 39918654 36330977 24717822 23679608 
P3Approach5 18695241 22715304 26404462 32846532 38569938 39094369 47006027 50753960 40115297 36509947 24839585 23796256 
P3Approach6 16037584 21156411 24592391 32202482 37813665 38327813 46084340 49758784 39328723 35794066 24352534 23329663 
P3Approach7 17962095 22269906 25886727 38642978 38569938 39094369 47006027 50753960 40115297 36509947 24352534 23796256 
P3Approach8 19715895 22677587 27741048 33618710 39533792 40192218 48636065 52282705 41405859 37449337 24590522 24797071 
P3Approach9 19813018 22789299 27877704 32658175 38404255 39043869 47246463 50788913 40222834 36379356 24590522 24088583 
P3Approach10 16996461 21225328 25964528 30416928 35768668 36364388 44004059 47303399 37462443 33882733 24565931 22435445 
P3Approach11 19036036 22342450 27331082 32017819 37651230 38278303 46320062 49793052 39434151 35666035 24590522 23616258 
P3Approach12 18328668 22715304 26404462 34456656 37813665 38327813 46084340 49758784 39328723 35794066 24352534 23329663 
P3Approach13 19424527 22789299 27877704 34259066 37651230 38278303 46320062 49793052 39434151 35666035 24590522 23616258 
P3Approach14 18876598 22752302 27141082 34357860 37732448 38303058 46202201 49775918 39381437 35730050 24471528 23472960 
P3Approach15 18603598 23056034 26800529 34973505 38380870 38902730 46775605 50505166 39918654 36330977 24717822 23679608 
P3Approach16 16037584 21579539 25084239 34456656 37813665 38327813 46084340 49758784 39328723 35794066 24352534 23329663 
P3Approach17 17962095 22715304 26404462 41347986 38569938 39094369 47006027 50753960 40115297 36509947 24352534 23796256 
P3Approach18 19715895 23244527 28434574 36140113 39533792 40192218 48636065 52282705 41405859 37449337 24590522 24797071 
P3Approach19 19813018 23359031 28574647 35107538 38404255 39043869 47246463 50788913 40222834 36379356 24590522 24088583 
P3Approach20 18876598 22863832 27274126 34518411 37732448 38303058 46202201 49775918 39381437 35730050 24471528 23472960 
HU
P3Approach1 1344822 1431473 1723074 2101075 2038142 2863242 4408564 4590358 2428468 2199296 1713964 1693277 
P3Approach2 1321732 1390564 1703938 2080725 2015480 2832499 4393841 4565147 2440404 2248870 1735085 1729961 
P3Approach3 1333277 1411018 1713506 2090900 2026811 2847870 4401202 4577752 2434436 2224083 1724524 1711619 
P3Approach4 1364994 1452945 1748920 2132591 2068714 2906191 4474692 4659213 2464895 2232285 1739673 1718676 
P3Approach5 1371718 1460102 1757535 2143096 2078905 2920507 4496735 4682165 2477037 2243282 1748243 1727143 
P3Approach6 1176719 1359899 1636920 2101075 2038142 2863242 4408564 4590358 2428468 2199296 1713964 1693277 
P3Approach7 1317926 1431473 1723074 2521290 2078905 2920507 4496735 4682165 2477037 2243282 1713964 1727143 
P3Approach8 1341558 1411422 1729497 2184761 2116254 2974124 4613533 4793404 2562424 2361314 1735085 1816459 
P3Approach9 1348167 1418375 1738017 2122340 2055790 2889149 4481718 4656450 2489212 2293847 1735085 1764560 
P3Approach10 1156516 1321036 1618741 1976689 1914706 2690874 4174149 4336890 2318384 2136426 1733350 1643463 
P3Approach11 1295297 1390564 1703938 2080725 2015480 2832499 4393841 4565147 2440404 2248870 1735085 1729961 
P3Approach12 1344822 1460102 1757535 2248150 2038142 2863242 4408564 4590358 2428468 2199296 1713964 1693277 
P3Approach13 1321732 1418375 1738017 2226376 2015480 2832499 4393841 4565147 2440404 2248870 1735085 1729961 
P3Approach14 1333277 1439238 1747776 2237263 2026811 2847870 4401202 4577752 2434436 2224083 1724524 1711619 
P3Approach15 1364994 1482004 1783898 2281872 2068714 2906191 4474692 4659213 2464895 2232285 1739673 1718676 
P3Approach16 1176719 1387097 1669658 2248150 2038142 2863242 4408564 4590358 2428468 2199296 1713964 1693277 
P3Approach17 1317926 1460102 1757535 2697780 2078905 2920507 4496735 4682165 2477037 2243282 1713964 1727143 
P3Approach18 1341558 1446708 1772734 2348618 2116254 2974124 4613533 4793404 2562424 2361314 1735085 1816459 
P3Approach19 1348167 1453834 1781467 2281516 2055790 2889149 4481718 4656450 2489212 2293847 1735085 1764560 
P3Approach20 1333277 1446293 1756343 2247718 2026811 2847870 4401202 4577752 2434436 2224083 1724524 1711619 
FI
P3Approach1 1442357 1575308 1731428 1512874 1471042 1878113 2369042 1945971 1712598 1451144 1445245 1541121 
P3Approach2 1438615 1682366 1742308 1533727 1475622 1865290 2473789 2000627 1782467 1537665 1468931 1519616 
P3Approach3 1440486 1628837 1736868 1523300 1473332 1871702 2421416 1973299 1747532 1494404 1457088 1530368 
P3Approach4 1463992 1598938 1757399 1535567 1493108 1906285 2404578 1975161 1738287 1472911 1466924 1564238 
P3Approach5 1471204 1606814 1766057 1543131 1500463 1915675 2416423 1984890 1746850 1480167 1474150 1571943 
P3Approach6 1262062 1496543 1644857 1512874 1471042 1878113 2369042 1945971 1712598 1451144 1445245 1541121 
P3Approach7 1413510 1575308 1731428 1815449 1500463 1915675 2416423 1984890 1746850 1480167 1445245 1571943 
P3Approach8 1460194 1707601 1768443 1610413 1549403 1958554 2597478 2100658 1871590 1614548 1468931 1595597 
P3Approach9 1467387 1716013 1777154 1564402 1505134 1902596 2523265 2040640 1818116 1568418 1468931 1550008 
P3Approach10 1258788 1598248 1655193 1457041 1401841 1772026 2350100 1900596 1693344 1460782 1467462 1443635 
P3Approach11 1409843 1682366 1742308 1533727 1475622 1865290 2473789 2000627 1782467 1537665 1468931 1519616 
P3Approach12 1442357 1606814 1766057 1618775 1471042 1878113 2369042 1945971 1712598 1451144 1445245 1541121 
P3Approach13 1438615 1716013 1777154 1641088 1475622 1865290 2473789 2000627 1782467 1537665 1468931 1519616 
P3Approach14 1440486 1661414 1771605 1629931 1473332 1871702 2421416 1973299 1747532 1494404 1457088 1530368 
P3Approach15 1463992 1630917 1792547 1643057 1493108 1906285 2404578 1975161 1738287 1472911 1466924 1564238 
P3Approach16 1262062 1526474 1677754 1618775 1471042 1878113 2369042 1945971 1712598 1451144 1445245 1541121 
P3Approach17 1413510 1606814 1766057 1942530 1500463 1915675 2416423 1984890 1746850 1480167 1445245 1571943 
P3Approach18 1460194 1750291 1812654 1731194 1549403 1958554 2597478 2100658 1871590 1614548 1468931 1595597 
P3Approach19 1467387 1758913 1821583 1681732 1505134 1902596 2523265 2040640 1818116 1568418 1468931 1550008 
P3Approach20 1440486 1669557 1780289 1637548 1473332 1871702 2421416 1973299 1747532 1494404 1457088 1530368 
NL
P3Approach1 4821581 5439206 6036347 9058751 11002743 11785841 14488557 17204211 9034785 8770353 5904012 5767472 
P3Approach2 4470551 5301029 5985331 9069101 11017069 11524934 14840912 17289594 8835247 8654348 6746140 6868706 
P3Approach3 4646066 5370118 6010839 9063926 11009906 11655388 14664734 17246902 8935016 8712350 6325076 6318089 
P3Approach4 4893905 5520794 6126892 9194632 11167784 11962629 14705885 17462274 9170307 8901908 5992572 5853984 
P3Approach5 4918013 5547990 6157074 9239926 11222798 12021558 14778328 17548295 9215481 8945760 6022092 5882821 
P3Approach6 4218883 5167246 5734530 9058751 11002743 11785841 14488557 17204211 9034785 8770353 5904012 5767472 
P3Approach7 4725149 5439206 6036347 10870501 11222798 12021558 14778328 17548295 9215481 8945760 5904012 5882821 
P3Approach8 4537609 5380544 6075111 9522556 11567922 12101181 15582958 18154074 9277009 9087065 6746140 7212141 
P3Approach9 4559962 5407050 6105038 9250483 11237410 11755433 15137730 17635386 9011952 8827435 6746140 7006080 
P3Approach10 3911732 5035978 5686064 8615646 10466216 10948687 14098866 16425114 8393485 8221631 6739394 6525271 
P3Approach11 4381140 5301029 5985331 9069101 11017069 11524934 14840912 17289594 8835247 8654348 6746140 6868706 
P3Approach12 4821581 5547990 6157074 9692864 11002743 11785841 14488557 17204211 9034785 8770353 5904012 5767472 
P3Approach13 4470551 5407050 6105038 9703938 11017069 11524934 14840912 17289594 8835247 8654348 6746140 6868706 
P3Approach14 4646066 5477520 6131056 9698401 11009906 11655388 14664734 17246902 8935016 8712350 6325076 6318089 
P3Approach15 4893905 5631210 6249430 9838256 11167784 11962629 14705885 17462274 9170307 8901908 5992572 5853984 
P3Approach16 4218883 5270591 5849221 9692864 11002743 11785841 14488557 17204211 9034785 8770353 5904012 5767472 
P3Approach17 4725149 5547990 6157074 11631436 11222798 12021558 14778328 17548295 9215481 8945760 5904012 5882821 
P3Approach18 4537609 5515058 6226989 10236748 11567922 12101181 15582958 18154074 9277009 9087065 6746140 7212141 
P3Approach19 4559962 5542226 6257664 9944269 11237410 11755433 15137730 17635386 9011952 8827435 6746140 7006080 
P3Approach20 4646066 5504370 6161109 9743720 11009906 11655388 14664734 17246902 8935016 8712350 6325076 6318089 
PT
P3Approach1 2650195 3096218 3833464 4823999 5334024 5801002 6950024 8126977 6531347 5788467 3466727 2879110 
P3Approach2 2636790 3076542 3896929 4907346 5390224 5789379 7087680 8417045 6520176 5761384 3429157 3111909 
P3Approach3 2643492 3086380 3865196 4865672 5362124 5795190 7018852 8272011 6525762 5774926 3447942 2995510 
P3Approach4 2689948 3142661 3890966 4896359 5414034 5888017 7054274 8248882 6629317 5875294 3518728 2922297 
P3Approach5 2703199 3158142 3910133 4920479 5440704 5917022 7089024 8289517 6661974 5904236 3536062 2936692 
P3Approach6 2318921 2941407 3641791 4823999 5334024 5801002 6950024 8126977 6531347 5788467 3466727 2879110 
P3Approach7 2597191 3096218 3833464 5788799 5440704 5917022 7089024 8289517 6661974 5904236 3466727 2936692 
P3Approach8 2676342 3122690 3955383 5152713 5659735 6078848 7442064 8837897 6846185 6049453 3429157 3267504 
P3Approach9 2689526 3138073 3974868 5005493 5498028 5905167 7229434 8585386 6650580 5876612 3429157 3174147 
P3Approach10 2307191 2922715 3702083 4661979 5120713 5499910 6733296 7996193 6194167 5473315 3425728 2956314 
P3Approach11 2584054 3076542 3896929 4907346 5390224 5789379 7087680 8417045 6520176 5761384 3429157 3111909 
P3Approach12 2650195 3158142 3910133 5161679 5334024 5801002 6950024 8126977 6531347 5788467 3466727 2879110 
P3Approach13 2636790 3138073 3974868 5250860 5390224 5789379 7087680 8417045 6520176 5761384 3429157 3111909 
P3Approach14 2643492 3148108 3942500 5206269 5362124 5795190 7018852 8272011 6525762 5774926 3447942 2995510 
P3Approach15 2689948 3205514 3968785 5239104 5414034 5888017 7054274 8248882 6629317 5875294 3518728 2922297 
P3Approach16 2318921 3000235 3714627 5161679 5334024 5801002 6950024 8126977 6531347 5788467 3466727 2879110 
P3Approach17 2597191 3158142 3910133 6194015 5440704 5917022 7089024 8289517 6661974 5904236 3466727 2936692 
P3Approach18 2676342 3200757 4054268 5539166 5659735 6078848 7442064 8837897 6846185 6049453 3429157 3267504 
P3Approach19 2689526 3216525 4074240 5380905 5498028 5905167 7229434 8585386 6650580 5876612 3429157 3174147 
P3Approach20 2643492 3163539 3961825 5230597 5362124 5795190 7018852 8272011 6525762 5774926 3447942 2995510 
LV
P3Approach1 247260 243390 273133 313506 379124 433610 565083 535340 391430 353661 270741 283445 
P3Approach2 247679 246520 275731 317600 376003 438322 587638 547131 372681 342966 281647 276470 
P3Approach3 247470 244955 274432 315553 377564 435966 576360 541236 382056 348314 276194 279958 
P3Approach4 250969 247041 277230 318209 384811 440114 573559 543370 397301 358966 274802 287697 
P3Approach5 252205 248258 278596 319776 386706 442282 576385 546047 399259 360734 276156 289114 
P3Approach6 216352 231220 259476 313506 379124 433610 565083 535340 391430 353661 270741 283445 
P3Approach7 242315 243390 273133 376207 386706 442282 576385 546047 399259 360734 270741 289114 
P3Approach8 251394 250218 279867 333480 394803 460238 617020 574488 391315 360114 281647 290294 
P3Approach9 252633 251450 281246 323952 383523 447088 599391 558074 380135 349825 281647 281999 
P3Approach10 216719 234194 261944 301720 357203 416406 558256 519774 354047 325818 281365 262646 
P3Approach11 242725 246520 275731 317600 376003 438322 587638 547131 372681 342966 281647 276470 
P3Approach12 247260 248258 278596 335451 379124 433610 565083 535340 391430 353661 270741 283445 
P3Approach13 247679 251450 281246 339832 376003 438322 587638 547131 372681 342966 281647 276470 
P3Approach14 247470 249854 279921 337642 377564 435966 576360 541236 382056 348314 276194 279958 
P3Approach15 250969 251982 282775 340484 384811 440114 573559 543370 397301 358966 274802 287697 
P3Approach16 216352 235844 264666 335451 379124 433610 565083 535340 391430 353661 270741 283445 
P3Approach17 242315 248258 278596 402541 386706 442282 576385 546047 399259 360734 270741 289114 
P3Approach18 251394 256473 286864 358491 394803 460238 617020 574488 391315 360114 281647 290294 
P3Approach19 252633 257736 288277 348248 383523 447088 599391 558074 380135 349825 281647 281999 
P3Approach20 247470 251078 281292 339219 377564 435966 576360 541236 382056 348314 276194 279958 
EU28
P3Approach1 130528329 149090473 162527340 196498104 241816840 297524896 435983754 490004550 282408075 212143574 134646970 143940944 
P3Approach2 127385019 147269714 163405039 196526782 241919041 298616735 435757222 357981121 251020390 177407180 134437050 139373647 
P3Approach3 128956674 148180094 162966190 196512443 241867940 298070816 435870488 423992836 266714232 194775377 134542010 141657296 
P3Approach4 132486254 151326830 164965250 199445576 245444093 301987769 442523510 497354618 286644196 215325728 136666675 146100058 
P3Approach5 133138896 152072282 165777887 200428066 246653177 303475394 444703429 499804641 288056236 216386445 137339909 146819763 
P3Approach6 114212288 141635949 154400973 196498104 241816840 297524896 435983754 490004550 282408075 212143574 134646970 143940944 
P3Approach7 127917762 149090473 162527340 235797725 246653177 303475394 444703429 499804641 288056236 216386445 134646970 146819763 
P3Approach8 129295794 149478760 165856115 206353121 254014993 313547572 457545083 375880177 263571410 186277539 134437050 146342329 
P3Approach9 129932719 150215108 166673140 200457318 246757422 304589070 444472366 365140743 256040798 180955324 134437050 142161120 
P3Approach10 111461892 139906228 155234787 186700443 229823089 283685898 413969361 340082065 238469370 168536821 134302613 132404965 
P3Approach11 124837319 147269714 163405039 196526782 241919041 298616735 435757222 357981121 251020390 177407180 134437050 139373647 
P3Approach12 130528329 152072282 165777887 210252971 241816840 297524896 435983754 490004550 282408075 212143574 134646970 143940944 
P3Approach13 127385019 150215108 166673140 210283657 241919041 298616735 435757222 357981121 251020390 177407180 134437050 139373647 
P3Approach14 128956674 151143696 166225514 210268314 241867940 298070816 435870488 423992836 266714232 194775377 134542010 141657296 
P3Approach15 132486254 154353367 168264555 213406766 245444093 301987769 442523510 497354618 286644196 215325728 136666675 146100058 
P3Approach16 114212288 144468668 157488992 210252971 241816840 297524896 435983754 490004550 282408075 212143574 134646970 143940944 
P3Approach17 127917762 152072282 165777887 252303566 246653177 303475394 444703429 499804641 288056236 216386445 134646970 146819763 
P3Approach18 129295794 153215729 170002518 221829605 254014993 313547572 457545083 375880177 263571410 186277539 134437050 146342329 
P3Approach19 129932719 153970486 170839968 215491617 246757422 304589070 444472366 365140743 256040798 180955324 134437050 142161120 
P3Approach20 128956674 151884596 167040344 211250876 241867940 298070816 435870488 423992836 266714232 194775377 134542010 141657296 
LT
P3Approach1 310120 307819 393396 441752 578228 688098 932316 904510 523287 458753 413588 405455 
P3Approach2 275211 332520 411247 463007 527261 639484 836743 800057 510601 464707 403350 400253 
P3Approach3 292666 320170 402322 452380 552744 663791 884530 852284 516944 461730 408469 402854 
P3Approach4 314772 312436 399297 448378 586901 698419 946301 918078 531136 465634 419792 411537 
P3Approach5 316322 313975 401264 450587 589793 701860 950962 922600 533753 467928 421860 413564 
P3Approach6 271355 292428 373726 441752 578228 688098 932316 904510 523287 458753 413588 405455 
P3Approach7 303918 307819 393396 530102 589793 701860 950962 922600 533753 467928 413588 413564 
P3Approach8 279339 337508 417416 486157 553624 671458 878580 840060 536131 487942 403350 420266 
P3Approach9 280715 339170 419472 472267 537806 652274 853478 816058 520813 474001 403350 408258 
P3Approach10 240810 315894 390685 439857 500898 607510 794906 760054 485071 441472 402947 380240 
P3Approach11 269707 332520 411247 463007 527261 639484 836743 800057 510601 464707 403350 400253 
P3Approach12 310120 313975 401264 472675 578228 688098 932316 904510 523287 458753 413588 405455 
P3Approach13 275211 339170 419472 495417 527261 639484 836743 800057 510601 464707 403350 400253 
P3Approach14 292666 326573 410368 484047 552744 663791 884530 852284 516944 461730 408469 402854 
P3Approach15 314772 318685 407283 479764 586901 698419 946301 918078 531136 465634 419792 411537 
P3Approach16 271355 298277 381201 472675 578228 688098 932316 904510 523287 458753 413588 405455 
P3Approach17 303918 313975 401264 567209 589793 701860 950962 922600 533753 467928 413588 413564 
P3Approach18 279339 345946 427851 522619 553624 671458 878580 840060 536131 487942 403350 420266 
P3Approach19 280715 347649 429959 507687 537806 652274 853478 816058 520813 474001 403350 408258 
P3Approach20 292666 328174 412380 486308 552744 663791 884530 852284 516944 461730 408469 402854 
RO
P3Approach1 1209197 1296428 1390313 1533506 1954968 2421966 3933570 4312824 2530442 2156816 1876843 1557853 
P3Approach2 1217887 1320375 1416115 1539473 1967970 2424207 3927216 4306559 2535778 2167680 1890249 1567353 
P3Approach3 1213542 1308402 1403214 1536490 1961469 2423086 3930393 4309692 2533110 2162248 1883546 1562603 
P3Approach4 1227335 1315874 1411168 1556509 1984293 2458295 3992574 4377516 2568399 2189168 1904996 1581221 
P3Approach5 1233381 1322357 1418119 1564176 1994067 2470405 4012241 4399080 2581051 2199952 1914380 1589010 
P3Approach6 1058047 1231607 1320797 1533506 1954968 2421966 3933570 4312824 2530442 2156816 1876843 1557853 
P3Approach7 1185013 1296428 1390313 1840207 1994067 2470405 4012241 4399080 2581051 2199952 1876843 1589010 
P3Approach8 1236155 1340181 1437357 1616447 2066368 2545417 4123577 4521887 2662567 2276064 1890249 1645721 
P3Approach9 1242245 1346782 1444437 1570262 2007329 2472691 4005760 4392690 2586494 2211034 1890249 1598700 
P3Approach10 1065651 1254356 1345309 1462499 1869572 2302997 3730855 4091231 2408989 2059296 1888359 1488985 
P3Approach11 1193529 1320375 1416115 1539473 1967970 2424207 3927216 4306559 2535778 2167680 1890249 1567353 
P3Approach12 1209197 1322357 1418119 1640851 1954968 2421966 3933570 4312824 2530442 2156816 1876843 1557853 
P3Approach13 1217887 1346782 1444437 1647236 1967970 2424207 3927216 4306559 2535778 2167680 1890249 1567353 
P3Approach14 1213542 1334570 1431278 1644044 1961469 2423086 3930393 4309692 2533110 2162248 1883546 1562603 
P3Approach15 1227335 1342191 1439391 1665465 1984293 2458295 3992574 4377516 2568399 2189168 1904996 1581221 
P3Approach16 1058047 1256239 1347213 1640851 1954968 2421966 3933570 4312824 2530442 2156816 1876843 1557853 
P3Approach17 1185013 1322357 1418119 1969021 1994067 2470405 4012241 4399080 2581051 2199952 1876843 1589010 
P3Approach18 1236155 1373686 1473291 1737681 2066368 2545417 4123577 4521887 2662567 2276064 1890249 1645721 
P3Approach19 1242245 1380452 1480548 1688032 2007329 2472691 4005760 4392690 2586494 2211034 1890249 1598700 
P3Approach20 1213542 1341112 1438294 1651727 1961469 2423086 3930393 4309692 2533110 2162248 1883546 1562603 
PL
P3Approach1 4220130 4834938 4718652 5058854 6265982 7449211 11245915 10995141 7308282 6467876 5296279 4742954 
P3Approach2 4259589 4874116 4717546 5058577 6267277 7438671 11187129 10939748 7287480 6383503 5278620 4811006 
P3Approach3 4239860 4854527 4718099 5058716 6266630 7443941 11216522 10967444 7297881 6425690 5287450 4776980 
P3Approach4 4283432 4907462 4789432 5134737 6359972 7560949 11414604 11160068 7417906 6564894 5375723 4814098 
P3Approach5 4304533 4931637 4813025 5160031 6391302 7598195 11470833 11215044 7454448 6597234 5402205 4837813 
P3Approach6 3692614 4593191 4482719 5058854 6265982 7449211 11245915 10995141 7308282 6467876 5296279 4742954 
P3Approach7 4135727 4834938 4718652 6070625 6391302 7598195 11470833 11215044 7454448 6597234 5296279 4837813 
P3Approach8 4323483 4947228 4788309 5311506 6580641 7810605 11746485 11486735 7651854 6702678 5278620 5051556 
P3Approach9 4344781 4971598 4811897 5159749 6392623 7587444 11410872 11158543 7433230 6511173 5278620 4907226 
P3Approach10 3727140 4630410 4481669 4805648 5953913 7066737 10627773 10392761 6923106 6064328 5273341 4570456 
P3Approach11 4174397 4874116 4717546 5058577 6267277 7438671 11187129 10939748 7287480 6383503 5278620 4811006 
P3Approach12 4220130 4931637 4813025 5412974 6265982 7449211 11245915 10995141 7308282 6467876 5296279 4742954 
P3Approach13 4259589 4971598 4811897 5412677 6267277 7438671 11187129 10939748 7287480 6383503 5278620 4811006 
P3Approach14 4239860 4951618 4812461 5412826 6266630 7443941 11216522 10967444 7297881 6425690 5287450 4776980 
P3Approach15 4283432 5005611 4885221 5494169 6359972 7560949 11414604 11160068 7417906 6564894 5375723 4814098 
P3Approach16 3692614 4685055 4572373 5412974 6265982 7449211 11245915 10995141 7308282 6467876 5296279 4742954 
P3Approach17 4135727 4931637 4813025 6495569 6391302 7598195 11470833 11215044 7454448 6597234 5296279 4837813 
P3Approach18 4323483 5070909 4908017 5709869 6580641 7810605 11746485 11486735 7651854 6702678 5278620 5051556 
P3Approach19 4344781 5095888 4932194 5546730 6392623 7587444 11410872 11158543 7433230 6511173 5278620 4907226 
P3Approach20 4239860 4975890 4836051 5438120 6266630 7443941 11216522 10967444 7297881 6425690 5287450 4776980 
EE
P3Approach1 328175 342235 378273 417521 504748 619035 880734 733600 481824 503225 404587 437814 
P3Approach2 341023 341874 383134 419952 508932 625901 894361 749302 474391 503314 415703 430066 
P3Approach3 334599 342054 380704 418736 506840 622468 887548 741451 478108 503270 410145 433940 
P3Approach4 333098 347369 383947 423784 512319 628321 893945 744604 489051 510773 410656 444381 
P3Approach5 334738 349080 385838 425871 514843 631416 898349 748272 491460 513290 412679 446570 
P3Approach6 287153 325123 359359 417521 504748 619035 880734 733600 481824 503225 404587 437814 
P3Approach7 321612 342235 378273 501025 514843 631416 898349 748272 491460 513290 404587 446570 
P3Approach8 346138 347002 388881 440950 534379 657196 939079 786767 498111 528480 415703 451569 
P3Approach9 347843 348711 390797 428351 519111 638419 912248 764288 483879 513380 415703 438667 
P3Approach10 298395 324780 363977 398954 483485 594606 849643 711837 450671 478148 415287 408563 
P3Approach11 334203 341874 383134 419952 508932 625901 894361 749302 474391 503314 415703 430066 
P3Approach12 328175 349080 385838 446747 504748 619035 880734 733600 481824 503225 404587 437814 
P3Approach13 341023 348711 390797 449349 508932 625901 894361 749302 474391 503314 415703 430066 
P3Approach14 334599 348895 388318 448048 506840 622468 887548 741451 478108 503270 410145 433940 
P3Approach15 333098 354316 391626 453449 512319 628321 893945 744604 489051 510773 410656 444381 
P3Approach16 287153 331625 366546 446747 504748 619035 880734 733600 481824 503225 404587 437814 
P3Approach17 321612 349080 385838 536097 514843 631416 898349 748272 491460 513290 404587 446570 
P3Approach18 346138 355677 398603 474021 534379 657196 939079 786767 498111 528480 415703 451569 
P3Approach19 347843 357429 400567 460477 519111 638419 912248 764288 483879 513380 415703 438667 
P3Approach20 334599 350605 390221 450141 506840 622468 887548 741451 478108 503270 410145 433940 
IT
P3Approach1 19609591 22638499 21997717 25807249 29757628 46562641 69209806 82109197 41323851 24000949 13844053 16135973 
P3Approach2 18552791 18018009 18699502 24069839 29874068 42377663 60884910 72854308 42160045 23918226 12874706 14743997 
P3Approach3 19081191 20328254 20348610 24938544 29815848 44470152 65047358 77481752 41741948 23959588 13359380 15439985 
P3Approach4 19903735 22978076 22327683 26194358 30203992 47261081 70247953 83340835 41943709 24360963 14051714 16378013 
P3Approach5 20001783 23091269 22437671 26323394 30352781 47493894 70594002 83751381 42150328 24480968 14120934 16458692 
P3Approach6 17158392 21506574 20897831 25807249 29757628 46562641 69209806 82109197 41323851 24000949 13844053 16135973 
P3Approach7 19217399 22638499 21997717 30968699 30352781 47493894 70594002 83751381 42150328 24480968 13844053 16458692 
P3Approach8 18831083 18288279 18979995 25273331 31367771 44496546 63929156 76497023 44268047 25114137 12874706 15481197 
P3Approach9 18923847 18378369 19073492 24551236 30471549 43225216 62102608 74311394 43003246 24396591 12874706 15038877 
P3Approach10 16233692 17117109 17764527 22866347 28380365 40258780 57840664 69211593 40052043 22722315 12861831 14006797 
P3Approach11 18181735 18018009 18699502 24069839 29874068 42377663 60884910 72854308 42160045 23918226 12874706 14743997 
P3Approach12 19609591 23091269 22437671 27613756 29757628 46562641 69209806 82109197 41323851 24000949 13844053 16135973 
P3Approach13 18552791 18378369 19073492 25754728 29874068 42377663 60884910 72854308 42160045 23918226 12874706 14743997 
P3Approach14 19081191 20734819 20755582 26684242 29815848 44470152 65047358 77481752 41741948 23959588 13359380 15439985 
P3Approach15 19903735 23437638 22774237 28027963 30203992 47261081 70247953 83340835 41943709 24360963 14051714 16378013 
P3Approach16 17158392 21936705 21315788 27613756 29757628 46562641 69209806 82109197 41323851 24000949 13844053 16135973 
P3Approach17 19217399 23091269 22437671 33136508 30352781 47493894 70594002 83751381 42150328 24480968 13844053 16458692 
P3Approach18 18831083 18745486 19454495 27168831 31367771 44496546 63929156 76497023 44268047 25114137 12874706 15481197 
P3Approach19 18923847 18837828 19550329 26392579 30471549 43225216 62102608 74311394 43003246 24396591 12874706 15038877 
P3Approach20 19081191 20836460 20857325 26808935 29815848 44470152 65047358 77481752 41741948 23959588 13359380 15439985 
CZ
P3Approach1 2856977 3416888 3333436 3513547 4157666 4610060 6879536 6917826 4557453 3774964 2941030 2952320 
P3Approach2 2844631 3398999 3323847 3508256 4174029 4624225 6613705 6757349 4685683 3832069 2857201 2840998 
P3Approach3 2850804 3407944 3328642 3510902 4165848 4617142 6746620 6837588 4621568 3803516 2899116 2896659 
P3Approach4 2899832 3468141 3383438 3566250 4220031 4679211 6982729 7021593 4625815 3831588 2985145 2996605 
P3Approach5 2914117 3485226 3400105 3583818 4240819 4702261 7017127 7056183 4648602 3850463 2999851 3011366 
P3Approach6 2499855 3246044 3166764 3513547 4157666 4610060 6879536 6917826 4557453 3774964 2941030 2952320 
P3Approach7 2799837 3416888 3333436 4216256 4240819 4702261 7017127 7056183 4648602 3850463 2941030 3011366 
P3Approach8 2887300 3449984 3373705 3683669 4382730 4855436 6944390 7095216 4919967 4023672 2857201 2983048 
P3Approach9 2901524 3466979 3390324 3578421 4257510 4716710 6745979 6892496 4779397 3908710 2857201 2897818 
P3Approach10 2489052 3229049 3157655 3332843 3965328 4393014 6283020 6419482 4451399 3640466 2854344 2698948 
P3Approach11 2787738 3398999 3323847 3508256 4174029 4624225 6613705 6757349 4685683 3832069 2857201 2840998 
P3Approach12 2856977 3485226 3400105 3759495 4157666 4610060 6879536 6917826 4557453 3774964 2941030 2952320 
P3Approach13 2844631 3466979 3390324 3753834 4174029 4624225 6613705 6757349 4685683 3832069 2857201 2840998 
P3Approach14 2850804 3476103 3395215 3756665 4165848 4617142 6746620 6837588 4621568 3803516 2899116 2896659 
P3Approach15 2899832 3537504 3451107 3815888 4220031 4679211 6982729 7021593 4625815 3831588 2985145 2996605 
P3Approach16 2499855 3310965 3230099 3759495 4157666 4610060 6879536 6917826 4557453 3774964 2941030 2952320 
P3Approach17 2799837 3485226 3400105 4511394 4240819 4702261 7017127 7056183 4648602 3850463 2941030 3011366 
P3Approach18 2887300 3536234 3458048 3959944 4382730 4855436 6944390 7095216 4919967 4023672 2857201 2983048 
P3Approach19 2901524 3553653 3475082 3846803 4257510 4716710 6745979 6892496 4779397 3908710 2857201 2897818 
P3Approach20 2850804 3493142 3411858 3774220 4165848 4617142 6746620 6837588 4621568 3803516 2899116 2896659 
CY
P3Approach1 266509 331333 463370 870346 1598146 1826365 2160447 2268822 1891661 1447926 562375 276424 
P3Approach2 298215 362477 524825 925052 1632592 1856220 2135733 2126172 1898749 1514069 599188 283345 
P3Approach3 282362 346905 494098 897699 1615369 1841292 2148090 2197497 1895205 1480998 580782 279884 
P3Approach4 270507 336303 470321 883401 1622118 1853760 2192854 2302854 1920036 1469645 570811 280570 
P3Approach5 271839 337960 472637 887753 1630109 1862892 2203656 2314198 1929494 1476885 573622 281952 
P3Approach6 233195 314766 440202 870346 1598146 1826365 2160447 2268822 1891661 1447926 562375 276424 
P3Approach7 261179 331333 463370 1044415 1630109 1862892 2203656 2314198 1929494 1476885 562375 281952 
P3Approach8 302688 367914 532697 971305 1714222 1949031 2242520 2232481 1993686 1589772 599188 297512 
P3Approach9 304179 369727 535322 943553 1665244 1893344 2178448 2168695 1936724 1544350 599188 289012 
P3Approach10 260938 344353 498584 878799 1550962 1763409 2028946 2019863 1803812 1438366 598589 269178 
P3Approach11 292251 362477 524825 925052 1632592 1856220 2135733 2126172 1898749 1514069 599188 283345 
P3Approach12 266509 337960 472637 931270 1598146 1826365 2160447 2268822 1891661 1447926 562375 276424 
P3Approach13 298215 369727 535322 989806 1632592 1856220 2135733 2126172 1898749 1514069 599188 283345 
P3Approach14 282362 353843 503980 960538 1615369 1841292 2148090 2197497 1895205 1480998 580782 279884 
P3Approach15 270507 343029 479727 945239 1622118 1853760 2192854 2302854 1920036 1469645 570811 280570 
P3Approach16 233195 321061 449006 931270 1598146 1826365 2160447 2268822 1891661 1447926 562375 276424 
P3Approach17 261179 337960 472637 1117524 1630109 1862892 2203656 2314198 1929494 1476885 562375 281952 
P3Approach18 302688 377112 546014 1044153 1714222 1949031 2242520 2232481 1993686 1589772 599188 297512 
P3Approach19 304179 378970 548705 1014319 1665244 1893344 2178448 2168695 1936724 1544350 599188 289012 
P3Approach20 282362 355577 506450 965026 1615369 1841292 2148090 2197497 1895205 1480998 580782 279884 
AT
P3Approach1 11342202 13411396 11373604 6583145 6548239 9052264 13230230 15312480 9394904 6598621 4400286 9003321 
P3Approach2 11706798 13087031 10913614 6885713 6865593 9501279 13570086 15340205 9391792 6708042 4508622 9097340 
P3Approach3 11524500 13249214 11143609 6734429 6706916 9276772 13400158 15326342 9393348 6653332 4454454 9050330 
P3Approach4 11512335 13612567 11544208 6681892 6646463 9188048 13428683 15542167 9535828 6697600 4466290 9138371 
P3Approach5 11569046 13679624 11601076 6714808 6679204 9233309 13494835 15618730 9582802 6730593 4488292 9183387 
P3Approach6 9924427 12740826 10804924 6583145 6548239 9052264 13230230 15312480 9394904 6598621 4400286 9003321 
P3Approach7 11115358 13411396 11373604 7899774 6679204 9233309 13494835 15618730 9582802 6730593 4400286 9183387 
P3Approach8 11882400 13283336 11077318 7229999 7208873 9976343 14248590 16107215 9861382 7043444 4508622 9552207 
P3Approach9 11940934 13348772 11131886 7023427 7002905 9691305 13841488 15647009 9579628 6842203 4508622 9279287 
P3Approach10 10243448 12432679 10367933 6541427 6522313 9026215 12891582 14573195 8922202 6372640 4504113 8642473 
P3Approach11 11472662 13087031 10913614 6885713 6865593 9501279 13570086 15340205 9391792 6708042 4508622 9097340 
P3Approach12 11342202 13679624 11601076 7043965 6548239 9052264 13230230 15312480 9394904 6598621 4400286 9003321 
P3Approach13 11706798 13348772 11131886 7367713 6865593 9501279 13570086 15340205 9391792 6708042 4508622 9097340 
P3Approach14 11524500 13514198 11366481 7205839 6706916 9276772 13400158 15326342 9393348 6653332 4454454 9050330 
P3Approach15 11512335 13884818 11775092 7149624 6646463 9188048 13428683 15542167 9535828 6697600 4466290 9138371 
P3Approach16 9924427 12995643 11021022 7043965 6548239 9052264 13230230 15312480 9394904 6598621 4400286 9003321 
P3Approach17 11115358 13679624 11601076 8452758 6679204 9233309 13494835 15618730 9582802 6730593 4400286 9183387 
P3Approach18 11882400 13615419 11354251 7772249 7208873 9976343 14248590 16107215 9861382 7043444 4508622 9552207 
P3Approach19 11940934 13682491 11410183 7550184 7002905 9691305 13841488 15647009 9579628 6842203 4508622 9279287 
P3Approach20 11524500 13580444 11422199 7239511 6706916 9276772 13400158 15326342 9393348 6653332 4454454 9050330 
ES
P3Approach1 20469968 22157940 27408157 33691049 38324273 44895881 64851070 75229519 50283053 39234510 24725796 24115075 
P3Approach2 20031129 18953157 28054379 34323136 39106803 45147416 67366606 77290432 49820765 40030019 25370739 24413027 
P3Approach3 20250548 20555548 27731268 34007092 38715538 45021648 66108838 76259976 50051909 39632264 25048268 24264051 
P3Approach4 20777018 22490309 27819279 34196415 38899137 45569319 65823836 76357962 51037299 39823028 25096683 24476801 
P3Approach5 20879367 22601099 27956320 34364870 39090758 45793799 66148091 76734109 51288714 40019200 25220312 24597376 
P3Approach6 17911222 21050043 26037749 33691049 38324273 44895881 64851070 75229519 50283053 39234510 24725796 24115075 
P3Approach7 20060569 22157940 27408157 40429259 39090758 45793799 66148091 76734109 51288714 40019200 24725796 24597376 
P3Approach8 20331596 19237454 28475195 36039293 41062143 47404787 70734936 81154954 52311803 42031520 25370739 25633678 
P3Approach9 20431752 19332220 28615467 35009599 39888939 46050364 68713938 78836241 50817180 40830619 25370739 24901288 
P3Approach10 17527238 18005499 26651660 32606979 37151463 42890045 63998276 73425910 47329727 38028518 25345368 23192376 
P3Approach11 19630506 18953157 28054379 34323136 39106803 45147416 67366606 77290432 49820765 40030019 25370739 24413027 
P3Approach12 20469968 22601099 27956320 36049422 38324273 44895881 64851070 75229519 50283053 39234510 24725796 24115075 
P3Approach13 20031129 19332220 28615467 36725756 39106803 45147416 67366606 77290432 49820765 40030019 25370739 24413027 
P3Approach14 20250548 20966659 28285893 36387588 38715538 45021648 66108838 76259976 50051909 39632264 25048268 24264051 
P3Approach15 20777018 22940115 28375665 36590164 38899137 45569319 65823836 76357962 51037299 39823028 25096683 24476801 
P3Approach16 17911222 21471044 26558504 36049422 38324273 44895881 64851070 75229519 50283053 39234510 24725796 24115075 
P3Approach17 20060569 22601099 27956320 43259307 39090758 45793799 66148091 76734109 51288714 40019200 24725796 24597376 
P3Approach18 20331596 19718390 29187075 38742240 41062143 47404787 70734936 81154954 52311803 42031520 25370739 25633678 
P3Approach19 20431752 19815526 29330854 37635319 39888939 46050364 68713938 78836241 50817180 40830619 25370739 24901288 
P3Approach20 20250548 21069436 28424549 36557624 38715538 45021648 66108838 76259976 50051909 39632264 25048268 24264051 
SK
P3Approach1 881834 959912 1038594 1039722 1085675 1072955 1204621 1309507 1414794 1272220 1011368 847230 
P3Approach2 904530 988303 1007595 1006565 1104872 1100638 1241877 1348587 1368264 1280869 1050686 892348 
P3Approach3 893182 974108 1023094 1023144 1095274 1086796 1223249 1329047 1391529 1276544 1031027 869789 
P3Approach4 895062 974311 1054173 1055318 1101960 1089049 1222690 1329150 1436016 1291303 1026539 859938 
P3Approach5 899471 979110 1059366 1060516 1107388 1094414 1228713 1335697 1443090 1297664 1031595 864175 
P3Approach6 771605 911916 986664 1039722 1085675 1072955 1204621 1309507 1414794 1272220 1011368 847230 
P3Approach7 864197 959912 1038594 1247666 1107388 1094414 1228713 1335697 1443090 1297664 1011368 864175 
P3Approach8 918098 1003128 1022709 1056893 1160116 1155670 1303971 1416016 1436677 1344912 1050686 936965 
P3Approach9 922621 1008069 1027747 1026696 1126969 1122651 1266715 1375559 1395629 1306486 1050686 910195 
P3Approach10 791464 938888 957215 956237 1049628 1045606 1179783 1281158 1299851 1216826 1049635 847731 
P3Approach11 886439 988303 1007595 1006565 1104872 1100638 1241877 1348587 1368264 1280869 1050686 892348 
P3Approach12 881834 979110 1059366 1112503 1085675 1072955 1204621 1309507 1414794 1272220 1011368 847230 
P3Approach13 904530 1008069 1027747 1077025 1104872 1100638 1241877 1348587 1368264 1280869 1050686 892348 
P3Approach14 893182 993590 1043556 1094764 1095274 1086796 1223249 1329047 1391529 1276544 1031027 869789 
P3Approach15 895062 993797 1075256 1129190 1101960 1089049 1222690 1329150 1436016 1291303 1026539 859938 
P3Approach16 771605 930154 1006397 1112503 1085675 1072955 1204621 1309507 1414794 1272220 1011368 847230 
P3Approach17 864197 979110 1059366 1335003 1107388 1094414 1228713 1335697 1443090 1297664 1011368 864175 
P3Approach18 918098 1028206 1048277 1136160 1160116 1155670 1303971 1416016 1436677 1344912 1050686 936965 
P3Approach19 922621 1033271 1053441 1103698 1126969 1122651 1266715 1375559 1395629 1306486 1050686 910195 
P3Approach20 893182 998460 1048671 1099880 1095274 1086796 1223249 1329047 1391529 1276544 1031027 869789 
MT
P3Approach1 433498 517672 636753 797727 857569 935342 1123204 1166021 940478 829067 521747 415314 
P3Approach2 436403 518266 637827 798784 862203 935586 1124161 1167055 943273 837104 537022 413353 
P3Approach3 434950 517969 637290 798256 859886 935464 1123682 1166538 941876 833086 529384 414334 
P3Approach4 440000 525437 646304 809693 870433 949372 1140052 1183511 954585 841503 529573 421544 
P3Approach5 442168 528025 649488 813682 874720 954049 1145668 1189341 959288 845648 532182 423620 
P3Approach6 379311 491788 604915 797727 857569 935342 1123204 1166021 940478 829067 521747 415314 
P3Approach7 424828 517672 636753 957272 874720 954049 1145668 1189341 959288 845648 521747 423620 
P3Approach8 442949 526040 647394 838723 905313 982365 1180369 1225408 990437 878959 537022 434021 
P3Approach9 445131 528631 650584 814760 879447 954298 1146644 1190396 962138 853846 537022 421620 
P3Approach10 381853 492353 605936 758845 819093 888807 1067953 1108702 896109 795249 536485 392685 
P3Approach11 427675 518266 637827 798784 862203 935586 1124161 1167055 943273 837104 537022 413353 
P3Approach12 433498 528025 649488 853568 857569 935342 1123204 1166021 940478 829067 521747 415314 
P3Approach13 436403 528631 650584 854699 862203 935586 1124161 1167055 943273 837104 537022 413353 
P3Approach14 434950 528328 650036 854134 859886 935464 1123682 1166538 941876 833086 529384 414334 
P3Approach15 440000 535946 659230 866372 870433 949372 1140052 1183511 954585 841503 529573 421544 
P3Approach16 379311 501624 617013 853568 857569 935342 1123204 1166021 940478 829067 521747 415314 
P3Approach17 424828 528025 649488 1024281 874720 954049 1145668 1189341 959288 845648 521747 423620 
P3Approach18 442949 539191 663579 901627 905313 982365 1180369 1225408 990437 878959 537022 434021 
P3Approach19 445131 541847 666849 875867 879447 954298 1146644 1190396 962138 853846 537022 421620 
P3Approach20 434950 530918 653222 858125 859886 935464 1123682 1166538 941876 833086 529384 414334 
SI
P3Approach1 567914 634948 613564 692529 795607 1000536 1459720 1727098 940396 771237 562619 642193 
P3Approach2 564274 629961 608258 689270 792868 996531 1467377 1719995 926204 726451 543375 627130 
P3Approach3 566094 632454 610911 690900 794238 998534 1463548 1723546 933300 748844 552997 634662 
P3Approach4 576433 644472 622767 702917 807541 1015544 1481616 1753004 954502 782806 571058 651826 
P3Approach5 579272 647647 625835 706380 811519 1020547 1488914 1761640 959204 786662 573871 655037 
P3Approach6 496925 603201 582886 692529 795607 1000536 1459720 1727098 940396 771237 562619 642193 
P3Approach7 556556 634948 613564 831035 811519 1020547 1488914 1761640 959204 786662 562619 655037 
P3Approach8 572738 639410 617382 723734 832511 1046358 1540746 1805995 972514 762774 543375 658486 
P3Approach9 575559 642560 620423 703055 808725 1016462 1496725 1754395 944728 740980 543375 639673 
P3Approach10 493740 598463 577845 654806 753225 946704 1394008 1633995 879894 690128 542832 595774 
P3Approach11 552989 629961 608258 689270 792868 996531 1467377 1719995 926204 726451 543375 627130 
P3Approach12 567914 647647 625835 741006 795607 1000536 1459720 1727098 940396 771237 562619 642193 
P3Approach13 564274 642560 620423 737519 792868 996531 1467377 1719995 926204 726451 543375 627130 
P3Approach14 566094 645103 623129 739263 794238 998534 1463548 1723546 933300 748844 552997 634662 
P3Approach15 576433 657361 635222 752121 807541 1015544 1481616 1753004 954502 782806 571058 651826 
P3Approach16 496925 615265 594544 741006 795607 1000536 1459720 1727098 940396 771237 562619 642193 
P3Approach17 556556 647647 625835 889207 811519 1020547 1488914 1761640 959204 786662 562619 655037 
P3Approach18 572738 655395 632817 778014 832511 1046358 1540746 1805995 972514 762774 543375 658486 
P3Approach19 575559 658624 635934 755784 808725 1016462 1496725 1754395 944728 740980 543375 639673 
P3Approach20 566094 648265 626183 742718 794238 998534 1463548 1723546 933300 748844 552997 634662 
SE
P3Approach1 3904651 4376114 4531841 4338499 4712255 5177522 7113248 5881961 4694999 4646157 4235394 3850091 
P3Approach2 3235778 3611204 4509629 4318689 4713412 5109427 7123291 5903615 6095740 4583362 4224170 3871027 
P3Approach3 3570214 3993659 4520735 4328594 4712834 5143474 7118270 5892788 5395370 4614760 4229782 3860559 
P3Approach4 3963221 4441756 4599819 4403576 4782939 5255185 7219947 5970190 4765424 4715849 4298925 3907842 
P3Approach5 3982744 4463636 4622478 4425269 4806500 5281072 7255513 5999600 4788899 4739080 4320102 3927093 
P3Approach6 3416570 4157308 4305249 4338499 4712255 5177522 7113248 5881961 4694999 4646157 4235394 3850091 
P3Approach7 3826558 4376114 4531841 5206199 4806500 5281072 7255513 5999600 4788899 4739080 4235394 3927093 
P3Approach8 3284315 3665372 4577273 4534623 4949083 5364898 7479456 6198796 6400527 4812530 4224170 4064578 
P3Approach9 3300494 3683428 4599822 4405063 4807680 5211616 7265757 6021687 6217655 4675029 4224170 3948448 
P3Approach10 2831306 3430644 4284148 4102755 4477741 4853956 6767126 5608434 5790953 4354194 4219946 3677476 
P3Approach11 3171062 3611204 4509629 4318689 4713412 5109427 7123291 5903615 6095740 4583362 4224170 3871027 
P3Approach12 3904651 4463636 4622478 4642194 4712255 5177522 7113248 5881961 4694999 4646157 4235394 3850091 
P3Approach13 3235778 3683428 4599822 4620997 4713412 5109427 7123291 5903615 6095740 4583362 4224170 3871027 
P3Approach14 3570214 4073532 4611150 4631596 4712834 5143474 7118270 5892788 5395370 4614760 4229782 3860559 
P3Approach15 3963221 4530591 4691815 4711826 4782939 5255185 7219947 5970190 4765424 4715849 4298925 3907842 
P3Approach16 3416570 4240454 4391354 4642194 4712255 5177522 7113248 5881961 4694999 4646157 4235394 3850091 
P3Approach17 3826558 4463636 4622478 5570633 4806500 5281072 7255513 5999600 4788899 4739080 4235394 3927093 
P3Approach18 3284315 3757006 4691705 4874720 4949083 5364898 7479456 6198796 6400527 4812530 4224170 4064578 
P3Approach19 3300494 3775514 4714818 4735443 4807680 5211616 7265757 6021687 6217655 4675029 4224170 3948448 
P3Approach20 3570214 4093500 4633753 4653239 4712834 5143474 7118270 5892788 5395370 4614760 4229782 3860559 
P4
BE
P4Approach1 1550336 1958978 1969799 3105186 2887775 2737639 4597308 4454147 3000641 2958102 2343047 
P4Approach2 1598549 2094942 1856648 3082165 3486377 2835430 4891833 4865062 3253239 2990929 2421954 
P4Approach3 1550336 1958978 1969799 3105186 2887775 2737639 4597308 4454147 3000641 2958102 2343047 
P4Approach4 1798161 2365999 1940624 3147332 3530300 2776095 4998641 4992875 3149468 2901472 2432031 
P4Approach5 1624346 2094725 1934218 3109967 3198057 2771701 4771272 4691558 3100998 2952151 2385020 
P4Approach6 1550336 1958978 1969799 3105186 2887775 2737639 4597308 4454147 3000641 2958102 2343047 
P4Approach7 1598549 2094942 1856648 3082165 3486377 2835430 4891833 4865062 3253239 2990929 2421954 
P4Approach8 1550336 1958978 1969799 3105186 2887775 2737639 4597308 4454147 3000641 2958102 2343047 
P4Approach9 1798161 2365999 1940624 3147332 3530300 2776095 4998641 4992875 3149468 2901472 2432031 
P4Approach10 1624346 2094725 1934218 3109967 3198057 2771701 4771272 4691558 3100998 2952151 2385020 
P4Approach11 1550336 1958978 1969799 3105186 2887775 2737639 4597308 4454147 3000641 2958102 2343047 
P4Approach12 1598549 2094942 1856648 3082165 3486377 2835430 4891833 4865062 3253239 2990929 2421954 
P4Approach13 1550336 1958978 1969799 3105186 2887775 2737639 4597308 4454147 3000641 2958102 2343047 
P4Approach14 1798161 2365999 1940624 3147332 3530300 2776095 4998641 4992875 3149468 2901472 2432031 
P4Approach15 1624346 2094725 1934218 3109967 3198057 2771701 4771272 4691558 3100998 2952151 2385020 
P4Approach16 1550336 1958978 1969799 3105186 2887775 2737639 4597308 4454147 3000641 2958102 2343047 
P4Approach17 1598549 2094942 1856648 3082165 3486377 2835430 4891833 4865062 3253239 2990929 2421954 
P4Approach18 1550336 1958978 1969799 3105186 2887775 2737639 4597308 4454147 3000641 2958102 2343047 
P4Approach19 1798161 2365999 1940624 3147332 3530300 2776095 4998641 4992875 3149468 2901472 2432031 
P4Approach20 1624346 2094725 1934218 3109967 3198057 2771701 4771272 4691558 3100998 2952151 2385020 
FR
P4Approach1 18518855 20592229 23310161 24564279 32654543 38301578 72673574 84697185 35144466 22462773 15532348 
P4Approach2 18318468 20391948 22784262 24507828 34178594 39151671 72216871 85792348 43423439 36691070 29190600 
P4Approach3 18518855 20592229 23310161 24312030 32605496 38392258 72761839 84785160 34938159 22256850 15532348 
P4Approach4 18401016 20450260 22783867 24203774 33963659 38885752 72207522 85456128 43423439 36691070 33801427 
P4Approach5 18439299 20506666 23047113 24396978 33350573 38682815 72464951 85182705 39232376 29525441 23514181 
BG
P4Approach1 734068 670362 682729 878827 1635123 3822791 5700693 5457241 3012811 871712 703647 
P4Approach2 737221 771294 694614 789519 1154331 2847135 4888648 5259448 2871985 1009745 928596 
P4Approach3 734068 671127 682729 878827 1635123 3822791 5700693 5457241 3012811 871712 695614 
P4Approach4 734885 768166 703007 791230 1175339 2938452 4891595 5247072 2877231 1009775 952306 
P4Approach5 735061 720237 690770 834600 1399979 3357793 5295407 5355251 2943709 940736 820041 
DK
P4Approach1 985343 1090922 1619227 2354094 3091838 3361597 6616625 4528018 2475199 1726311 1367430 
P4Approach2 745489 1062008 1920395 1780573 2835387 2784540 5310709 3912414 2391280 1574300 1050714 
P4Approach3 985343 1090922 1619227 2354094 3093910 3359634 6616625 4528018 2475199 1726311 1367430 
P4Approach4 745489 1062008 1920395 1780573 2835387 2784540 5310709 3912414 2391280 1574300 1050714 
P4Approach5 865416 1076465 1769811 2067333 2964131 3072577 5963667 4220216 2433239 1650306 1209072 
HR
P4Approach1 405983 413273 716321 1986049 4578129 7528685 16574704 18254671 9477635 2696762 726454 
P4Approach2 344018 554782 853709 1954066 4198989 8344402 20711999 23968275 9713583 2518293 784182 
P4Approach3 405983 413273 716321 1986049 4578129 7528685 16574704 18254671 9477635 2696762 726454 
P4Approach4 344018 376869 675743 1739834 4026013 8344402 20543795 23763147 9598653 2367789 779587 
P4Approach5 375001 439549 740523 1916499 4345315 7936543 18601300 21060191 9566877 2569901 754169 
DE
P4Approach1 21376965 22830595 24603944 28062146 35069139 37621957 44229337 47023033 39662839 35726172 24958611 
P4Approach2 19834606 21492616 24398510 28845659 36368206 38331788 45329371 48404600 39231512 35671236 24367365 
P4Approach3 21376965 22830595 24603944 28062146 35069139 37621957 44229337 47023033 39662839 35726172 24958611 
P4Approach4 19508812 21140378 24292417 29060125 36335431 38645127 44996744 48580573 39300946 35804899 24368742 
P4Approach5 20524337 22073546 24474704 28507519 35710479 38055207 44696198 47757810 39464534 35732120 24663332 
P4Approach6 21376965 22830595 24603944 28062146 35069139 37621957 44229337 47023033 39662839 35726172 24958611 
P4Approach7 19834606 21492616 24398510 28845659 36368206 38331788 45329371 48404600 39231512 35671236 24367365 
P4Approach8 21376965 22830595 24603944 28062146 35069139 37621957 44229337 47023033 39662839 35726172 24958611 
P4Approach9 19508812 21140378 24292417 29060125 36335431 38645127 44996744 48580573 39300946 35804899 24368742 
P4Approach10 20524337 22073546 24474704 28507519 35710479 38055207 44696198 47757810 39464534 35732120 24663332 
P4Approach16 21376965 22830595 24603944 28062146 35069139 37621957 44229337 47023033 39662839 35726172 24958611 
P4Approach17 19834606 21492616 24398510 28845659 36368206 38331788 45329371 48404600 39231512 35671236 24367365 
P4Approach18 21376965 22830595 24603944 28062146 35069139 37621957 44229337 47023033 39662839 35726172 24958611 
P4Approach19 19508812 21140378 24292417 29060125 36335431 38645127 44996744 48580573 39300946 35804899 24368742 
P4Approach20 20524337 22073546 24474704 28507519 35710479 38055207 44696198 47757810 39464534 35732120 24663332 
HU
P4Approach1 1204670 1221625 1558635 1987743 2253164 2968541 4659738 4858712 2422118 2196908 1693786 
P4Approach2 1318868 1334415 1643760 1969114 2047348 2774720 4420746 4622446 2500928 2278313 1761608 
P4Approach3 1204670 1221625 1558635 1987743 2253164 2968541 4659738 4858712 2422118 2196908 1693786 
P4Approach4 1296816 1295472 1581918 1968257 1968257 2826189 4511292 4637249 2525755 2322879 1820409 
P4Approach5 1256256 1268284 1585737 1978214 2130483 2884498 4562878 4744280 2467730 2248752 1742397 
P4Approach6 1204670 1221625 1558635 1987743 2253164 2968541 4659738 4858712 2422118 2196908 1693786 
P4Approach7 1318868 1334415 1643760 1969114 2047348 2774720 4420746 4622446 2500928 2278313 1761608 
P4Approach8 1204670 1221625 1558635 1987743 2253164 2968541 4659738 4858712 2422118 2196908 1693786 
P4Approach9 1296816 1295472 1581918 1968257 1968257 2826189 4511292 4637249 2525755 2322879 1820409 
P4Approach10 1256256 1268284 1585737 1978214 2130483 2884498 4562878 4744280 2467730 2248752 1742397 
FI
P4Approach1 1304694 1476918 1603919 1366742 1357747 2072560 3008143 2186323 1561424 1412371 1289835 
P4Approach2 1307231 1481184 1635357 1383409 1368589 2081215 3009174 2183578 1568457 1425151 1311799 
P4Approach3 1304694 1476918 1603919 1366742 1357747 2072560 3008143 2186323 1561424 1412371 1291079 
P4Approach4 1308597 1484586 1636688 1383306 1369536 2082565 3008589 2184183 1565826 1425923 1314832 
P4Approach5 1306304 1479901 1619971 1375050 1363405 2077225 3008512 2185102 1564283 1418954 1301886 
P4Approach6 1304694 1476918 1603919 1366742 1357747 2072560 3008143 2186323 1561424 1412371 1289835 
P4Approach7 1307231 1481184 1635357 1383409 1368589 2081215 3009174 2183578 1568457 1425151 1311799 
P4Approach8 1304694 1476918 1603919 1366742 1357747 2072560 3008143 2186323 1561424 1412371 1291079 
P4Approach9 1308597 1484586 1636688 1383306 1369536 2082565 3008589 2184183 1565826 1425923 1314832 
P4Approach10 1306304 1479901 1619971 1375050 1363405 2077225 3008512 2185102 1564283 1418954 1301886 
NL
P4Approach1 4293752 4632382 5485829 8593695 11341218 11470273 14759452 17384876 9272483 8521496 5458839 
P4Approach2 4486785 4858543 5654639 8294661 11427497 11270748 14747491 17441970 8997223 8619358 5960002 
P4Approach3 4293752 4632382 5485829 8593695 11341218 11470273 14759452 17384876 9272483 8521496 5458839 
P4Approach4 4486785 4858543 5654639 8294661 11427497 11270748 14747491 17441970 8997223 8619358 5941230 
P4Approach5 4390268 4745462 5570234 8444178 11384358 11370510 14753472 17413423 9134853 8570427 5704728 
PT
P4Approach1 2102061 2454773 3590097 4664460 5474931 6028920 7988662 10431071 6877442 4837589 2795690 
P4Approach2 2346433 2615063 3356891 4264181 4966169 5677626 7390369 9571665 6683275 5126238 3109182 
P4Approach3 2102061 2454773 3590097 4749785 5533279 6028920 7988662 10431071 6877442 4837589 2817404 
P4Approach4 2346687 2626358 3390637 4283959 4997401 5688417 7418283 9617232 6664440 5139152 3143926 
P4Approach5 2224311 2537742 3481930 4490596 5242945 5855971 7696494 10012759 6775650 4985142 2966551 
LV
P4Approach1 235639 228270 256795 288242 364946 464649 645751 597283 377189 331019 281884 
P4Approach2 239919 225979 246509 286277 359811 436933 599213 558029 384425 355105 289627 
P4Approach3 233101 228270 253804 288242 364946 464649 645751 597283 377189 331019 281884 
P4Approach4 231283 229888 246981 290622 367906 438358 603695 561387 384145 352133 284097 
P4Approach5 234985 228102 251022 288346 364402 451148 623602 578495 380737 342319 284373 
P4Approach6 235639 228270 256795 288242 364946 464649 645751 597283 377189 331019 281884 
P4Approach7 239919 225979 246509 286277 359811 436933 599213 558029 384425 355105 289627 
P4Approach8 233101 228270 253804 288242 364946 464649 645751 597283 377189 331019 281884 
P4Approach9 231283 229888 246981 290622 367906 438358 603695 561387 384145 352133 284097 
P4Approach10 234985 228102 251022 288346 364402 451148 623602 578495 380737 342319 284373 
P4Approach16 235639 228270 256795 288242 364946 464649 645751 597283 377189 331019 281884 
P4Approach17 239919 225979 246509 286277 359811 436933 599213 558029 384425 355105 289627 
P4Approach18 233101 228270 253804 288242 364946 464649 645751 597283 377189 331019 281884 
P4Approach19 231283 229888 246981 290622 367906 438358 603695 561387 384145 352133 284097 
P4Approach20 234985 228102 251022 288346 364402 451148 623602 578495 380737 342319 284373 
EU28
P4Approach1 125698894 137770631 161053782 190186154 242030866 304098173 475482007 512330204 291654951 203792766 130024565 
P4Approach2 126596094 140384607 153198322 186127882 247880774 293475039 442234291 489752674 283374809 211015216 130867036 
P4Approach3 125698894 137770631 161053782 190186154 242030866 304098173 475482007 512330204 291654951 203792766 130024565 
P4Approach4 126596094 140384607 153198322 186127882 247880774 292154689 442234291 489752674 284657747 211015216 130867036 
P4Approach5 126147494 139077619 157126052 188157018 244955820 298456518 458858149 501041439 287835615 207403991 130445801 
LT
P4Approach1 353350 348085 381093 416901 583187 804131 976812 939452 505130 424355 381801 
P4Approach2 300464 304414 375820 422228 573158 699564 924226 901129 518407 456297 405927 
P4Approach3 353350 348085 381093 416901 583187 804131 976812 939452 505130 424355 381801 
P4Approach4 294597 300414 376460 427391 575938 699116 925188 906497 519789 451605 400147 
P4Approach5 325440 325250 378617 420855 578867 751736 950759 921632 512114 439153 392419 
P4Approach6 353350 348085 381093 416901 583187 804131 976812 939452 505130 424355 381801 
P4Approach7 300464 304414 375820 422228 573158 699564 924226 901129 518407 456297 405927 
P4Approach8 353350 348085 381093 416901 583187 804131 976812 939452 505130 424355 381801 
P4Approach9 294597 300414 376460 427391 575938 699116 925188 906497 519789 451605 400147 
P4Approach10 325440 325250 378617 420855 578867 751736 950759 921632 512114 439153 392419 
RO
P4Approach1 990053 1170052 1329037 1494514 2068686 2617232 3953342 1907962 2287162 1884559 1777313 
P4Approach2 1245766 875851 1064284 1500783 1973491 2439603 3527516 1907962 2494154 2129488 1907660 
P4Approach3 990053 1170052 1329037 1494514 2068686 2617232 3953342 1907962 2287162 1884559 1777313 
P4Approach4 1247122 875851 1064284 1497138 1976496 2424559 3501185 1907962 2514393 2141140 1910259 
P4Approach5 1118249 1022952 1196661 1496737 2021840 2524657 3733846 1907962 2395718 2009936 1843136 
P4Approach6 990053 1170052 1329037 1494514 2068686 2617232 3953342 1907962 2287162 1884559 1777313 
P4Approach7 1245766 875851 1064284 1500783 1973491 2439603 3527516 1907962 2494154 2129488 1907660 
P4Approach8 990053 1170052 1329037 1494514 2068686 2617232 3953342 1907962 2287162 1884559 1777313 
P4Approach9 1247122 875851 1064284 1497138 1976496 2424559 3501185 1907962 2514393 2141140 1910259 
P4Approach10 1118249 1022952 1196661 1496737 2021840 2524657 3733846 1907962 2395718 2009936 1843136 
PL
P4Approach1 4338009 4563166 4520112 4834228 6152376 7098387 10478742 10083767 7385953 6794309 5541587 
P4Approach2 4270867 4600703 4519032 4860028 6213630 7290659 10855375 10569311 7238550 6339083 5290642 
P4Approach3 4338009 4563166 4520112 4834228 6152376 7098387 10478742 10083767 7385953 6794309 5541587 
P4Approach4 4270867 4600703 4519032 4860028 6213630 7290659 10855375 10569311 7333645 6474527 5377548 
P4Approach5 4304438 4581935 4519572 4847128 6183003 7194523 10667058 10326539 7336025 6600557 5437841 
P4Approach6 4338009 4563166 4520112 4834228 6152376 7098387 10478742 10083767 7385953 6794309 5541587 
P4Approach7 4270867 4600703 4519032 4860028 6213630 7290659 10855375 10569311 7238550 6339083 5290642 
P4Approach8 4338009 4563166 4520112 4834228 6152376 7098387 10478742 10083767 7385953 6794309 5541587 
P4Approach9 4270867 4600703 4519032 4860028 6213630 7290659 10855375 10569311 7333645 6474527 5377548 
P4Approach10 4304438 4581935 4519572 4847128 6183003 7194523 10667058 10326539 7336025 6600557 5437841 
EE
P4Approach1 338215 328089 368937 402889 526166 655001 923428 770959 480230 504929 426689 
P4Approach2 336987 329218 366583 396738 513266 639673 899295 750014 500324 539276 438050 
P4Approach3 338215 328089 368937 402889 526166 655001 923428 770959 480230 504929 426689 
P4Approach4 333933 331807 364874 398273 513266 635218 900584 750789 496217 536503 439399 
P4Approach5 336838 329301 367333 400197 519716 646223 911684 760681 489250 521409 432707 
P4Approach6 338215 328089 368937 402889 526166 655001 923428 770959 480230 504929 426689 
P4Approach7 336987 329218 366583 396738 513266 639673 899295 750014 500324 539276 438050 
P4Approach8 338215 328089 368937 402889 526166 655001 923428 770959 480230 504929 426689 
P4Approach9 333933 331807 364874 398273 513266 635218 900584 750789 496217 536503 439399 
P4Approach10 336838 329301 367333 400197 519716 646223 911684 760681 489250 521409 432707 
P4Approach16 338215 328089 368937 402889 526166 655001 923428 770959 480230 504929 426689 
P4Approach17 336987 329218 366583 396738 513266 639673 899295 750014 500324 539276 438050 
P4Approach18 338215 328089 368937 402889 526166 655001 923428 770959 480230 504929 426689 
P4Approach19 333933 331807 364874 398273 513266 635218 900584 750789 496217 536503 439399 
P4Approach20 336838 329301 367333 400197 519716 646223 911684 760681 489250 521409 432707 
IT
P4Approach1 15268353 16236657 18745458 22889284 29530150 47581267 71575174 84373188 41018051 22059494 12409202 
P4Approach2 15228938 17059555 18873358 23104279 29773810 46189777 69659726 82032917 42557229 24101057 13151092 
P4Approach3 15268353 16236657 18745458 22889284 29530150 47581267 71575174 84373188 41018051 22024315 12329726 
P4Approach4 15228938 17059555 18873358 23104279 29773810 46189777 69659726 82032917 42557229 24101057 13151092 
P4Approach5 15248646 16648106 18809408 22996781 29651980 46885522 70617450 83203052 41787640 23071481 12760278 
CZ
P4Approach1 2773280 3169868 3335329 3332905 4102600 4413171 6916372 6847934 4403972 3696351 2821689 
P4Approach2 2772190 3135505 3270148 3289610 4135170 4328276 6730272 6698809 4611275 3800395 2994506 
P4Approach3 2773280 3169868 3335329 3332905 4102600 4413171 6916372 6847934 4403972 3696351 2821689 
P4Approach4 2698611 3056369 3270148 3289610 4135170 4328276 6730272 6698809 4566073 3846711 2994506 
P4Approach5 2754340 3132903 3302739 3311258 4118885 4370723 6823322 6773371 4496323 3759952 2908097 
CY
P4Approach1 200437 308913 490614 774920 1420265 1688384 2105015 2329752 2074100 1636285 741711 
P4Approach2 253322 285116 439831 799320 1616429 1851314 2142843 2274843 1941258 1489977 543207 
P4Approach3 200437 308913 490614 774920 1420265 1688384 2105015 2329752 2074100 1636285 741711 
P4Approach4 246910 293469 435576 793096 1611606 1837545 2208156 2327810 1987161 1548077 581901 
P4Approach5 225276 299103 464159 785564 1517141 1766407 2140257 2315539 2019155 1577656 652133 
AT
P4Approach1 11514894 12935606 10767426 6153703 6498564 8893987 13389251 15618475 9306530 6420926 4181705 
P4Approach2 11459569 13074017 11061983 5874298 6696717 8797593 13498167 15756328 9537765 6709847 4578749 
P4Approach3 11514894 12935606 10767426 6153703 6498564 8893987 13389251 15618475 9306530 6420926 4146895 
P4Approach4 11524957 13008172 10700885 6322422 6693696 9102745 13432998 15672418 9519601 6740546 4590073 
P4Approach5 11503579 12988350 10824430 6126032 6596885 8922078 13427417 15666424 9417607 6573061 4374356 
ES
P4Approach1 19561193 21276283 27610538 32344656 39077758 46815634 63868907 39552777 49292482 36498152 22559435 
P4Approach2 20192506 20347541 26971665 31873015 39481520 45901438 61108700 39552777 49395012 38852828 24275782 
P4Approach3 19561193 21102018 27471011 32080117 38814530 46815634 63868907 39552777 49292482 36498152 22559435 
P4Approach4 20360503 20443804 26278897 31946877 39422435 45885189 60737638 39552777 49395012 38852828 24275782 
P4Approach5 19918849 20792411 27083028 32061166 39199061 46354474 62396038 39552777 49343747 37675490 23417609 
SK
P4Approach1 765939 946313 970883 947018 1159959 1250035 1756674 1909568 1321002 1196754 964307 
P4Approach2 771893 850062 826943 877870 983722 1042493 1280682 1374924 1322285 1271693 1018642 
P4Approach3 765939 946313 987744 963916 1159959 1250035 1756674 1909568 1321002 1196754 964307 
P4Approach4 771893 850062 826943 877870 983722 1042493 1280682 1374924 1322285 1193134 1006824 
P4Approach5 768916 898187 903128 916669 1071841 1146264 1518678 1642246 1321643 1214584 988520 
P4Approach6 765939 946313 970883 947018 1159959 1250035 1756674 1909568 1321002 1196754 964307 
P4Approach7 771893 850062 826943 877870 983722 1042493 1280682 1374924 1322285 1271693 1018642 
P4Approach8 765939 946313 987744 963916 1159959 1250035 1756674 1909568 1321002 1196754 964307 
P4Approach9 771893 850062 826943 877870 983722 1042493 1280682 1374924 1322285 1193134 1006824 
P4Approach10 768916 898187 903128 916669 1071841 1146264 1518678 1642246 1321643 1214584 988520 
MT
P4Approach1 423554 496459 592637 741183 856244 1001743 1179562 1221474 910108 768006 497508 
P4Approach2 404981 465354 595752 764648 859727 940332 1082355 1136144 910310 819118 524208 
P4Approach3 423554 496459 592637 741183 856244 1001743 1179562 1221474 910108 768006 497508 
P4Approach4 404981 465354 588044 753413 851228 935611 1085911 1127198 910310 827357 532400 
P4Approach5 414267 480907 592268 750107 855860 969857 1131847 1176572 910209 795622 512906 
P4Approach6 423554 496459 592637 741183 856244 1001743 1179562 1221474 910108 768006 497508 
P4Approach7 404981 465354 595752 764648 859727 940332 1082355 1136144 910310 819118 524208 
P4Approach8 423554 496459 592637 741183 856244 1001743 1179562 1221474 910108 768006 497508 
P4Approach9 404981 465354 588044 753413 851228 935611 1085911 1127198 910310 827357 532400 
P4Approach10 414267 480907 592268 750107 855860 969857 1131847 1176572 910209 795622 512906 
P4Approach16 423554 496459 592637 741183 856244 1001743 1179562 1221474 910108 768006 497508 
P4Approach17 404981 465354 595752 764648 859727 940332 1082355 1136144 910310 819118 524208 
P4Approach18 423554 496459 592637 741183 856244 1001743 1179562 1221474 910108 768006 497508 
P4Approach19 404981 465354 588044 753413 851228 935611 1085911 1127198 910310 827357 532400 
P4Approach20 414267 480907 592268 750107 855860 969857 1131847 1176572 910209 795622 512906 
SI
P4Approach1 577669 599602 610418 664530 790870 1004598 1475470 1678001 955367 727552 540693 
P4Approach2 569361 605924 585401 655302 798984 988622 1503238 1750469 937990 734515 542142 
P4Approach3 577669 599602 610418 664530 790870 1003311 1475470 1678001 955367 735157 540693 
P4Approach4 564192 597902 583542 655188 794668 990092 1484499 1741649 932551 740753 542311 
P4Approach5 572223 600758 597445 659887 793848 996656 1484670 1712030 945319 734494 541460 
P4Approach6 577669 599602 610418 664530 790870 1004598 1475470 1678001 955367 727552 540693 
P4Approach7 569361 605924 585401 655302 798984 988622 1503238 1750469 937990 734515 542142 
P4Approach8 577669 599602 610418 664530 790870 1003311 1475470 1678001 955367 735157 540693 
P4Approach9 564192 597902 583542 655188 794668 990092 1484499 1741649 932551 740753 542311 
P4Approach10 572223 600758 597445 659887 793848 996656 1484670 1712030 945319 734494 541460 
SE
P4Approach1 2989248 3357141 3682037 3543000 4854035 6045062 11479348 6961839 3264220 2954035 3071685 
P4Approach2 2824647 3130266 3339024 3379559 4653385 5769896 11484839 7800583 4009068 3688940 3200542 
P4Approach3 2989248 3357141 3682037 3543000 4854035 6045062 11479348 6961839 3264220 2954035 3071685 
P4Approach4 2746095 3049055 3254332 3301838 4584400 5691812 11384042 7664526 3900523 3609862 3119896 
P4Approach5 2887310 3223401 3489358 3441850 4736464 5887958 11456894 7347197 3609508 3301718 3115952 
