P3
P4
BE
P4Approach1 1094674 1304653 1520862 1552664 1382999 1557867 1649038 1410419 1407498 1366509 
 (61803.79) (56585.88) (56525.54) (61086.05) (60869.35) (59388.47) (67167.26) (60650.91) (59206.66) (65806.93) 
P4Approach2 1038937 1310662 1570833 1317495 1410425 1583910 1695297 1427793 1429856 1445724 
 (61803.79) (56585.88) (56525.54) (61086.05) (60869.35) (59388.47) (67167.26) (60650.91) (59206.66) (65806.93) 
P4Approach3 1094674 1304653 1520862 1552664 1382999 1557867 1649038 1410419 1407498 1366509 
 (61803.79) (56585.88) (56525.54) (61086.05) (60869.35) (59388.47) (67167.26) (60650.91) (59206.66) (65806.93) 
P4Approach4 1038937 1310662 1568896 1317495 1398186 1576816 1679224 1411494 1410143 1439179 
 (61803.79) (56585.88) (56525.54) (61086.05) (60869.35) (59388.47) (67167.26) (60650.91) (59206.66) (65806.93) 
P4Approach5 1066805 1307658 1545363 1435080 1393652 1569115 1668149 1415031 1413748 1404480 
 (61803.79) (56585.88) (56525.54) (61086.05) (60869.35) (59388.47) (67167.26) (60650.91) (59206.66) (65806.93) 
P4Approach6 1094674 1304653 1520862 1552664 1382999 1557867 1649038 1410419 1407498 1366509 
 (61803.79) (56585.88) (56525.54) (61086.05) (60869.35) (59388.47) (67167.26) (60650.91) (59206.66) (65806.93) 
P4Approach7 1038937 1310662 1570833 1317495 1410425 1583910 1695297 1427793 1429856 1445724 
 (61803.79) (56585.88) (56525.54) (61086.05) (60869.35) (59388.47) (67167.26) (60650.91) (59206.66) (65806.93) 
P4Approach8 1094674 1304653 1520862 1552664 1382999 1557867 1649038 1410419 1407498 1366509 
 (61803.79) (56585.88) (56525.54) (61086.05) (60869.35) (59388.47) (67167.26) (60650.91) (59206.66) (65806.93) 
P4Approach9 1038937 1310662 1568896 1317495 1398186 1576816 1679224 1411494 1410143 1439179 
 (61803.79) (56585.88) (56525.54) (61086.05) (60869.35) (59388.47) (67167.26) (60650.91) (59206.66) (65806.93) 
P4Approach10 1066805 1307658 1545363 1435080 1393652 1569115 1668149 1415031 1413748 1404480 
 (61803.79) (56585.88) (56525.54) (61086.05) (60869.35) (59388.47) (67167.26) (60650.91) (59206.66) (65806.93) 
P4Approach11 1094674 1304653 1520862 1552664 1382999 1557867 1649038 1410419 1407498 1366509 
 (61803.79) (56585.88) (56525.54) (61086.05) (60869.35) (59388.47) (67167.26) (60650.91) (59206.66) (65806.93) 
P4Approach12 1038937 1310662 1570833 1317495 1410425 1583910 1695297 1427793 1429856 1445724 
 (61803.79) (56585.88) (56525.54) (61086.05) (60869.35) (59388.47) (67167.26) (60650.91) (59206.66) (65806.93) 
P4Approach13 1094674 1304653 1520862 1552664 1382999 1557867 1649038 1410419 1407498 1366509 
 (61803.79) (56585.88) (56525.54) (61086.05) (60869.35) (59388.47) (67167.26) (60650.91) (59206.66) (65806.93) 
P4Approach14 1038937 1310662 1568896 1317495 1398186 1576816 1679224 1411494 1410143 1439179 
 (61803.79) (56585.88) (56525.54) (61086.05) (60869.35) (59388.47) (67167.26) (60650.91) (59206.66) (65806.93) 
P4Approach15 1066805 1307658 1545363 1435080 1393652 1569115 1668149 1415031 1413748 1404480 
 (61803.79) (56585.88) (56525.54) (61086.05) (60869.35) (59388.47) (67167.26) (60650.91) (59206.66) (65806.93) 
P4Approach16 1094674 1304653 1520862 1552664 1382999 1557867 1649038 1410419 1407498 1366509 
 (61803.79) (56585.88) (56525.54) (61086.05) (60869.35) (59388.47) (67167.26) (60650.91) (59206.66) (65806.93) 
P4Approach17 1038937 1310662 1570833 1317495 1410425 1583910 1695297 1427793 1429856 1445724 
 (61803.79) (56585.88) (56525.54) (61086.05) (60869.35) (59388.47) (67167.26) (60650.91) (59206.66) (65806.93) 
P4Approach18 1094674 1304653 1520862 1552664 1382999 1557867 1649038 1410419 1407498 1366509 
 (61803.79) (56585.88) (56525.54) (61086.05) (60869.35) (59388.47) (67167.26) (60650.91) (59206.66) (65806.93) 
P4Approach19 1038937 1310662 1568896 1317495 1398186 1576816 1679224 1411494 1410143 1439179 
 (61803.79) (56585.88) (56525.54) (61086.05) (60869.35) (59388.47) (67167.26) (60650.91) (59206.66) (65806.93) 
P4Approach20 1066805 1307658 1545363 1435080 1393652 1569115 1668149 1415031 1413748 1404480 
 (61803.79) (56585.88) (56525.54) (61086.05) (60869.35) (59388.47) (67167.26) (60650.91) (59206.66) (65806.93) 
FR
P4Approach1 13698627 15425113 16923336 18656885 19494671 22140159 24079958 19765327 16921575 12257987 
 (668489.6) (677680.6) (676869.3) (687239.1) (678570.3) (689459.8) (692666.9) (672447.2) (683898.1) (675270.5) 
P4Approach2 13599481 15143540 16946975 19135985 19915868 22816268 24378437 19558114 17925446 12013167 
 (668489.6) (677680.6) (676869.3) (687239.1) (678570.3) (689459.8) (692666.9) (672447.2) (683898.1) (675270.5) 
P4Approach3 13698627 15425113 16923336 18656885 19494671 22140159 24079958 19765327 16921575 12257477 
 (668489.6) (677680.6) (676869.3) (687239.1) (678570.3) (689459.8) (692666.9) (672447.2) (683898.1) (675270.5) 
P4Approach4 13444604 15136340 16926933 19058194 19884076 22621596 24259010 19531176 17663954 12172343 
 (668489.6) (677680.6) (676869.3) (687239.1) (678570.3) (689459.8) (692666.9) (672447.2) (683898.1) (675270.5) 
P4Approach5 13610334 15282526 16930145 18876987 19697321 22429546 24199341 19654986 17358137 12175244 
 (668489.6) (677680.6) (676869.3) (687239.1) (678570.3) (689459.8) (692666.9) (672447.2) (683898.1) (675270.5) 
P4Approach6 13698627 15425113 16923336 18656885 19494671 22140159 24079958 19765327 16921575 12257987 
 (668489.6) (677680.6) (676869.3) (687239.1) (678570.3) (689459.8) (692666.9) (672447.2) (683898.1) (675270.5) 
P4Approach7 13599481 15143540 16946975 19135985 19915868 22816268 24378437 19558114 17925446 12013167 
 (668489.6) (677680.6) (676869.3) (687239.1) (678570.3) (689459.8) (692666.9) (672447.2) (683898.1) (675270.5) 
P4Approach8 13698627 15425113 16923336 18656885 19494671 22140159 24079958 19765327 16921575 12257477 
 (668489.6) (677680.6) (676869.3) (687239.1) (678570.3) (689459.8) (692666.9) (672447.2) (683898.1) (675270.5) 
P4Approach9 13444604 15136340 16926933 19058194 19884076 22621596 24259010 19531176 17663954 12172343 
 (668489.6) (677680.6) (676869.3) (687239.1) (678570.3) (689459.8) (692666.9) (672447.2) (683898.1) (675270.5) 
P4Approach10 13610334 15282526 16930145 18876987 19697321 22429546 24199341 19654986 17358137 12175244 
 (668489.6) (677680.6) (676869.3) (687239.1) (678570.3) (689459.8) (692666.9) (672447.2) (683898.1) (675270.5) 
BG
P4Approach1 691800.6 616169.6 814059.3 1547055 3590167 5658474 4944261 2811444 813720.6 631733.3 
 (515674.3) (513665.9) (511666.1) (665678.2) (662969.6) (660303) (658120.5) (504403) (654248.1) (515562.9) 
P4Approach2 707628 646462.4 725538.8 1094391 2677548 4442585 4778589 2716542 961547.6 878671.7 
 (515674.3) (513665.9) (511666.1) (665678.2) (662969.6) (660303) (658120.5) (504403) (654248.1) (515562.9) 
P4Approach3 691800.6 616169.6 814059.3 1547055 3590167 5658474 4944261 2811444 813720.6 631733.3 
 (515674.3) (513665.9) (511666.1) (665678.2) (662969.6) (660303) (658120.5) (504403) (654248.1) (515562.9) 
P4Approach4 705543.7 653039.6 730210.4 1112578 2766403 4440250 4768528 2716542 961547.6 959472.5 
 (515674.3) (513665.9) (511666.1) (665678.2) (662969.6) (660303) (658120.5) (504403) (654248.1) (515562.9) 
P4Approach5 699193.2 632960.3 770967 1325270 3156071 5049946 4858910 2763993 887634.1 775402.7 
 (515674.3) (513665.9) (511666.1) (665678.2) (662969.6) (660303) (658120.5) (504403) (654248.1) (515562.9) 
DK
P4Approach1 852706.2 1004503 1133957 1389551 1484100 1963298 1779451 1401484 1263296 1115626 
 (46802.18) (46814.77) (46624.35) (46446.61) (52017.74) (46111.06) (51890.43) (45761.23) (45741.44) (41494.58) 
P4Approach2 962291.3 928495.8 1079136 1174178 1266388 1707446 1540577 1620012 1365396 1155604 
 (46802.18) (46814.77) (46624.35) (46446.61) (52017.74) (46111.06) (51890.43) (45761.23) (45741.44) (41494.58) 
P4Approach3 852706.2 1004503 1133957 1389551 1484100 1963298 1779451 1401484 1263296 1115626 
 (46802.18) (46814.77) (46624.35) (46446.61) (52017.74) (46111.06) (51890.43) (45761.23) (45741.44) (41494.58) 
P4Approach4 963241.8 947468.2 1070822 1170659 1268454 1773317 1630914 1597757 1490481 1214257 
 (46802.18) (46814.77) (46624.35) (46446.61) (52017.74) (46111.06) (51890.43) (45761.23) (45741.44) (41494.58) 
P4Approach5 907736.4 971242.5 1104468 1280985 1375761 1851840 1682598 1505184 1345617 1150278 
 (46802.18) (46814.77) (46624.35) (46446.61) (52017.74) (46111.06) (51890.43) (45761.23) (45741.44) (41494.58) 
P4Approach6 852706.2 1004503 1133957 1389551 1484100 1963298 1779451 1401484 1263296 1115626 
 (46802.18) (46814.77) (46624.35) (46446.61) (52017.74) (46111.06) (51890.43) (45761.23) (45741.44) (41494.58) 
P4Approach7 962291.3 928495.8 1079136 1174178 1266388 1707446 1540577 1620012 1365396 1155604 
 (46802.18) (46814.77) (46624.35) (46446.61) (52017.74) (46111.06) (51890.43) (45761.23) (45741.44) (41494.58) 
P4Approach8 852706.2 1004503 1133957 1389551 1484100 1963298 1779451 1401484 1263296 1115626 
 (46802.18) (46814.77) (46624.35) (46446.61) (52017.74) (46111.06) (51890.43) (45761.23) (45741.44) (41494.58) 
P4Approach9 963241.8 947468.2 1070822 1170659 1268454 1773317 1630914 1597757 1490481 1214257 
 (46802.18) (46814.77) (46624.35) (46446.61) (52017.74) (46111.06) (51890.43) (45761.23) (45741.44) (41494.58) 
P4Approach10 907736.4 971242.5 1104468 1280985 1375761 1851840 1682598 1505184 1345617 1150278 
 (46802.18) (46814.77) (46624.35) (46446.61) (52017.74) (46111.06) (51890.43) (45761.23) (45741.44) (41494.58) 
HR
P4Approach1 266866.6 496652.4 1254713 2325596 3518331 4965900 5304953 3368286 1296595 366593.5 
 (143964.5) (143391.6) (165523.6) (142794.6) (142830.1) (142719.1) (163473) (145542.4) (145292.6) (152679.7) 
P4Approach2 295019.4 524492.7 1164880 2115618 3067368 4476766 4788659 3378079 1491112 478946.8 
 (143964.5) (143391.6) (165523.6) (142794.6) (142830.1) (142719.1) (163473) (145542.4) (145292.6) (152679.7) 
P4Approach3 266866.6 496652.4 1254713 2325596 3518331 4965900 5304953 3368286 1296595 366593.5 
 (143964.5) (143391.6) (165523.6) (142794.6) (142830.1) (142719.1) (163473) (145542.4) (145292.6) (152679.7) 
P4Approach4 261025.6 492264 1151681 2142072 3061783 4432822 4869910 3346456 1491112 394881.7 
 (143964.5) (143391.6) (165523.6) (142794.6) (142830.1) (142719.1) (163473) (145542.4) (145292.6) (152679.7) 
P4Approach5 272444.6 502515.4 1206497 2227221 3291453 4710347 5067119 3365277 1393853 401753.9 
 (143964.5) (143391.6) (165523.6) (142794.6) (142830.1) (142719.1) (163473) (145542.4) (145292.6) (152679.7) 
DE
P4Approach1 16798890 19724746 21691479 26428647 26659266 28759968 30232862 28295153 26798114 19924543 
 (527166.7) (525811.3) (527596.7) (541199.4) (546355.7) (544383.6) (545656.3) (538933.5) (552892.3) (487038.3) 
P4Approach2 17416871 19992843 21696918 26120279 26392354 28440942 29797571 28226661 26652219 20128490 
 (527166.7) (525811.3) (527596.7) (541199.4) (546355.7) (544383.6) (545656.3) (538933.5) (552892.3) (487038.3) 
P4Approach3 16798890 19724746 21691479 26428647 26659266 28759968 30232862 28295153 26798114 19924543 
 (527166.7) (525811.3) (527596.7) (541199.4) (546355.7) (544383.6) (545656.3) (538933.5) (552892.3) (487038.3) 
P4Approach4 17339790 19997199 21749486 26215059 26395284 28409650 29892088 28246717 26723144 20128490 
 (527166.7) (525811.3) (527596.7) (541199.4) (546355.7) (544383.6) (545656.3) (538933.5) (552892.3) (487038.3) 
P4Approach5 17088610 19859884 21707341 26298158 26526542 28592632 30038846 28265921 26742898 20026516 
 (527166.7) (525811.3) (527596.7) (541199.4) (546355.7) (544383.6) (545656.3) (538933.5) (552892.3) (487038.3) 
P4Approach6 16798890 19724746 21691479 26428647 26659266 28759968 30232862 28295153 26798114 19924543 
 (527166.7) (525811.3) (527596.7) (541199.4) (546355.7) (544383.6) (545656.3) (538933.5) (552892.3) (487038.3) 
P4Approach7 17416871 19992843 21696918 26120279 26392354 28440942 29797571 28226661 26652219 20128490 
 (527166.7) (525811.3) (527596.7) (541199.4) (546355.7) (544383.6) (545656.3) (538933.5) (552892.3) (487038.3) 
P4Approach8 16798890 19724746 21691479 26428647 26659266 28759968 30232862 28295153 26798114 19924543 
 (527166.7) (525811.3) (527596.7) (541199.4) (546355.7) (544383.6) (545656.3) (538933.5) (552892.3) (487038.3) 
P4Approach9 17339790 19997199 21749486 26215059 26395284 28409650 29892088 28246717 26723144 20128490 
 (527166.7) (525811.3) (527596.7) (541199.4) (546355.7) (544383.6) (545656.3) (538933.5) (552892.3) (487038.3) 
P4Approach10 17088610 19859884 21707341 26298158 26526542 28592632 30038846 28265921 26742898 20026516 
 (527166.7) (525811.3) (527596.7) (541199.4) (546355.7) (544383.6) (545656.3) (538933.5) (552892.3) (487038.3) 
HU
P4Approach1 1210706 1477349 1692800 1858812 1969340 2567292 2799779 1993648 1961271 1608569 
 (91896.32) (91546.18) (91227.4) (93292.65) (91320.67) (93193.21) (92846.43) (93423.72) (95189.94) (93823.54) 
P4Approach2 1180118 1451163 1677705 1781914 2006676 2683341 2953507 2020119 1969329 1598045 
 (91896.32) (91546.18) (91227.4) (93292.65) (91320.67) (93193.21) (92846.43) (93423.72) (95189.94) (93823.54) 
P4Approach3 1198927 1467338 1684859 1847977 1969340 2567292 2799779 1981751 1960892 1616515 
 (91896.32) (91546.18) (91227.4) (93292.65) (91320.67) (93193.21) (92846.43) (93423.72) (95189.94) (93823.54) 
P4Approach4 1191106 1442616 1691899 1815242 2007883 2679180 2953507 2020119 1969329 1598045 
 (91896.32) (91546.18) (91227.4) (93292.65) (91320.67) (93193.21) (92846.43) (93423.72) (95189.94) (93823.54) 
P4Approach5 1195214 1459617 1686816 1825986 1988310 2624276 2876643 2003909 1965205 1605293 
 (91896.32) (91546.18) (91227.4) (93292.65) (91320.67) (93193.21) (92846.43) (93423.72) (95189.94) (93823.54) 
P4Approach6 1210706 1477349 1692800 1858812 1969340 2567292 2799779 1993648 1961271 1608569 
 (91896.32) (91546.18) (91227.4) (93292.65) (91320.67) (93193.21) (92846.43) (93423.72) (95189.94) (93823.54) 
P4Approach7 1180118 1451163 1677705 1781914 2006676 2683341 2953507 2020119 1969329 1598045 
 (91896.32) (91546.18) (91227.4) (93292.65) (91320.67) (93193.21) (92846.43) (93423.72) (95189.94) (93823.54) 
P4Approach8 1198927 1467338 1684859 1847977 1969340 2567292 2799779 1981751 1960892 1616515 
 (91896.32) (91546.18) (91227.4) (93292.65) (91320.67) (93193.21) (92846.43) (93423.72) (95189.94) (93823.54) 
P4Approach9 1191106 1442616 1691899 1815242 2007883 2679180 2953507 2020119 1969329 1598045 
 (91896.32) (91546.18) (91227.4) (93292.65) (91320.67) (93193.21) (92846.43) (93423.72) (95189.94) (93823.54) 
P4Approach10 1195214 1459617 1686816 1825986 1988310 2624276 2876643 2003909 1965205 1605293 
 (91896.32) (91546.18) (91227.4) (93292.65) (91320.67) (93193.21) (92846.43) (93423.72) (95189.94) (93823.54) 
FI
P4Approach1 1257488 1383415 1174321 1180328 1540740 2035715 1643763 1308606 1273873 1199917 
 (45616.61) (45529.11) (45376.9) (46037.2) (46213.07) (45338.34) (46066.76) (45346.6) (45274.75) (41701.21) 
P4Approach2 1279362 1388318 1179185 1183892 1547817 2057106 1654051 1316453 1281461 1195924 
 (45616.61) (45529.11) (45376.9) (46037.2) (46213.07) (45338.34) (46066.76) (45346.6) (45274.75) (41701.21) 
P4Approach3 1257488 1383415 1174321 1180328 1540740 2035715 1643763 1305932 1271661 1199917 
 (45616.61) (45529.11) (45376.9) (46037.2) (46213.07) (45338.34) (46066.76) (45346.6) (45274.75) (41701.21) 
P4Approach4 1279362 1381186 1171705 1176056 1540737 2050926 1647115 1309351 1275062 1195924 
 (45616.61) (45529.11) (45376.9) (46037.2) (46213.07) (45338.34) (46066.76) (45346.6) (45274.75) (41701.21) 
P4Approach5 1268425 1384083 1174883 1180151 1542509 2044866 1647173 1310086 1275514 1197920 
 (45616.61) (45529.11) (45376.9) (46037.2) (46213.07) (45338.34) (46066.76) (45346.6) (45274.75) (41701.21) 
P4Approach6 1257488 1383415 1174321 1180328 1540740 2035715 1643763 1308606 1273873 1199917 
 (45616.61) (45529.11) (45376.9) (46037.2) (46213.07) (45338.34) (46066.76) (45346.6) (45274.75) (41701.21) 
P4Approach7 1279362 1388318 1179185 1183892 1547817 2057106 1654051 1316453 1281461 1195924 
 (45616.61) (45529.11) (45376.9) (46037.2) (46213.07) (45338.34) (46066.76) (45346.6) (45274.75) (41701.21) 
P4Approach8 1257488 1383415 1174321 1180328 1540740 2035715 1643763 1305932 1271661 1199917 
 (45616.61) (45529.11) (45376.9) (46037.2) (46213.07) (45338.34) (46066.76) (45346.6) (45274.75) (41701.21) 
P4Approach9 1279362 1381186 1171705 1176056 1540737 2050926 1647115 1309351 1275062 1195924 
 (45616.61) (45529.11) (45376.9) (46037.2) (46213.07) (45338.34) (46066.76) (45346.6) (45274.75) (41701.21) 
P4Approach10 1268425 1384083 1174883 1180151 1542509 2044866 1647173 1310086 1275514 1197920 
 (45616.61) (45529.11) (45376.9) (46037.2) (46213.07) (45338.34) (46066.76) (45346.6) (45274.75) (41701.21) 
NL
P4Approach1 2785704 3172785 3945547 4104511 3973914 4177761 4439982 3906566 3900733 3210424 
 (166169.2) (165888.2) (165226.9) (186991.4) (166070.3) (165591.7) (185915.2) (140422.6) (141248.1) (134225.9) 
P4Approach2 2666063 3182036 3937495 4185006 4123077 4357594 4694254 3979425 3903284 3285285 
 (166169.2) (165888.2) (165226.9) (186991.4) (166070.3) (165591.7) (185915.2) (140422.6) (141248.1) (134225.9) 
P4Approach3 2785704 3172785 3945547 4104511 3973914 4177761 4439982 3906566 3900733 3172465 
 (166169.2) (165888.2) (165226.9) (186991.4) (166070.3) (165591.7) (185915.2) (140422.6) (141248.1) (134225.9) 
P4Approach4 2673265 3187266 3934606 4185491 4102179 4365076 4704568 3981774 3897131 3281518 
 (166169.2) (165888.2) (165226.9) (186991.4) (166070.3) (165591.7) (185915.2) (140422.6) (141248.1) (134225.9) 
P4Approach5 2727684 3178718 3940799 4144880 4043271 4269548 4569696 3943583 3900470 3237423 
 (166169.2) (165888.2) (165226.9) (186991.4) (166070.3) (165591.7) (185915.2) (140422.6) (141248.1) (134225.9) 
P4Approach6 2785704 3172785 3945547 4104511 3973914 4177761 4439982 3906566 3900733 3210424 
 (166169.2) (165888.2) (165226.9) (186991.4) (166070.3) (165591.7) (185915.2) (140422.6) (141248.1) (134225.9) 
P4Approach7 2666063 3182036 3937495 4185006 4123077 4357594 4694254 3979425 3903284 3285285 
 (166169.2) (165888.2) (165226.9) (186991.4) (166070.3) (165591.7) (185915.2) (140422.6) (141248.1) (134225.9) 
P4Approach8 2785704 3172785 3945547 4104511 3973914 4177761 4439982 3906566 3900733 3172465 
 (166169.2) (165888.2) (165226.9) (186991.4) (166070.3) (165591.7) (185915.2) (140422.6) (141248.1) (134225.9) 
P4Approach9 2673265 3187266 3934606 4185491 4102179 4365076 4704568 3981774 3897131 3281518 
 (166169.2) (165888.2) (165226.9) (186991.4) (166070.3) (165591.7) (185915.2) (140422.6) (141248.1) (134225.9) 
P4Approach10 2727684 3178718 3940799 4144880 4043271 4269548 4569696 3943583 3900470 3237423 
 (166169.2) (165888.2) (165226.9) (186991.4) (166070.3) (165591.7) (185915.2) (140422.6) (141248.1) (134225.9) 
PT
P4Approach1 2686368 3428621 4484473 5187859 4904402 5830424 7540437 6148531 4621199 2556383 
 (401462.8) (341157) (340484.7) (396442.2) (272399) (339189.4) (338743.7) (275543.5) (276430.4) (260198.5) 
P4Approach2 2405071 3121815 4050422 4740206 5203777 6242771 7507798 5928750 4688278 2812312 
 (401462.8) (341157) (340484.7) (396442.2) (272399) (339189.4) (338743.7) (275543.5) (276430.4) (260198.5) 
P4Approach3 2686368 3428621 4484473 5187859 4904402 5830424 7333600 5944082 4621199 2556383 
 (401462.8) (341157) (340484.7) (396442.2) (272399) (339189.4) (338743.7) (275543.5) (276430.4) (260198.5) 
P4Approach4 2391497 3098101 3986661 4662306 5159327 6185883 7409791 5938836 4694874 2828084 
 (401462.8) (341157) (340484.7) (396442.2) (272399) (339189.4) (338743.7) (275543.5) (276430.4) (260198.5) 
P4Approach5 2542326 3269290 4251507 4944557 5042977 6022376 7447907 5990050 4656388 2688291 
 (401462.8) (341157) (340484.7) (396442.2) (272399) (339189.4) (338743.7) (275543.5) (276430.4) (260198.5) 
LV
P4Approach1 189027.3 213077.3 242842.8 305257.8 357569.5 466868 448001.8 305690.2 272979.7 236239.1 
 (19670.39) (19589.29) (19512.3) (21850.95) (19416.62) (21709.73) (21661.03) (19270.82) (19195.65) (18698.95) 
P4Approach2 188226 204841.1 240058.6 300761.6 346047.5 439905.3 421250.1 310635.5 292192.9 245519.3 
 (19670.39) (19589.29) (19512.3) (21850.95) (19416.62) (21709.73) (21661.03) (19270.82) (19195.65) (18698.95) 
P4Approach3 187409.3 213861.3 243891.5 305392.1 356886 466480.5 445515.5 306027.1 273745.8 236239.1 
 (19670.39) (19589.29) (19512.3) (21850.95) (19416.62) (21709.73) (21661.03) (19270.82) (19195.65) (18698.95) 
P4Approach4 188226 204841.1 240058.6 300761.6 348615.3 443114.9 422571.5 307899.4 289313.8 243550.2 
 (19670.39) (19589.29) (19512.3) (21850.95) (19416.62) (21709.73) (21661.03) (19270.82) (19195.65) (18698.95) 
P4Approach5 188222.2 209155.2 241712.9 303043.3 352279.6 454092.2 434334.7 307563.1 282058 240386.9 
 (19670.39) (19589.29) (19512.3) (21850.95) (19416.62) (21709.73) (21661.03) (19270.82) (19195.65) (18698.95) 
P4Approach6 189027.3 213077.3 242842.8 305257.8 357569.5 466868 448001.8 305690.2 272979.7 236239.1 
 (19670.39) (19589.29) (19512.3) (21850.95) (19416.62) (21709.73) (21661.03) (19270.82) (19195.65) (18698.95) 
P4Approach7 188226 204841.1 240058.6 300761.6 346047.5 439905.3 421250.1 310635.5 292192.9 245519.3 
 (19670.39) (19589.29) (19512.3) (21850.95) (19416.62) (21709.73) (21661.03) (19270.82) (19195.65) (18698.95) 
P4Approach8 187409.3 213861.3 243891.5 305392.1 356886 466480.5 445515.5 306027.1 273745.8 236239.1 
 (19670.39) (19589.29) (19512.3) (21850.95) (19416.62) (21709.73) (21661.03) (19270.82) (19195.65) (18698.95) 
P4Approach9 188226 204841.1 240058.6 300761.6 348615.3 443114.9 422571.5 307899.4 289313.8 243550.2 
 (19670.39) (19589.29) (19512.3) (21850.95) (19416.62) (21709.73) (21661.03) (19270.82) (19195.65) (18698.95) 
P4Approach10 188222.2 209155.2 241712.9 303043.3 352279.6 454092.2 434334.7 307563.1 282058 240386.9 
 (19670.39) (19589.29) (19512.3) (21850.95) (19416.62) (21709.73) (21661.03) (19270.82) (19195.65) (18698.95) 
EU28
P4Approach1 104909792 122156596 134987558 162202655 192489593 237616796 257466946 192889164 151198847 103263671 
 (33036121) (26047035) (32755376) (38560996) (25734286) (32356147) (38082922) (25430687) (17889811) (22537684) 
P4Approach2 104744329 118302058 129796273 162228405 192669850 235103753 255816982 189341439 159572523 107574490 
 (33036121) (26047035) (32755376) (38560996) (25734286) (32356147) (38082922) (25430687) (17889811) (22537684) 
P4Approach3 104909792 122156596 134987558 162202655 192489593 237616796 257466946 192889164 151198847 102399169 
 (33036121) (26047035) (32755376) (38560996) (25734286) (32356147) (38082922) (25430687) (17889811) (22537684) 
P4Approach4 104719062 114374234 131346754 160608137 193196181 235643970 255133096 188663086 158761550 105654432 
 (33036121) (26047035) (32755376) (38560996) (25734286) (32356147) (38082922) (25430687) (17889811) (22537684) 
P4Approach5 104820744 119247371 132779536 161810463 192711304 236495329 256470993 190945713 155182942 104722941 
 (33036121) (26047035) (32755376) (38560996) (25734286) (32356147) (38082922) (25430687) (17889811) (22537684) 
LT
P4Approach1 203460 249444.7 279940 363531 429426 488935.2 490066.8 336645.4 287645 249981.7 
 (18212.46) (18218.36) (24303.2) (24213.23) (24177.05) (24115.31) (31481.71) (18487.93) (18448.96) (19224.53) 
P4Approach2 196705.6 234832.2 262004.5 351025.1 387760.8 455318.7 461526.7 344608.7 310753.8 268546.4 
 (18212.46) (18218.36) (24303.2) (24213.23) (24177.05) (24115.31) (31481.71) (18487.93) (18448.96) (19224.53) 
P4Approach3 206705.8 249444.7 279940 363531 429426 488935.2 490066.8 336645.4 287645 249981.7 
 (18212.46) (18218.36) (24303.2) (24213.23) (24177.05) (24115.31) (31481.71) (18487.93) (18448.96) (19224.53) 
P4Approach4 199201.4 236915.6 264148.2 350414.9 388458.6 454501.4 460149.5 343427.2 309927.7 269048.9 
 (18212.46) (18218.36) (24303.2) (24213.23) (24177.05) (24115.31) (31481.71) (18487.93) (18448.96) (19224.53) 
P4Approach5 201518.2 242659.3 271508.2 357125.5 408767.8 471922.6 475452.5 340331.7 298992.9 259389.6 
 (18212.46) (18218.36) (24303.2) (24213.23) (24177.05) (24115.31) (31481.71) (18487.93) (18448.96) (19224.53) 
P4Approach6 203460 249444.7 279940 363531 429426 488935.2 490066.8 336645.4 287645 249981.7 
 (18212.46) (18218.36) (24303.2) (24213.23) (24177.05) (24115.31) (31481.71) (18487.93) (18448.96) (19224.53) 
P4Approach7 196705.6 234832.2 262004.5 351025.1 387760.8 455318.7 461526.7 344608.7 310753.8 268546.4 
 (18212.46) (18218.36) (24303.2) (24213.23) (24177.05) (24115.31) (31481.71) (18487.93) (18448.96) (19224.53) 
P4Approach8 206705.8 249444.7 279940 363531 429426 488935.2 490066.8 336645.4 287645 249981.7 
 (18212.46) (18218.36) (24303.2) (24213.23) (24177.05) (24115.31) (31481.71) (18487.93) (18448.96) (19224.53) 
P4Approach9 199201.4 236915.6 264148.2 350414.9 388458.6 454501.4 460149.5 343427.2 309927.7 269048.9 
 (18212.46) (18218.36) (24303.2) (24213.23) (24177.05) (24115.31) (31481.71) (18487.93) (18448.96) (19224.53) 
P4Approach10 201518.2 242659.3 271508.2 357125.5 408767.8 471922.6 475452.5 340331.7 298992.9 259389.6 
 (18212.46) (18218.36) (24303.2) (24213.23) (24177.05) (24115.31) (31481.71) (18487.93) (18448.96) (19224.53) 
RO
P4Approach1 971938.5 1104148 1222528 1696988 2136419 3108205 2021435 1677760 1517062 
 (161551.2) (165644.1) (165098.3) (156239.1) (163966.5) (155133.3) (158470.4) (159207.6) (154401.3) 
P4Approach2 976259.5 1076037 1174551 1579263 1996741 2849893 2067245 1781271 1598491 
 (161551.2) (165644.1) (165098.3) (156239.1) (163966.5) (155133.3) (158470.4) (159207.6) (154401.3) 
P4Approach3 971938.5 1104148 1222528 1696988 2136419 3108205 2021435 1677760 1517062 
 (161551.2) (165644.1) (165098.3) (156239.1) (163966.5) (155133.3) (158470.4) (159207.6) (154401.3) 
P4Approach4 953336.6 1043997 1162986 1577761 1991757 2810102 2104388 1802898 1602202 
 (161551.2) (165644.1) (165098.3) (156239.1) (163966.5) (155133.3) (158470.4) (159207.6) (154401.3) 
P4Approach5 968368.3 1082083 1195648 1637750 2065334 2969101 2053626 1734923 1558704 
 (161551.2) (165644.1) (165098.3) (156239.1) (163966.5) (155133.3) (158470.4) (159207.6) (154401.3) 
PL
P4Approach1 2678870 2928858 3202942 3837071 4005193 4472003 4594571 4532497 4142403 3294091 
 (122453.8) (122083) (122776.9) (122625.4) (122225.8) (129130.4) (132394.1) (128950.8) (131353.3) (129539) 
P4Approach2 2733135 2899953 3106287 3710368 3942711 4564007 4724848 4376133 4136742 3407866 
 (122453.8) (122083) (122776.9) (122625.4) (122225.8) (129130.4) (132394.1) (128950.8) (131353.3) (129539) 
P4Approach3 2696642 2961252 3202942 3896462 4027239 4513622 4594571 4532497 4142403 3294091 
 (122453.8) (122083) (122776.9) (122625.4) (122225.8) (129130.4) (132394.1) (128950.8) (131353.3) (129539) 
P4Approach4 2733135 2894005 3106596 3700457 3935809 4562554 4717623 4331653 4102532 3390883 
 (122453.8) (122083) (122776.9) (122625.4) (122225.8) (129130.4) (132394.1) (128950.8) (131353.3) (129539) 
P4Approach5 2710445 2921017 3154692 3786090 3977738 4528046 4657903 4443195 4131020 3346733 
 (122453.8) (122083) (122776.9) (122625.4) (122225.8) (129130.4) (132394.1) (128950.8) (131353.3) (129539) 
P4Approach6 2678870 2928858 3202942 3837071 4005193 4472003 4594571 4532497 4142403 3294091 
 (122453.8) (122083) (122776.9) (122625.4) (122225.8) (129130.4) (132394.1) (128950.8) (131353.3) (129539) 
P4Approach7 2733135 2899953 3106287 3710368 3942711 4564007 4724848 4376133 4136742 3407866 
 (122453.8) (122083) (122776.9) (122625.4) (122225.8) (129130.4) (132394.1) (128950.8) (131353.3) (129539) 
P4Approach8 2696642 2961252 3202942 3896462 4027239 4513622 4594571 4532497 4142403 3294091 
 (122453.8) (122083) (122776.9) (122625.4) (122225.8) (129130.4) (132394.1) (128950.8) (131353.3) (129539) 
P4Approach9 2733135 2894005 3106596 3700457 3935809 4562554 4717623 4331653 4102532 3390883 
 (122453.8) (122083) (122776.9) (122625.4) (122225.8) (129130.4) (132394.1) (128950.8) (131353.3) (129539) 
P4Approach10 2710445 2921017 3154692 3786090 3977738 4528046 4657903 4443195 4131020 3346733 
 (122453.8) (122083) (122776.9) (122625.4) (122225.8) (129130.4) (132394.1) (128950.8) (131353.3) (129539) 
P4Approach11 2678870 2928858 3202942 3837071 4005193 4472003 4594571 4532497 4142403 3294091 
 (122453.8) (122083) (122776.9) (122625.4) (122225.8) (129130.4) (132394.1) (128950.8) (131353.3) (129539) 
P4Approach12 2733135 2899953 3106287 3710368 3942711 4564007 4724848 4376133 4136742 3407866 
 (122453.8) (122083) (122776.9) (122625.4) (122225.8) (129130.4) (132394.1) (128950.8) (131353.3) (129539) 
P4Approach13 2696642 2961252 3202942 3896462 4027239 4513622 4594571 4532497 4142403 3294091 
 (122453.8) (122083) (122776.9) (122625.4) (122225.8) (129130.4) (132394.1) (128950.8) (131353.3) (129539) 
P4Approach14 2733135 2894005 3106596 3700457 3935809 4562554 4717623 4331653 4102532 3390883 
 (122453.8) (122083) (122776.9) (122625.4) (122225.8) (129130.4) (132394.1) (128950.8) (131353.3) (129539) 
P4Approach15 2710445 2921017 3154692 3786090 3977738 4528046 4657903 4443195 4131020 3346733 
 (122453.8) (122083) (122776.9) (122625.4) (122225.8) (129130.4) (132394.1) (128950.8) (131353.3) (129539) 
EE
P4Approach1 277846.3 315609.2 348512.9 446968.8 507471.1 697377.4 582213.2 399018 423912.1 358032 
 (22411.42) (22318.74) (22227.19) (22240.08) (22221.96) (22151.22) (24728.36) (22002.87) (21922.52) (18292.26) 
P4Approach2 280552.3 319197.6 343569.7 438209.1 500258.1 678372.4 566568.8 411192.6 439681 375958 
 (22411.42) (22318.74) (22227.19) (22240.08) (22221.96) (22151.22) (24728.36) (22002.87) (21922.52) (18292.26) 
P4Approach3 277846.3 315609.2 348512.9 446968.8 507471.1 697377.4 582213.2 399018 423912.1 358032 
 (22411.42) (22318.74) (22227.19) (22240.08) (22221.96) (22151.22) (24728.36) (22002.87) (21922.52) (18292.26) 
P4Approach4 280552.3 319197.6 343569.7 438209.1 500258.1 678372.4 566568.8 411192.6 439681 375958 
 (22411.42) (22318.74) (22227.19) (22240.08) (22221.96) (22151.22) (24728.36) (22002.87) (21922.52) (18292.26) 
P4Approach5 279199.3 317403.4 346041.3 442589 503864.6 687874.9 574391 405105.3 431796.6 366995 
 (22411.42) (22318.74) (22227.19) (22240.08) (22221.96) (22151.22) (24728.36) (22002.87) (21922.52) (18292.26) 
P4Approach6 277846.3 315609.2 348512.9 446968.8 507471.1 697377.4 582213.2 399018 423912.1 358032 
 (22411.42) (22318.74) (22227.19) (22240.08) (22221.96) (22151.22) (24728.36) (22002.87) (21922.52) (18292.26) 
P4Approach7 280552.3 319197.6 343569.7 438209.1 500258.1 678372.4 566568.8 411192.6 439681 375958 
 (22411.42) (22318.74) (22227.19) (22240.08) (22221.96) (22151.22) (24728.36) (22002.87) (21922.52) (18292.26) 
P4Approach8 277846.3 315609.2 348512.9 446968.8 507471.1 697377.4 582213.2 399018 423912.1 358032 
 (22411.42) (22318.74) (22227.19) (22240.08) (22221.96) (22151.22) (24728.36) (22002.87) (21922.52) (18292.26) 
P4Approach9 280552.3 319197.6 343569.7 438209.1 500258.1 678372.4 566568.8 411192.6 439681 375958 
 (22411.42) (22318.74) (22227.19) (22240.08) (22221.96) (22151.22) (24728.36) (22002.87) (21922.52) (18292.26) 
P4Approach10 279199.3 317403.4 346041.3 442589 503864.6 687874.9 574391 405105.3 431796.6 366995 
 (22411.42) (22318.74) (22227.19) (22240.08) (22221.96) (22151.22) (24728.36) (22002.87) (21922.52) (18292.26) 
IT
P4Approach1 13286049 15397574 17573478 21104088 30371210 41534131 46908949 28022293 17541211 9982198 
 (928023) (920274.4) (820055.5) (817154.9) (852891.8) (1075982) (955539.5) (879658.2) (984797.7) (883389.3) 
P4Approach2 13606997 15155797 17143500 21305631 29467604 40911731 46277096 28660569 18678698 10496884 
 (928023) (920274.4) (820055.5) (817154.9) (852891.8) (1075982) (955539.5) (879658.2) (984797.7) (883389.3) 
P4Approach3 13286049 15397574 17573478 21104088 30371210 41534131 46908949 28022293 17541211 9982198 
 (928023) (920274.4) (820055.5) (817154.9) (852891.8) (1075982) (955539.5) (879658.2) (984797.7) (883389.3) 
P4Approach4 13585054 15132887 17181891 21321427 29755721 40952006 46310411 28833518 18734845 10499036 
 (928023) (920274.4) (820055.5) (817154.9) (852891.8) (1075982) (955539.5) (879658.2) (984797.7) (883389.3) 
P4Approach5 13441037 15270958 17368087 21208808 29991436 41233000 46601351 28384668 18123991 10240079 
 (928023) (920274.4) (820055.5) (817154.9) (852891.8) (1075982) (955539.5) (879658.2) (984797.7) (883389.3) 
CZ
P4Approach1 2291573 2608721 2795566 3337982 3320176 3794641 4020322 3527224 3217936 2358830 
 (152891.5) (126145.4) (140829.1) (140336.8) (139868.8) (127836.5) (141971.7) (136362.9) (137096.4) (132219.8) 
P4Approach2 2276306 2533612 2706290 3240161 3283447 3895672 4178165 3506080 3133120 2436085 
 (152891.5) (126145.4) (140829.1) (140336.8) (139868.8) (127836.5) (141971.7) (136362.9) (137096.4) (132219.8) 
P4Approach3 2291573 2608721 2795566 3337982 3320176 3794641 4020322 3527224 3217936 2358830 
 (152891.5) (126145.4) (140829.1) (140336.8) (139868.8) (127836.5) (141971.7) (136362.9) (137096.4) (132219.8) 
P4Approach4 2318661 2513807 2692805 3255493 3306221 3865889 4126554 3596378 3212881 2484194 
 (152891.5) (126145.4) (140829.1) (140336.8) (139868.8) (127836.5) (141971.7) (136362.9) (137096.4) (132219.8) 
P4Approach5 2294528 2566215 2747557 3292904 3307505 3837711 4086341 3539227 3195468 2409485 
 (152891.5) (126145.4) (140829.1) (140336.8) (139868.8) (127836.5) (141971.7) (136362.9) (137096.4) (132219.8) 
P4Approach6 2291573 2608721 2795566 3337982 3320176 3794641 4020322 3527224 3217936 2358830 
 (152891.5) (126145.4) (140829.1) (140336.8) (139868.8) (127836.5) (141971.7) (136362.9) (137096.4) (132219.8) 
P4Approach7 2276306 2533612 2706290 3240161 3283447 3895672 4178165 3506080 3133120 2436085 
 (152891.5) (126145.4) (140829.1) (140336.8) (139868.8) (127836.5) (141971.7) (136362.9) (137096.4) (132219.8) 
P4Approach8 2291573 2608721 2795566 3337982 3320176 3794641 4020322 3527224 3217936 2358830 
 (152891.5) (126145.4) (140829.1) (140336.8) (139868.8) (127836.5) (141971.7) (136362.9) (137096.4) (132219.8) 
P4Approach9 2318661 2513807 2692805 3255493 3306221 3865889 4126554 3596378 3212881 2484194 
 (152891.5) (126145.4) (140829.1) (140336.8) (139868.8) (127836.5) (141971.7) (136362.9) (137096.4) (132219.8) 
P4Approach10 2294528 2566215 2747557 3292904 3307505 3837711 4086341 3539227 3195468 2409485 
 (152891.5) (126145.4) (140829.1) (140336.8) (139868.8) (127836.5) (141971.7) (136362.9) (137096.4) (132219.8) 
CY
P4Approach1 309742.8 488953.2 771029.8 1413700 1680055 2099776 2320679 2076227 1639236 750982.8 
 (136620.6) (136050.9) (170164.9) (169465.3) (165843) (165325.1) (194489.4) (135758.9) (136745) (131976.7) 
P4Approach2 303701.6 436252 801777.6 1564483 1891596 2140203 2269495 1940195 1488473 544903.3 
 (136620.6) (136050.9) (170164.9) (169465.3) (165843) (165325.1) (194489.4) (135758.9) (136745) (131976.7) 
P4Approach3 309742.8 488953.2 771029.8 1413700 1680055 2099776 2320679 2076227 1639236 750982.8 
 (136620.6) (136050.9) (170164.9) (169465.3) (165843) (165325.1) (194489.4) (135758.9) (136745) (131976.7) 
P4Approach4 307632.6 435048.2 792624.7 1578896 1870499 2204238 2323131 1986895 1547361 591957.3 
 (136620.6) (136050.9) (170164.9) (169465.3) (165843) (165325.1) (194489.4) (135758.9) (136745) (131976.7) 
P4Approach5 307705 462301.7 784115.5 1492695 1780551 2135998 2308496 2019886 1578576 659706.6 
 (136620.6) (136050.9) (170164.9) (169465.3) (165843) (165325.1) (194489.4) (135758.9) (136745) (131976.7) 
AT
P4Approach1 9942767 8384554 4919763 5144177 6820914 9334045 11077174 7488976 5372618 3554698 
 (400365.2) (387286.6) (386569.5) (390450) (401962.8) (406775.7) (405586.8) (403664.3) (403132.3) (409635.2) 
P4Approach2 10009194 8607728 4689742 5262003 6768178 9389784 11135292 7611645 5516607 3750901 
 (400365.2) (387286.6) (386569.5) (390450) (401962.8) (406775.7) (405586.8) (403664.3) (403132.3) (409635.2) 
P4Approach3 9942767 8384554 4919763 5144177 6820914 9334045 11077174 7488976 5372618 3499386 
 (400365.2) (387286.6) (386569.5) (390450) (401962.8) (406775.7) (405586.8) (403664.3) (403132.3) (409635.2) 
P4Approach4 10015593 8610856 4659083 5280142 6792650 9392929 11112859 7596414 5485658 3765548 
 (400365.2) (387286.6) (386569.5) (390450) (401962.8) (406775.7) (405586.8) (403664.3) (403132.3) (409635.2) 
P4Approach5 9977580 8496923 4797088 5207625 6800664 9362701 11100625 7546503 5436875 3642633 
 (400365.2) (387286.6) (386569.5) (390450) (401962.8) (406775.7) (405586.8) (403664.3) (403132.3) (409635.2) 
ES
P4Approach1 15762096 21072459 24980083 30435494 35309340 43028200 37065217 28481392 16776500 
 (997012.4) (941728) (988560.1) (989659.2) (1073200) (1238109) (986410.8) (985513.7) (953677.6) 
P4Approach2 15095665 20636264 23961519 30317368 34297725 41386821 37383598 29512987 17623827 
 (997012.4) (941728) (988560.1) (989659.2) (1073200) (1238109) (986410.8) (985513.7) (953677.6) 
P4Approach3 15762096 20547761 24342127 30435494 35309340 43028200 38367353 28481392 16776500 
 (997012.4) (941728) (988560.1) (989659.2) (1073200) (1238109) (986410.8) (985513.7) (953677.6) 
P4Approach4 15155365 20116635 24245961 30180765 34257828 41219424 37476081 29512987 17623827 
 (997012.4) (941728) (988560.1) (989659.2) (1073200) (1238109) (986410.8) (985513.7) (953677.6) 
P4Approach5 15443806 20593280 24382422 30342280 34793559 42165661 37573063 28997190 17200163 
 (997012.4) (941728) (988560.1) (989659.2) (1073200) (1238109) (986410.8) (985513.7) (953677.6) 
SK
P4Approach1 746414.7 699068.3 634446.7 785082.3 840083.9 1005368 1099536 948310.1 828915.2 658531.9 
 (32905.42) (32776.68) (32650.98) (32518.12) (32386.74) (37104.16) (40611.05) (34255.69) (34665.63) (33739.65) 
P4Approach2 697946.4 694964.7 678558.5 778249.9 805630.4 945278.2 1037628 1027606 901800.5 743618.4 
 (32905.42) (32776.68) (32650.98) (32518.12) (32386.74) (37104.16) (40611.05) (34255.69) (34665.63) (33739.65) 
P4Approach3 744663.7 699068.3 634446.7 776104.3 834807.7 1004607 1096219 929535.2 828915.2 660503.5 
 (32905.42) (32776.68) (32650.98) (32518.12) (32386.74) (37104.16) (40611.05) (34255.69) (34665.63) (33739.65) 
P4Approach4 697946.4 694964.7 678558.5 778249.9 803822.2 944284.1 1037657 1027606 912250.7 727361.4 
 (32905.42) (32776.68) (32650.98) (32518.12) (32386.74) (37104.16) (40611.05) (34255.69) (34665.63) (33739.65) 
P4Approach5 721742.8 697016.5 656502.6 779421.6 821086.1 974884.3 1067760 983264.2 867970.4 697503.8 
 (32905.42) (32776.68) (32650.98) (32518.12) (32386.74) (37104.16) (40611.05) (34255.69) (34665.63) (33739.65) 
P4Approach6 746414.7 699068.3 634446.7 785082.3 840083.9 1005368 1099536 948310.1 828915.2 658531.9 
 (32905.42) (32776.68) (32650.98) (32518.12) (32386.74) (37104.16) (40611.05) (34255.69) (34665.63) (33739.65) 
P4Approach7 697946.4 694964.7 678558.5 778249.9 805630.4 945278.2 1037628 1027606 901800.5 743618.4 
 (32905.42) (32776.68) (32650.98) (32518.12) (32386.74) (37104.16) (40611.05) (34255.69) (34665.63) (33739.65) 
P4Approach8 744663.7 699068.3 634446.7 776104.3 834807.7 1004607 1096219 929535.2 828915.2 660503.5 
 (32905.42) (32776.68) (32650.98) (32518.12) (32386.74) (37104.16) (40611.05) (34255.69) (34665.63) (33739.65) 
P4Approach9 697946.4 694964.7 678558.5 778249.9 803822.2 944284.1 1037657 1027606 912250.7 727361.4 
 (32905.42) (32776.68) (32650.98) (32518.12) (32386.74) (37104.16) (40611.05) (34255.69) (34665.63) (33739.65) 
P4Approach10 721742.8 697016.5 656502.6 779421.6 821086.1 974884.3 1067760 983264.2 867970.4 697503.8 
 (32905.42) (32776.68) (32650.98) (32518.12) (32386.74) (37104.16) (40611.05) (34255.69) (34665.63) (33739.65) 
MT
P4Approach1 466984.1 583382.9 705311 799513.4 919154.3 1151222 1216781 920929.7 752579.6 471755.4 
 (44606.05) (44570.17) (48638.33) (48463.24) (48247.72) (48052.17) (48893) (48096.28) (47338.52) (49351.35) 
P4Approach2 464798.3 566029.4 709293.7 800301.8 902780.4 1059019 1100613 886428.2 791582.3 504203.7 
 (44606.05) (44570.17) (48638.33) (48463.24) (48247.72) (48052.17) (48893) (48096.28) (47338.52) (49351.35) 
P4Approach3 466984.1 583382.9 705311 799513.4 919154.3 1151222 1216781 920929.7 752579.6 520755.7 
 (44606.05) (44570.17) (48638.33) (48463.24) (48247.72) (48052.17) (48893) (48096.28) (47338.52) (49351.35) 
P4Approach4 455615.3 556209.1 698423.2 793377.2 892485 1045546 1086054 874862 785290.7 500306 
 (44606.05) (44570.17) (48638.33) (48463.24) (48247.72) (48052.17) (48893) (48096.28) (47338.52) (49351.35) 
P4Approach5 463595.5 572251 704584.7 798176.4 908393.5 1101752 1155058 900787.4 770508.1 499255.2 
 (44606.05) (44570.17) (48638.33) (48463.24) (48247.72) (48052.17) (48893) (48096.28) (47338.52) (49351.35) 
P4Approach6 466984.1 583382.9 705311 799513.4 919154.3 1151222 1216781 920929.7 752579.6 471755.4 
 (44606.05) (44570.17) (48638.33) (48463.24) (48247.72) (48052.17) (48893) (48096.28) (47338.52) (49351.35) 
P4Approach7 464798.3 566029.4 709293.7 800301.8 902780.4 1059019 1100613 886428.2 791582.3 504203.7 
 (44606.05) (44570.17) (48638.33) (48463.24) (48247.72) (48052.17) (48893) (48096.28) (47338.52) (49351.35) 
P4Approach8 466984.1 583382.9 705311 799513.4 919154.3 1151222 1216781 920929.7 752579.6 520755.7 
 (44606.05) (44570.17) (48638.33) (48463.24) (48247.72) (48052.17) (48893) (48096.28) (47338.52) (49351.35) 
P4Approach9 455615.3 556209.1 698423.2 793377.2 892485 1045546 1086054 874862 785290.7 500306 
 (44606.05) (44570.17) (48638.33) (48463.24) (48247.72) (48052.17) (48893) (48096.28) (47338.52) (49351.35) 
P4Approach10 463595.5 572251 704584.7 798176.4 908393.5 1101752 1155058 900787.4 770508.1 499255.2 
 (44606.05) (44570.17) (48638.33) (48463.24) (48247.72) (48052.17) (48893) (48096.28) (47338.52) (49351.35) 
SI
P4Approach1 415219.3 472554.2 505930.3 571882.8 661051.5 815763.4 951638.2 693847.7 577258.8 416700.3 
 (33473.94) (33476.06) (33290.47) (31182.55) (33276.26) (33323.4) (33141.25) (33713.08) (34176.16) (28858.73) 
P4Approach2 422880.3 441581.9 491731.5 564562.8 649886.8 796254.2 933118.6 651527.5 560602.7 425477.5 
 (33473.94) (33476.06) (33290.47) (31182.55) (33276.26) (33323.4) (33141.25) (33713.08) (34176.16) (28858.73) 
P4Approach3 415219.3 472377.8 512150.7 576367.1 661051.5 815763.4 951638.2 701520.9 586947.4 413985.9 
 (33473.94) (33476.06) (33290.47) (31182.55) (33276.26) (33323.4) (33141.25) (33713.08) (34176.16) (28858.73) 
P4Approach4 423825.9 441590.4 490785.4 562964.3 650866.4 792649.9 933010.8 651869.8 565531.1 429308.3 
 (33473.94) (33476.06) (33290.47) (31182.55) (33276.26) (33323.4) (33141.25) (33713.08) (34176.16) (28858.73) 
P4Approach5 419286.2 457026 500149.5 568944.2 655714.1 805107.7 942351.4 674691.5 572585 421368 
 (33473.94) (33476.06) (33290.47) (31182.55) (33276.26) (33323.4) (33141.25) (33713.08) (34176.16) (28858.73) 
P4Approach6 415219.3 472554.2 505930.3 571882.8 661051.5 815763.4 951638.2 693847.7 577258.8 416700.3 
 (33473.94) (33476.06) (33290.47) (31182.55) (33276.26) (33323.4) (33141.25) (33713.08) (34176.16) (28858.73) 
P4Approach7 422880.3 441581.9 491731.5 564562.8 649886.8 796254.2 933118.6 651527.5 560602.7 425477.5 
 (33473.94) (33476.06) (33290.47) (31182.55) (33276.26) (33323.4) (33141.25) (33713.08) (34176.16) (28858.73) 
P4Approach8 415219.3 472377.8 512150.7 576367.1 661051.5 815763.4 951638.2 701520.9 586947.4 413985.9 
 (33473.94) (33476.06) (33290.47) (31182.55) (33276.26) (33323.4) (33141.25) (33713.08) (34176.16) (28858.73) 
P4Approach9 423825.9 441590.4 490785.4 562964.3 650866.4 792649.9 933010.8 651869.8 565531.1 429308.3 
 (33473.94) (33476.06) (33290.47) (31182.55) (33276.26) (33323.4) (33141.25) (33713.08) (34176.16) (28858.73) 
P4Approach10 419286.2 457026 500149.5 568944.2 655714.1 805107.7 942351.4 674691.5 572585 421368 
 (33473.94) (33476.06) (33290.47) (31182.55) (33276.26) (33323.4) (33141.25) (33713.08) (34176.16) (28858.73) 
SE
P4Approach1 2242104 2563748 2486156 3082122 3310821 4668111 3861133 3025658 2938816 2729169 
 (114102.7) (113686.3) (113361.2) (113016.6) (113177.2) (113005.1) (120160.4) (119743.7) (112532.3) (105387.3) 
P4Approach2 2354985 2583241 2512031 3070381 3341803 4667417 3852641 3072737 3023719 2754550 
 (114102.7) (113686.3) (113361.2) (113016.6) (113177.2) (113005.1) (120160.4) (119743.7) (112532.3) (105387.3) 
P4Approach3 2242104 2563748 2486156 3082122 3310821 4668111 3861133 3025658 2923816 2729169 
 (114102.7) (113686.3) (113361.2) (113016.6) (113177.2) (113005.1) (120160.4) (119743.7) (112532.3) (105387.3) 
P4Approach4 2363459 2565224 2495074 3066324 3335092 4646931 3849925 3066626 3024239 2759936 
 (114102.7) (113686.3) (113361.2) (113016.6) (113177.2) (113005.1) (120160.4) (119743.7) (112532.3) (105387.3) 
P4Approach5 2300663 2568990 2494854 3075237 3324635 4662643 3856208 3047669 2977648 2743206 
 (114102.7) (113686.3) (113361.2) (113016.6) (113177.2) (113005.1) (120160.4) (119743.7) (112532.3) (105387.3) 
P4Approach6 2242104 2563748 2486156 3082122 3310821 4668111 3861133 3025658 2938816 2729169 
 (114102.7) (113686.3) (113361.2) (113016.6) (113177.2) (113005.1) (120160.4) (119743.7) (112532.3) (105387.3) 
P4Approach7 2354985 2583241 2512031 3070381 3341803 4667417 3852641 3072737 3023719 2754550 
 (114102.7) (113686.3) (113361.2) (113016.6) (113177.2) (113005.1) (120160.4) (119743.7) (112532.3) (105387.3) 
P4Approach8 2242104 2563748 2486156 3082122 3310821 4668111 3861133 3025658 2923816 2729169 
 (114102.7) (113686.3) (113361.2) (113016.6) (113177.2) (113005.1) (120160.4) (119743.7) (112532.3) (105387.3) 
P4Approach9 2363459 2565224 2495074 3066324 3335092 4646931 3849925 3066626 3024239 2759936 
 (114102.7) (113686.3) (113361.2) (113016.6) (113177.2) (113005.1) (120160.4) (119743.7) (112532.3) (105387.3) 
P4Approach10 2300663 2568990 2494854 3075237 3324635 4662643 3856208 3047669 2977648 2743206 
 (114102.7) (113686.3) (113361.2) (113016.6) (113177.2) (113005.1) (120160.4) (119743.7) (112532.3) (105387.3) 
