P3
P4
BE
P4Approach1 1958978 1969799 3105186 2887775 2737639 4597308 4454147 3000641 2958102 2343047 
 (187264) (173046.7) (167578) (179266) (172037.3) (172107) (187864.8) (171844.8) (172888.8) (212086.3) 
P4Approach2 2094942 1856648 3082165 3486377 2835430 4891833 4865062 3253239 2990929 2421954 
 (187264) (173046.7) (167578) (179266) (172037.3) (172107) (187864.8) (171844.8) (172888.8) (212086.3) 
P4Approach3 1958978 1969799 3105186 2887775 2737639 4597308 4454147 3000641 2958102 2343047 
 (187264) (173046.7) (167578) (179266) (172037.3) (172107) (187864.8) (171844.8) (172888.8) (212086.3) 
P4Approach4 2365999 1940624 3147332 3530300 2776095 4998641 4992875 3149468 2901472 2432031 
 (187264) (173046.7) (167578) (179266) (172037.3) (172107) (187864.8) (171844.8) (172888.8) (212086.3) 
P4Approach5 2094725 1934218 3109967 3198057 2771701 4771272 4691558 3100998 2952151 2385020 
 (187264) (173046.7) (167578) (179266) (172037.3) (172107) (187864.8) (171844.8) (172888.8) (212086.3) 
P4Approach6 1958978 1969799 3105186 2887775 2737639 4597308 4454147 3000641 2958102 2343047 
 (187264) (173046.7) (167578) (179266) (172037.3) (172107) (187864.8) (171844.8) (172888.8) (212086.3) 
P4Approach7 2094942 1856648 3082165 3486377 2835430 4891833 4865062 3253239 2990929 2421954 
 (187264) (173046.7) (167578) (179266) (172037.3) (172107) (187864.8) (171844.8) (172888.8) (212086.3) 
P4Approach8 1958978 1969799 3105186 2887775 2737639 4597308 4454147 3000641 2958102 2343047 
 (187264) (173046.7) (167578) (179266) (172037.3) (172107) (187864.8) (171844.8) (172888.8) (212086.3) 
P4Approach9 2365999 1940624 3147332 3530300 2776095 4998641 4992875 3149468 2901472 2432031 
 (187264) (173046.7) (167578) (179266) (172037.3) (172107) (187864.8) (171844.8) (172888.8) (212086.3) 
P4Approach10 2094725 1934218 3109967 3198057 2771701 4771272 4691558 3100998 2952151 2385020 
 (187264) (173046.7) (167578) (179266) (172037.3) (172107) (187864.8) (171844.8) (172888.8) (212086.3) 
P4Approach11 1958978 1969799 3105186 2887775 2737639 4597308 4454147 3000641 2958102 2343047 
 (187264) (173046.7) (167578) (179266) (172037.3) (172107) (187864.8) (171844.8) (172888.8) (212086.3) 
P4Approach12 2094942 1856648 3082165 3486377 2835430 4891833 4865062 3253239 2990929 2421954 
 (187264) (173046.7) (167578) (179266) (172037.3) (172107) (187864.8) (171844.8) (172888.8) (212086.3) 
P4Approach13 1958978 1969799 3105186 2887775 2737639 4597308 4454147 3000641 2958102 2343047 
 (187264) (173046.7) (167578) (179266) (172037.3) (172107) (187864.8) (171844.8) (172888.8) (212086.3) 
P4Approach14 2365999 1940624 3147332 3530300 2776095 4998641 4992875 3149468 2901472 2432031 
 (187264) (173046.7) (167578) (179266) (172037.3) (172107) (187864.8) (171844.8) (172888.8) (212086.3) 
P4Approach15 2094725 1934218 3109967 3198057 2771701 4771272 4691558 3100998 2952151 2385020 
 (187264) (173046.7) (167578) (179266) (172037.3) (172107) (187864.8) (171844.8) (172888.8) (212086.3) 
P4Approach16 1958978 1969799 3105186 2887775 2737639 4597308 4454147 3000641 2958102 2343047 
 (187264) (173046.7) (167578) (179266) (172037.3) (172107) (187864.8) (171844.8) (172888.8) (212086.3) 
P4Approach17 2094942 1856648 3082165 3486377 2835430 4891833 4865062 3253239 2990929 2421954 
 (187264) (173046.7) (167578) (179266) (172037.3) (172107) (187864.8) (171844.8) (172888.8) (212086.3) 
P4Approach18 1958978 1969799 3105186 2887775 2737639 4597308 4454147 3000641 2958102 2343047 
 (187264) (173046.7) (167578) (179266) (172037.3) (172107) (187864.8) (171844.8) (172888.8) (212086.3) 
P4Approach19 2365999 1940624 3147332 3530300 2776095 4998641 4992875 3149468 2901472 2432031 
 (187264) (173046.7) (167578) (179266) (172037.3) (172107) (187864.8) (171844.8) (172888.8) (212086.3) 
P4Approach20 2094725 1934218 3109967 3198057 2771701 4771272 4691558 3100998 2952151 2385020 
 (187264) (173046.7) (167578) (179266) (172037.3) (172107) (187864.8) (171844.8) (172888.8) (212086.3) 
FR
P4Approach1 20592229 23310161 24564279 32654543 38301578 72673574 84697185 35144466 22462773 15532348 
 (20077831) (17036185) (16913727) (19632275) (16675223) (19350554) (19657812) (16347805) (18957092) (16115715) 
P4Approach2 20391948 22784262 24507828 34178594 39151671 72216871 85792348 43423439 36691070 29190600 
 (20077831) (17036185) (16913727) (19632275) (16675223) (19350554) (19657812) (16347805) (18957092) (16115715) 
P4Approach3 20592229 23310161 24312030 32605496 38392258 72761839 84785160 34938159 22256850 15532348 
 (20077831) (17036185) (16913727) (19632275) (16675223) (19350554) (19657812) (16347805) (18957092) (16115715) 
P4Approach4 20450260 22783867 24203774 33963659 38885752 72207522 85456128 43423439 36691070 33801427 
 (20077831) (17036185) (16913727) (19632275) (16675223) (19350554) (19657812) (16347805) (18957092) (16115715) 
P4Approach5 20506666 23047113 24396978 33350573 38682815 72464951 85182705 39232376 29525441 23514181 
 (20077831) (17036185) (16913727) (19632275) (16675223) (19350554) (19657812) (16347805) (18957092) (16115715) 
BG
P4Approach1 670361.8 682729.3 878826.7 1635123 3822791 5700693 5457241 3012811 871712 703646.9 
 (573036.8) (570684.9) (568653.5) (730555.8) (727655) (724727.5) (722300.4) (559041.6) (716899.1) (543421.5) 
P4Approach2 771293.7 694614.3 789518.6 1154331 2847135 4888648 5259448 2871985 1009745 928595.5 
 (573036.8) (570684.9) (568653.5) (730555.8) (727655) (724727.5) (722300.4) (559041.6) (716899.1) (543421.5) 
P4Approach3 671126.9 682729.3 878826.7 1635123 3822791 5700693 5457241 3012811 871712 695613.7 
 (573036.8) (570684.9) (568653.5) (730555.8) (727655) (724727.5) (722300.4) (559041.6) (716899.1) (543421.5) 
P4Approach4 768166 703007.3 791229.8 1175339 2938452 4891595 5247072 2877231 1009775 952306.3 
 (573036.8) (570684.9) (568653.5) (730555.8) (727655) (724727.5) (722300.4) (559041.6) (716899.1) (543421.5) 
P4Approach5 720237.1 690770.1 834600.4 1399979 3357793 5295407 5355251 2943709 940736.1 820040.6 
 (573036.8) (570684.9) (568653.5) (730555.8) (727655) (724727.5) (722300.4) (559041.6) (716899.1) (543421.5) 
DK
P4Approach1 1090922 1619227 2354094 3091838 3361597 6616625 4528018 2475199 1726311 1367430 
 (156265.9) (155814.6) (156161.5) (155627) (154854) (154893) (154081.4) (153894.5) (153656.4) (159537.9) 
P4Approach2 1062008 1920395 1780573 2835387 2784540 5310709 3912414 2391280 1574300 1050714 
 (156265.9) (155814.6) (156161.5) (155627) (154854) (154893) (154081.4) (153894.5) (153656.4) (159537.9) 
P4Approach3 1090922 1619227 2354094 3093910 3359634 6616625 4528018 2475199 1726311 1367430 
 (156265.9) (155814.6) (156161.5) (155627) (154854) (154893) (154081.4) (153894.5) (153656.4) (159537.9) 
P4Approach4 1062008 1920395 1780573 2835387 2784540 5310709 3912414 2391280 1574300 1050714 
 (156265.9) (155814.6) (156161.5) (155627) (154854) (154893) (154081.4) (153894.5) (153656.4) (159537.9) 
P4Approach5 1076465 1769811 2067333 2964131 3072577 5963667 4220216 2433239 1650306 1209072 
 (156265.9) (155814.6) (156161.5) (155627) (154854) (154893) (154081.4) (153894.5) (153656.4) (159537.9) 
HR
P4Approach1 413272.7 716321 1986049 4578129 7528685 16574704 18254671 9477635 2696762 726454 
 (1639936) (1633581) (1905768) (1620931) (1581564) (1576592) (1767839) (1649265) (1725984) (1703861) 
P4Approach2 554781.6 853709 1954066 4198989 8344402 20711999 23968275 9713583 2518293 784182.2 
 (1639936) (1633581) (1905768) (1620931) (1581564) (1576592) (1767839) (1649265) (1725984) (1703861) 
P4Approach3 413272.7 716321 1986049 4578129 7528685 16574704 18254671 9477635 2696762 726454 
 (1639936) (1633581) (1905768) (1620931) (1581564) (1576592) (1767839) (1649265) (1725984) (1703861) 
P4Approach4 376869.1 675742.7 1739834 4026013 8344402 20543795 23763147 9598653 2367789 779586.9 
 (1639936) (1633581) (1905768) (1620931) (1581564) (1576592) (1767839) (1649265) (1725984) (1703861) 
P4Approach5 439549 740523.4 1916499 4345315 7936543 18601300 21060191 9566877 2569901 754169.3 
 (1639936) (1633581) (1905768) (1620931) (1581564) (1576592) (1767839) (1649265) (1725984) (1703861) 
DE
P4Approach1 22830595 24603944 28062146 35069139 37621957 44229337 47023033 39662839 35726172 24958611 
 (1421325) (1427412) (1424832) (1658939) (1656496) (1649922) (1665402) (1427357) (1674321) (1395040) 
P4Approach2 21492616 24398510 28845659 36368206 38331788 45329371 48404600 39231512 35671236 24367365 
 (1421325) (1427412) (1424832) (1658939) (1656496) (1649922) (1665402) (1427357) (1674321) (1395040) 
P4Approach3 22830595 24603944 28062146 35069139 37621957 44229337 47023033 39662839 35726172 24958611 
 (1421325) (1427412) (1424832) (1658939) (1656496) (1649922) (1665402) (1427357) (1674321) (1395040) 
P4Approach4 21140378 24292417 29060125 36335431 38645127 44996744 48580573 39300946 35804899 24368742 
 (1421325) (1427412) (1424832) (1658939) (1656496) (1649922) (1665402) (1427357) (1674321) (1395040) 
P4Approach5 22073546 24474704 28507519 35710479 38055207 44696198 47757810 39464534 35732120 24663332 
 (1421325) (1427412) (1424832) (1658939) (1656496) (1649922) (1665402) (1427357) (1674321) (1395040) 
P4Approach6 22830595 24603944 28062146 35069139 37621957 44229337 47023033 39662839 35726172 24958611 
 (1421325) (1427412) (1424832) (1658939) (1656496) (1649922) (1665402) (1427357) (1674321) (1395040) 
P4Approach7 21492616 24398510 28845659 36368206 38331788 45329371 48404600 39231512 35671236 24367365 
 (1421325) (1427412) (1424832) (1658939) (1656496) (1649922) (1665402) (1427357) (1674321) (1395040) 
P4Approach8 22830595 24603944 28062146 35069139 37621957 44229337 47023033 39662839 35726172 24958611 
 (1421325) (1427412) (1424832) (1658939) (1656496) (1649922) (1665402) (1427357) (1674321) (1395040) 
P4Approach9 21140378 24292417 29060125 36335431 38645127 44996744 48580573 39300946 35804899 24368742 
 (1421325) (1427412) (1424832) (1658939) (1656496) (1649922) (1665402) (1427357) (1674321) (1395040) 
P4Approach10 22073546 24474704 28507519 35710479 38055207 44696198 47757810 39464534 35732120 24663332 
 (1421325) (1427412) (1424832) (1658939) (1656496) (1649922) (1665402) (1427357) (1674321) (1395040) 
P4Approach16 22830595 24603944 28062146 35069139 37621957 44229337 47023033 39662839 35726172 24958611 
 (1421325) (1427412) (1424832) (1658939) (1656496) (1649922) (1665402) (1427357) (1674321) (1395040) 
P4Approach17 21492616 24398510 28845659 36368206 38331788 45329371 48404600 39231512 35671236 24367365 
 (1421325) (1427412) (1424832) (1658939) (1656496) (1649922) (1665402) (1427357) (1674321) (1395040) 
P4Approach18 22830595 24603944 28062146 35069139 37621957 44229337 47023033 39662839 35726172 24958611 
 (1421325) (1427412) (1424832) (1658939) (1656496) (1649922) (1665402) (1427357) (1674321) (1395040) 
P4Approach19 21140378 24292417 29060125 36335431 38645127 44996744 48580573 39300946 35804899 24368742 
 (1421325) (1427412) (1424832) (1658939) (1656496) (1649922) (1665402) (1427357) (1674321) (1395040) 
P4Approach20 22073546 24474704 28507519 35710479 38055207 44696198 47757810 39464534 35732120 24663332 
 (1421325) (1427412) (1424832) (1658939) (1656496) (1649922) (1665402) (1427357) (1674321) (1395040) 
HU
P4Approach1 1221625 1558635 1987743 2253164 2968541 4659738 4858712 2422118 2196908 1693786 
 (176969.7) (176373.9) (176160.1) (190941.5) (176143.5) (190588.5) (190124.2) (174927.7) (174245) (171595.5) 
P4Approach2 1334415 1643760 1969114 2047348 2774720 4420746 4622446 2500928 2278313 1761608 
 (176969.7) (176373.9) (176160.1) (190941.5) (176143.5) (190588.5) (190124.2) (174927.7) (174245) (171595.5) 
P4Approach3 1221625 1558635 1987743 2253164 2968541 4659738 4858712 2422118 2196908 1693786 
 (176969.7) (176373.9) (176160.1) (190941.5) (176143.5) (190588.5) (190124.2) (174927.7) (174245) (171595.5) 
P4Approach4 1295472 1581918 1968257 1968257 2826189 4511292 4637249 2525755 2322879 1820409 
 (176969.7) (176373.9) (176160.1) (190941.5) (176143.5) (190588.5) (190124.2) (174927.7) (174245) (171595.5) 
P4Approach5 1268284 1585737 1978214 2130483 2884498 4562878 4744280 2467730 2248752 1742397 
 (176969.7) (176373.9) (176160.1) (190941.5) (176143.5) (190588.5) (190124.2) (174927.7) (174245) (171595.5) 
P4Approach6 1221625 1558635 1987743 2253164 2968541 4659738 4858712 2422118 2196908 1693786 
 (176969.7) (176373.9) (176160.1) (190941.5) (176143.5) (190588.5) (190124.2) (174927.7) (174245) (171595.5) 
P4Approach7 1334415 1643760 1969114 2047348 2774720 4420746 4622446 2500928 2278313 1761608 
 (176969.7) (176373.9) (176160.1) (190941.5) (176143.5) (190588.5) (190124.2) (174927.7) (174245) (171595.5) 
P4Approach8 1221625 1558635 1987743 2253164 2968541 4659738 4858712 2422118 2196908 1693786 
 (176969.7) (176373.9) (176160.1) (190941.5) (176143.5) (190588.5) (190124.2) (174927.7) (174245) (171595.5) 
P4Approach9 1295472 1581918 1968257 1968257 2826189 4511292 4637249 2525755 2322879 1820409 
 (176969.7) (176373.9) (176160.1) (190941.5) (176143.5) (190588.5) (190124.2) (174927.7) (174245) (171595.5) 
P4Approach10 1268284 1585737 1978214 2130483 2884498 4562878 4744280 2467730 2248752 1742397 
 (176969.7) (176373.9) (176160.1) (190941.5) (176143.5) (190588.5) (190124.2) (174927.7) (174245) (171595.5) 
FI
P4Approach1 1476918 1603919 1366742 1357747 2072560 3008143 2186323 1561424 1412371 1289835 
 (63333.17) (63112.39) (62855.59) (65775.02) (65857.6) (62738.33) (65408.1) (63013.4) (62813.05) (64153.9) 
P4Approach2 1481184 1635357 1383409 1368589 2081215 3009174 2183578 1568457 1425151 1311799 
 (63333.17) (63112.39) (62855.59) (65775.02) (65857.6) (62738.33) (65408.1) (63013.4) (62813.05) (64153.9) 
P4Approach3 1476918 1603919 1366742 1357747 2072560 3008143 2186323 1561424 1412371 1291079 
 (63333.17) (63112.39) (62855.59) (65775.02) (65857.6) (62738.33) (65408.1) (63013.4) (62813.05) (64153.9) 
P4Approach4 1484586 1636688 1383306 1369536 2082565 3008589 2184183 1565826 1425923 1314832 
 (63333.17) (63112.39) (62855.59) (65775.02) (65857.6) (62738.33) (65408.1) (63013.4) (62813.05) (64153.9) 
P4Approach5 1479901 1619971 1375050 1363405 2077225 3008512 2185102 1564283 1418954 1301886 
 (63333.17) (63112.39) (62855.59) (65775.02) (65857.6) (62738.33) (65408.1) (63013.4) (62813.05) (64153.9) 
P4Approach6 1476918 1603919 1366742 1357747 2072560 3008143 2186323 1561424 1412371 1289835 
 (63333.17) (63112.39) (62855.59) (65775.02) (65857.6) (62738.33) (65408.1) (63013.4) (62813.05) (64153.9) 
P4Approach7 1481184 1635357 1383409 1368589 2081215 3009174 2183578 1568457 1425151 1311799 
 (63333.17) (63112.39) (62855.59) (65775.02) (65857.6) (62738.33) (65408.1) (63013.4) (62813.05) (64153.9) 
P4Approach8 1476918 1603919 1366742 1357747 2072560 3008143 2186323 1561424 1412371 1291079 
 (63333.17) (63112.39) (62855.59) (65775.02) (65857.6) (62738.33) (65408.1) (63013.4) (62813.05) (64153.9) 
P4Approach9 1484586 1636688 1383306 1369536 2082565 3008589 2184183 1565826 1425923 1314832 
 (63333.17) (63112.39) (62855.59) (65775.02) (65857.6) (62738.33) (65408.1) (63013.4) (62813.05) (64153.9) 
P4Approach10 1479901 1619971 1375050 1363405 2077225 3008512 2185102 1564283 1418954 1301886 
 (63333.17) (63112.39) (62855.59) (65775.02) (65857.6) (62738.33) (65408.1) (63013.4) (62813.05) (64153.9) 
NL
P4Approach1 4632382 5485829 8593695 11341218 11470273 14759452 17384876 9272483 8521496 5458839 
 (707536.1) (705096.7) (702121.7) (756479.5) (700381.7) (699263.4) (753029.6) (671324) (670220.2) (679391.8) 
P4Approach2 4858543 5654639 8294661 11427497 11270748 14747491 17441970 8997223 8619358 5960002 
 (707536.1) (705096.7) (702121.7) (756479.5) (700381.7) (699263.4) (753029.6) (671324) (670220.2) (679391.8) 
P4Approach3 4632382 5485829 8593695 11341218 11470273 14759452 17384876 9272483 8521496 5458839 
 (707536.1) (705096.7) (702121.7) (756479.5) (700381.7) (699263.4) (753029.6) (671324) (670220.2) (679391.8) 
P4Approach4 4858543 5654639 8294661 11427497 11270748 14747491 17441970 8997223 8619358 5941230 
 (707536.1) (705096.7) (702121.7) (756479.5) (700381.7) (699263.4) (753029.6) (671324) (670220.2) (679391.8) 
P4Approach5 4745462 5570234 8444178 11384358 11370510 14753472 17413423 9134853 8570427 5704728 
 (707536.1) (705096.7) (702121.7) (756479.5) (700381.7) (699263.4) (753029.6) (671324) (670220.2) (679391.8) 
PT
P4Approach1 2454773 3590097 4664460 5474931 6028920 7988662 10431071 6877442 4837589 2795690 
 (324362.3) (301997.2) (301113) (321356.6) (260353.9) (301969.9) (301642.7) (258769.3) (262592.1) (241443.3) 
P4Approach2 2615063 3356891 4264181 4966169 5677626 7390369 9571665 6683275 5126238 3109182 
 (324362.3) (301997.2) (301113) (321356.6) (260353.9) (301969.9) (301642.7) (258769.3) (262592.1) (241443.3) 
P4Approach3 2454773 3590097 4749785 5533279 6028920 7988662 10431071 6877442 4837589 2817404 
 (324362.3) (301997.2) (301113) (321356.6) (260353.9) (301969.9) (301642.7) (258769.3) (262592.1) (241443.3) 
P4Approach4 2626358 3390637 4283959 4997401 5688417 7418283 9617232 6664440 5139152 3143926 
 (324362.3) (301997.2) (301113) (321356.6) (260353.9) (301969.9) (301642.7) (258769.3) (262592.1) (241443.3) 
P4Approach5 2537742 3481930 4490596 5242945 5855971 7696494 10012759 6775650 4985142 2966551 
 (324362.3) (301997.2) (301113) (321356.6) (260353.9) (301969.9) (301642.7) (258769.3) (262592.1) (241443.3) 
LV
P4Approach1 228269.8 256795 288242.5 364946.5 464649.5 645750.8 597282.6 377189 331018.9 281883.7 
 (21327.54) (21243.45) (21157.65) (24689.1) (21045.14) (24530.85) (24458.44) (20816.33) (20736.98) (20705.08) 
P4Approach2 225979.1 246509.4 286277.4 359810.8 436933.2 599212.9 558029.3 384424.7 355105.3 289627.4 
 (21327.54) (21243.45) (21157.65) (24689.1) (21045.14) (24530.85) (24458.44) (20816.33) (20736.98) (20705.08) 
P4Approach3 228269.8 253803.8 288242.5 364946.5 464649.5 645750.8 597282.6 377189 331018.9 281883.7 
 (21327.54) (21243.45) (21157.65) (24689.1) (21045.14) (24530.85) (24458.44) (20816.33) (20736.98) (20705.08) 
P4Approach4 229887.6 246981.1 290621.7 367905.9 438357.8 603695.4 561387.3 384145.5 352132.9 284097.5 
 (21327.54) (21243.45) (21157.65) (24689.1) (21045.14) (24530.85) (24458.44) (20816.33) (20736.98) (20705.08) 
P4Approach5 228101.6 251022.3 288346 364402.4 451147.5 623602.5 578495.5 380737 342319 284373.1 
 (21327.54) (21243.45) (21157.65) (24689.1) (21045.14) (24530.85) (24458.44) (20816.33) (20736.98) (20705.08) 
P4Approach6 228269.8 256795 288242.5 364946.5 464649.5 645750.8 597282.6 377189 331018.9 281883.7 
 (21327.54) (21243.45) (21157.65) (24689.1) (21045.14) (24530.85) (24458.44) (20816.33) (20736.98) (20705.08) 
P4Approach7 225979.1 246509.4 286277.4 359810.8 436933.2 599212.9 558029.3 384424.7 355105.3 289627.4 
 (21327.54) (21243.45) (21157.65) (24689.1) (21045.14) (24530.85) (24458.44) (20816.33) (20736.98) (20705.08) 
P4Approach8 228269.8 253803.8 288242.5 364946.5 464649.5 645750.8 597282.6 377189 331018.9 281883.7 
 (21327.54) (21243.45) (21157.65) (24689.1) (21045.14) (24530.85) (24458.44) (20816.33) (20736.98) (20705.08) 
P4Approach9 229887.6 246981.1 290621.7 367905.9 438357.8 603695.4 561387.3 384145.5 352132.9 284097.5 
 (21327.54) (21243.45) (21157.65) (24689.1) (21045.14) (24530.85) (24458.44) (20816.33) (20736.98) (20705.08) 
P4Approach10 228101.6 251022.3 288346 364402.4 451147.5 623602.5 578495.5 380737 342319 284373.1 
 (21327.54) (21243.45) (21157.65) (24689.1) (21045.14) (24530.85) (24458.44) (20816.33) (20736.98) (20705.08) 
P4Approach16 228269.8 256795 288242.5 364946.5 464649.5 645750.8 597282.6 377189 331018.9 281883.7 
 (21327.54) (21243.45) (21157.65) (24689.1) (21045.14) (24530.85) (24458.44) (20816.33) (20736.98) (20705.08) 
P4Approach17 225979.1 246509.4 286277.4 359810.8 436933.2 599212.9 558029.3 384424.7 355105.3 289627.4 
 (21327.54) (21243.45) (21157.65) (24689.1) (21045.14) (24530.85) (24458.44) (20816.33) (20736.98) (20705.08) 
P4Approach18 228269.8 253803.8 288242.5 364946.5 464649.5 645750.8 597282.6 377189 331018.9 281883.7 
 (21327.54) (21243.45) (21157.65) (24689.1) (21045.14) (24530.85) (24458.44) (20816.33) (20736.98) (20705.08) 
P4Approach19 229887.6 246981.1 290621.7 367905.9 438357.8 603695.4 561387.3 384145.5 352132.9 284097.5 
 (21327.54) (21243.45) (21157.65) (24689.1) (21045.14) (24530.85) (24458.44) (20816.33) (20736.98) (20705.08) 
P4Approach20 228101.6 251022.3 288346 364402.4 451147.5 623602.5 578495.5 380737 342319 284373.1 
 (21327.54) (21243.45) (21157.65) (24689.1) (21045.14) (24530.85) (24458.44) (20816.33) (20736.98) (20705.08) 
EU28
P4Approach1 137770631 161053782 190186154 242030866 304098173 475482007 512330204 291654951 203792766 130024565 
 (121416088) (104892331) (119549249) (128406322) (102630432) (116946361) (125575006) (100490409) (76188629) (96776087) 
P4Approach2 140384607 153198322 186127882 247880774 293475039 442234291 489752674 283374809 211015216 130867036 
 (121416088) (104892331) (119549249) (128406322) (102630432) (116946361) (125575006) (100490409) (76188629) (96776087) 
P4Approach3 137770631 161053782 190186154 242030866 304098173 475482007 512330204 291654951 203792766 130024565 
 (121416088) (104892331) (119549249) (128406322) (102630432) (116946361) (125575006) (100490409) (76188629) (96776087) 
P4Approach4 140384607 153198322 186127882 247880774 292154689 442234291 489752674 284657747 211015216 130867036 
 (121416088) (104892331) (119549249) (128406322) (102630432) (116946361) (125575006) (100490409) (76188629) (96776087) 
P4Approach5 139077619 157126052 188157018 244955820 298456518 458858149 501041439 287835615 207403991 130445801 
 (121416088) (104892331) (119549249) (128406322) (102630432) (116946361) (125575006) (100490409) (76188629) (96776087) 
LT
P4Approach1 348085.3 381093.3 416900.8 583187 804131.3 976812 939451.7 505129.9 424354.5 381801 
 (47420.52) (47228.93) (60109.94) (59885.26) (60230.78) (60022.23) (69657.33) (47332.11) (47422.18) (47184.69) 
P4Approach2 304414.4 375820.3 422228.4 573157.6 699563.7 924225.9 901128.8 518406.8 456297.4 405926.6 
 (47420.52) (47228.93) (60109.94) (59885.26) (60230.78) (60022.23) (69657.33) (47332.11) (47422.18) (47184.69) 
P4Approach3 348085.3 381093.3 416900.8 583187 804131.3 976812 939451.7 505129.9 424354.5 381801 
 (47420.52) (47228.93) (60109.94) (59885.26) (60230.78) (60022.23) (69657.33) (47332.11) (47422.18) (47184.69) 
P4Approach4 300413.9 376460 427391 575938 699116 925188 906497 519789 451605 400147 
 (47420.52) (47228.93) (60109.94) (59885.26) (60230.78) (60022.23) (69657.33) (47332.11) (47422.18) (47184.69) 
P4Approach5 325249.7 378616.7 420855.2 578867.4 751735.6 950759.5 921632.3 512113.9 439152.9 392418.9 
 (47420.52) (47228.93) (60109.94) (59885.26) (60230.78) (60022.23) (69657.33) (47332.11) (47422.18) (47184.69) 
P4Approach6 348085.3 381093.3 416900.8 583187 804131.3 976812 939451.7 505129.9 424354.5 381801 
 (47420.52) (47228.93) (60109.94) (59885.26) (60230.78) (60022.23) (69657.33) (47332.11) (47422.18) (47184.69) 
P4Approach7 304414.4 375820.3 422228.4 573157.6 699563.7 924225.9 901128.8 518406.8 456297.4 405926.6 
 (47420.52) (47228.93) (60109.94) (59885.26) (60230.78) (60022.23) (69657.33) (47332.11) (47422.18) (47184.69) 
P4Approach8 348085.3 381093.3 416900.8 583187 804131.3 976812 939451.7 505129.9 424354.5 381801 
 (47420.52) (47228.93) (60109.94) (59885.26) (60230.78) (60022.23) (69657.33) (47332.11) (47422.18) (47184.69) 
P4Approach9 300413.9 376460 427391 575938 699116 925188 906497 519789 451605 400147 
 (47420.52) (47228.93) (60109.94) (59885.26) (60230.78) (60022.23) (69657.33) (47332.11) (47422.18) (47184.69) 
P4Approach10 325249.7 378616.7 420855.2 578867.4 751735.6 950759.5 921632.3 512113.9 439152.9 392418.9 
 (47420.52) (47228.93) (60109.94) (59885.26) (60230.78) (60022.23) (69657.33) (47332.11) (47422.18) (47184.69) 
RO
P4Approach1 1170052 1329037 1494514 2068686 2617232 3953342 2287162 1884559 1777313 
 (174862.9) (173857.7) (173745.5) (153104.4) (172892.5) (152371.3) (172939.6) (172958.6) (130525.9) 
P4Approach2 875851.3 1064284 1500783 1973491 2439603 3527516 2494154 2129488 1907660 
 (174862.9) (173857.7) (173745.5) (153104.4) (172892.5) (152371.3) (172939.6) (172958.6) (130525.9) 
P4Approach3 1170052 1329037 1494514 2068686 2617232 3953342 2287162 1884559 1777313 
 (174862.9) (173857.7) (173745.5) (153104.4) (172892.5) (152371.3) (172939.6) (172958.6) (130525.9) 
P4Approach4 875851.3 1064284 1497138 1976496 2424559 3501185 2514393 2141140 1910259 
 (174862.9) (173857.7) (173745.5) (153104.4) (172892.5) (152371.3) (172939.6) (172958.6) (130525.9) 
P4Approach5 1022952 1196661 1496737 2021840 2524657 3733846 2395718 2009936 1843136 
 (174862.9) (173857.7) (173745.5) (153104.4) (172892.5) (152371.3) (172939.6) (172958.6) (130525.9) 
P4Approach6 1170052 1329037 1494514 2068686 2617232 3953342 2287162 1884559 1777313 
 (174862.9) (173857.7) (173745.5) (153104.4) (172892.5) (152371.3) (172939.6) (172958.6) (130525.9) 
P4Approach7 875851.3 1064284 1500783 1973491 2439603 3527516 2494154 2129488 1907660 
 (174862.9) (173857.7) (173745.5) (153104.4) (172892.5) (152371.3) (172939.6) (172958.6) (130525.9) 
P4Approach8 1170052 1329037 1494514 2068686 2617232 3953342 2287162 1884559 1777313 
 (174862.9) (173857.7) (173745.5) (153104.4) (172892.5) (152371.3) (172939.6) (172958.6) (130525.9) 
P4Approach9 875851.3 1064284 1497138 1976496 2424559 3501185 2514393 2141140 1910259 
 (174862.9) (173857.7) (173745.5) (153104.4) (172892.5) (152371.3) (172939.6) (172958.6) (130525.9) 
P4Approach10 1022952 1196661 1496737 2021840 2524657 3733846 2395718 2009936 1843136 
 (174862.9) (173857.7) (173745.5) (153104.4) (172892.5) (152371.3) (172939.6) (172958.6) (130525.9) 
PL
P4Approach1 4563166 4520112 4834228 6152376 7098387 10478742 10083767 7385953 6794309 5541587 
 (234709.1) (234498.6) (234266.5) (233487.8) (232662.2) (248965) (248216.6) (264335.7) (289954.2) (289218.5) 
P4Approach2 4600703 4519032 4860028 6213630 7290659 10855375 10569311 7238550 6339083 5290642 
 (234709.1) (234498.6) (234266.5) (233487.8) (232662.2) (248965) (248216.6) (264335.7) (289954.2) (289218.5) 
P4Approach3 4563166 4520112 4834228 6152376 7098387 10478742 10083767 7385953 6794309 5541587 
 (234709.1) (234498.6) (234266.5) (233487.8) (232662.2) (248965) (248216.6) (264335.7) (289954.2) (289218.5) 
P4Approach4 4600703 4519032 4860028 6213630 7290659 10855375 10569311 7333645 6474527 5377548 
 (234709.1) (234498.6) (234266.5) (233487.8) (232662.2) (248965) (248216.6) (264335.7) (289954.2) (289218.5) 
P4Approach5 4581935 4519572 4847128 6183003 7194523 10667058 10326539 7336025 6600557 5437841 
 (234709.1) (234498.6) (234266.5) (233487.8) (232662.2) (248965) (248216.6) (264335.7) (289954.2) (289218.5) 
P4Approach6 4563166 4520112 4834228 6152376 7098387 10478742 10083767 7385953 6794309 5541587 
 (234709.1) (234498.6) (234266.5) (233487.8) (232662.2) (248965) (248216.6) (264335.7) (289954.2) (289218.5) 
P4Approach7 4600703 4519032 4860028 6213630 7290659 10855375 10569311 7238550 6339083 5290642 
 (234709.1) (234498.6) (234266.5) (233487.8) (232662.2) (248965) (248216.6) (264335.7) (289954.2) (289218.5) 
P4Approach8 4563166 4520112 4834228 6152376 7098387 10478742 10083767 7385953 6794309 5541587 
 (234709.1) (234498.6) (234266.5) (233487.8) (232662.2) (248965) (248216.6) (264335.7) (289954.2) (289218.5) 
P4Approach9 4600703 4519032 4860028 6213630 7290659 10855375 10569311 7333645 6474527 5377548 
 (234709.1) (234498.6) (234266.5) (233487.8) (232662.2) (248965) (248216.6) (264335.7) (289954.2) (289218.5) 
P4Approach10 4581935 4519572 4847128 6183003 7194523 10667058 10326539 7336025 6600557 5437841 
 (234709.1) (234498.6) (234266.5) (233487.8) (232662.2) (248965) (248216.6) (264335.7) (289954.2) (289218.5) 
EE
P4Approach1 328088.9 368937.2 402888.8 526165.5 655000.9 923428.4 770959.4 480230.2 504928.5 426689.1 
 (23599.09) (23507.43) (23411.58) (23410.28) (23393.27) (23322.45) (25860.28) (23176.68) (23164.7) (20831.61) 
P4Approach2 329218.1 366582.5 396738.3 513265.5 639672.6 899295 750014.1 500323.9 539276.3 438049.6 
 (23599.09) (23507.43) (23411.58) (23410.28) (23393.27) (23322.45) (25860.28) (23176.68) (23164.7) (20831.61) 
P4Approach3 328088.9 368937.2 402888.8 526165.5 655000.9 923428.4 770959.4 480230.2 504928.5 426689.1 
 (23599.09) (23507.43) (23411.58) (23410.28) (23393.27) (23322.45) (25860.28) (23176.68) (23164.7) (20831.61) 
P4Approach4 331806.7 364873.7 398273 513265.5 635218.1 900584.4 750789.5 496216.9 536503.4 439399.1 
 (23599.09) (23507.43) (23411.58) (23410.28) (23393.27) (23322.45) (25860.28) (23176.68) (23164.7) (20831.61) 
P4Approach5 329300.7 367332.7 400197.2 519715.5 646223.1 911684 760680.6 489250.3 521409.2 432706.7 
 (23599.09) (23507.43) (23411.58) (23410.28) (23393.27) (23322.45) (25860.28) (23176.68) (23164.7) (20831.61) 
P4Approach6 328088.9 368937.2 402888.8 526165.5 655000.9 923428.4 770959.4 480230.2 504928.5 426689.1 
 (23599.09) (23507.43) (23411.58) (23410.28) (23393.27) (23322.45) (25860.28) (23176.68) (23164.7) (20831.61) 
P4Approach7 329218.1 366582.5 396738.3 513265.5 639672.6 899295 750014.1 500323.9 539276.3 438049.6 
 (23599.09) (23507.43) (23411.58) (23410.28) (23393.27) (23322.45) (25860.28) (23176.68) (23164.7) (20831.61) 
P4Approach8 328088.9 368937.2 402888.8 526165.5 655000.9 923428.4 770959.4 480230.2 504928.5 426689.1 
 (23599.09) (23507.43) (23411.58) (23410.28) (23393.27) (23322.45) (25860.28) (23176.68) (23164.7) (20831.61) 
P4Approach9 331806.7 364873.7 398273 513265.5 635218.1 900584.4 750789.5 496216.9 536503.4 439399.1 
 (23599.09) (23507.43) (23411.58) (23410.28) (23393.27) (23322.45) (25860.28) (23176.68) (23164.7) (20831.61) 
P4Approach10 329300.7 367332.7 400197.2 519715.5 646223.1 911684 760680.6 489250.3 521409.2 432706.7 
 (23599.09) (23507.43) (23411.58) (23410.28) (23393.27) (23322.45) (25860.28) (23176.68) (23164.7) (20831.61) 
P4Approach16 328088.9 368937.2 402888.8 526165.5 655000.9 923428.4 770959.4 480230.2 504928.5 426689.1 
 (23599.09) (23507.43) (23411.58) (23410.28) (23393.27) (23322.45) (25860.28) (23176.68) (23164.7) (20831.61) 
P4Approach17 329218.1 366582.5 396738.3 513265.5 639672.6 899295 750014.1 500323.9 539276.3 438049.6 
 (23599.09) (23507.43) (23411.58) (23410.28) (23393.27) (23322.45) (25860.28) (23176.68) (23164.7) (20831.61) 
P4Approach18 328088.9 368937.2 402888.8 526165.5 655000.9 923428.4 770959.4 480230.2 504928.5 426689.1 
 (23599.09) (23507.43) (23411.58) (23410.28) (23393.27) (23322.45) (25860.28) (23176.68) (23164.7) (20831.61) 
P4Approach19 331806.7 364873.7 398273 513265.5 635218.1 900584.4 750789.5 496216.9 536503.4 439399.1 
 (23599.09) (23507.43) (23411.58) (23410.28) (23393.27) (23322.45) (25860.28) (23176.68) (23164.7) (20831.61) 
P4Approach20 329300.7 367332.7 400197.2 519715.5 646223.1 911684 760680.6 489250.3 521409.2 432706.7 
 (23599.09) (23507.43) (23411.58) (23410.28) (23393.27) (23322.45) (25860.28) (23176.68) (23164.7) (20831.61) 
IT
P4Approach1 16236657 18745458 22889284 29530150 47581267 71575174 84373188 41018051 22059494 12409202 
 (1854393) (1841602) (1730140) (1723637) (1743309) (1793699) (1666005) (1754366) (1868084) (1308000) 
P4Approach2 17059555 18873358 23104279 29773810 46189777 69659726 82032917 42557229 24101057 13151092 
 (1854393) (1841602) (1730140) (1723637) (1743309) (1793699) (1666005) (1754366) (1868084) (1308000) 
P4Approach3 16236657 18745458 22889284 29530150 47581267 71575174 84373188 41018051 22024315 12329726 
 (1854393) (1841602) (1730140) (1723637) (1743309) (1793699) (1666005) (1754366) (1868084) (1308000) 
P4Approach4 17059555 18873358 23104279 29773810 46189777 69659726 82032917 42557229 24101057 13151092 
 (1854393) (1841602) (1730140) (1723637) (1743309) (1793699) (1666005) (1754366) (1868084) (1308000) 
P4Approach5 16648106 18809408 22996781 29651980 46885522 70617450 83203052 41787640 23071481 12760278 
 (1854393) (1841602) (1730140) (1723637) (1743309) (1793699) (1666005) (1754366) (1868084) (1308000) 
CZ
P4Approach1 3169868 3335329 3332905 4102600 4413171 6916372 6847934 4403972 3696351 2821689 
 (214667.6) (198980.1) (211870.1) (211116.7) (209893.4) (196686.1) (208777.9) (196923) (196796.3) (213037.6) 
P4Approach2 3135505 3270148 3289610 4135170 4328276 6730272 6698809 4611275 3800395 2994506 
 (214667.6) (198980.1) (211870.1) (211116.7) (209893.4) (196686.1) (208777.9) (196923) (196796.3) (213037.6) 
P4Approach3 3169868 3335329 3332905 4102600 4413171 6916372 6847934 4403972 3696351 2821689 
 (214667.6) (198980.1) (211870.1) (211116.7) (209893.4) (196686.1) (208777.9) (196923) (196796.3) (213037.6) 
P4Approach4 3056369 3270148 3289610 4135170 4328276 6730272 6698809 4566073 3846711 2994506 
 (214667.6) (198980.1) (211870.1) (211116.7) (209893.4) (196686.1) (208777.9) (196923) (196796.3) (213037.6) 
P4Approach5 3132903 3302739 3311258 4118885 4370723 6823322 6773371 4496323 3759952 2908097 
 (214667.6) (198980.1) (211870.1) (211116.7) (209893.4) (196686.1) (208777.9) (196923) (196796.3) (213037.6) 
CY
P4Approach1 308913.2 490613.9 774919.5 1420265 1688384 2105015 2329752 2074100 1636285 741711.1 
 (128104.1) (127569.8) (162596.6) (161927.2) (158426.9) (157954.6) (187129.6) (127684.9) (128847.1) (131663.6) 
P4Approach2 285116 439831.3 799320.1 1616429 1851314 2142843 2274843 1941258 1489977 543207.2 
 (128104.1) (127569.8) (162596.6) (161927.2) (158426.9) (157954.6) (187129.6) (127684.9) (128847.1) (131663.6) 
P4Approach3 308913.2 490613.9 774919.5 1420265 1688384 2105015 2329752 2074100 1636285 741711.1 
 (128104.1) (127569.8) (162596.6) (161927.2) (158426.9) (157954.6) (187129.6) (127684.9) (128847.1) (131663.6) 
P4Approach4 293469.2 435575.6 793095.6 1611606 1837545 2208156 2327810 1987161 1548077 581900.8 
 (128104.1) (127569.8) (162596.6) (161927.2) (158426.9) (157954.6) (187129.6) (127684.9) (128847.1) (131663.6) 
P4Approach5 299102.9 464158.7 785563.7 1517141 1766407 2140257 2315539 2019155 1577656 652132.6 
 (128104.1) (127569.8) (162596.6) (161927.2) (158426.9) (157954.6) (187129.6) (127684.9) (128847.1) (131663.6) 
AT
P4Approach1 12935606 10767426 6153703 6498564 8893987 13389251 15618475 9306530 6420926 4181705 
 (809036.8) (613259.2) (612834.5) (726435.4) (738331.7) (807934.7) (812521.3) (632581.8) (634050.6) (524411.8) 
P4Approach2 13074017 11061983 5874298 6696717 8797593 13498167 15756328 9537765 6709847 4578749 
 (809036.8) (613259.2) (612834.5) (726435.4) (738331.7) (807934.7) (812521.3) (632581.8) (634050.6) (524411.8) 
P4Approach3 12935606 10767426 6153703 6498564 8893987 13389251 15618475 9306530 6420926 4146895 
 (809036.8) (613259.2) (612834.5) (726435.4) (738331.7) (807934.7) (812521.3) (632581.8) (634050.6) (524411.8) 
P4Approach4 13008172 10700885 6322422 6693696 9102745 13432998 15672418 9519601 6740546 4590073 
 (809036.8) (613259.2) (612834.5) (726435.4) (738331.7) (807934.7) (812521.3) (632581.8) (634050.6) (524411.8) 
P4Approach5 12988350 10824430 6126032 6596885 8922078 13427417 15666424 9417607 6573061 4374356 
 (809036.8) (613259.2) (612834.5) (726435.4) (738331.7) (807934.7) (812521.3) (632581.8) (634050.6) (524411.8) 
ES
P4Approach1 21276283 27610538 32344656 39077758 46815634 63868907 49292482 36498152 22559435 
 (1470595) (1399528) (1459724) (1469972) (1726292) (2053125) (1462364) (1483037) (1560684) 
P4Approach2 20347541 26971665 31873015 39481520 45901438 61108700 49395012 38852828 24275782 
 (1470595) (1399528) (1459724) (1469972) (1726292) (2053125) (1462364) (1483037) (1560684) 
P4Approach3 21102018 27471011 32080117 38814530 46815634 63868907 49292482 36498152 22559435 
 (1470595) (1399528) (1459724) (1469972) (1726292) (2053125) (1462364) (1483037) (1560684) 
P4Approach4 20443804 26278897 31946877 39422435 45885189 60737638 49395012 38852828 24275782 
 (1470595) (1399528) (1459724) (1469972) (1726292) (2053125) (1462364) (1483037) (1560684) 
P4Approach5 20792411 27083028 32061166 39199061 46354474 62396038 49343747 37675490 23417609 
 (1470595) (1399528) (1459724) (1469972) (1726292) (2053125) (1462364) (1483037) (1560684) 
SK
P4Approach1 946313 970883.3 947018 1159959 1250035 1756674 1909568 1321002 1196754 964307 
 (70111.98) (70466.02) (70671.02) (70383.4) (70251.2) (75900.92) (73768.53) (70672.09) (70479.62) (62996.88) 
P4Approach2 850062 826942.7 877870.2 983722.1 1042493 1280682 1374924 1322285 1271693 1018642 
 (70111.98) (70466.02) (70671.02) (70383.4) (70251.2) (75900.92) (73768.53) (70672.09) (70479.62) (62996.88) 
P4Approach3 946313 987744.5 963916.1 1159959 1250035 1756674 1909568 1321002 1196754 964307 
 (70111.98) (70466.02) (70671.02) (70383.4) (70251.2) (75900.92) (73768.53) (70672.09) (70479.62) (62996.88) 
P4Approach4 850062 826942.7 877870.2 983722.1 1042493 1280682 1374924 1322285 1193134 1006824 
 (70111.98) (70466.02) (70671.02) (70383.4) (70251.2) (75900.92) (73768.53) (70672.09) (70479.62) (62996.88) 
P4Approach5 898187.5 903128.3 916668.6 1071841 1146264 1518678 1642246 1321643 1214584 988519.8 
 (70111.98) (70466.02) (70671.02) (70383.4) (70251.2) (75900.92) (73768.53) (70672.09) (70479.62) (62996.88) 
P4Approach6 946313 970883.3 947018 1159959 1250035 1756674 1909568 1321002 1196754 964307 
 (70111.98) (70466.02) (70671.02) (70383.4) (70251.2) (75900.92) (73768.53) (70672.09) (70479.62) (62996.88) 
P4Approach7 850062 826942.7 877870.2 983722.1 1042493 1280682 1374924 1322285 1271693 1018642 
 (70111.98) (70466.02) (70671.02) (70383.4) (70251.2) (75900.92) (73768.53) (70672.09) (70479.62) (62996.88) 
P4Approach8 946313 987744.5 963916.1 1159959 1250035 1756674 1909568 1321002 1196754 964307 
 (70111.98) (70466.02) (70671.02) (70383.4) (70251.2) (75900.92) (73768.53) (70672.09) (70479.62) (62996.88) 
P4Approach9 850062 826942.7 877870.2 983722.1 1042493 1280682 1374924 1322285 1193134 1006824 
 (70111.98) (70466.02) (70671.02) (70383.4) (70251.2) (75900.92) (73768.53) (70672.09) (70479.62) (62996.88) 
P4Approach10 898187.5 903128.3 916668.6 1071841 1146264 1518678 1642246 1321643 1214584 988519.8 
 (70111.98) (70466.02) (70671.02) (70383.4) (70251.2) (75900.92) (73768.53) (70672.09) (70479.62) (62996.88) 
MT
P4Approach1 496459 592637.3 741183.4 856243.8 1001743 1179562 1221474 910107.9 768005.9 497507.6 
 (117914.5) (117251.1) (159200) (158307.1) (157511.2) (156645) (184656.1) (155434.5) (114201.1) (164904.4) 
P4Approach2 465354 595752.2 764648.4 859726.6 940332.1 1082355 1136144 910309.7 819118.3 524207.9 
 (117914.5) (117251.1) (159200) (158307.1) (157511.2) (156645) (184656.1) (155434.5) (114201.1) (164904.4) 
P4Approach3 496459 592637.3 741183.4 856243.8 1001743 1179562 1221474 910107.9 768005.9 497507.6 
 (117914.5) (117251.1) (159200) (158307.1) (157511.2) (156645) (184656.1) (155434.5) (114201.1) (164904.4) 
P4Approach4 465354 588044.4 753413.5 851227.8 935611.3 1085911 1127198 910309.7 827357.4 532400.3 
 (117914.5) (117251.1) (159200) (158307.1) (157511.2) (156645) (184656.1) (155434.5) (114201.1) (164904.4) 
P4Approach5 480906.5 592267.8 750107.2 855860.5 969857.2 1131847 1176572 910208.8 795621.9 512905.8 
 (117914.5) (117251.1) (159200) (158307.1) (157511.2) (156645) (184656.1) (155434.5) (114201.1) (164904.4) 
P4Approach6 496459 592637.3 741183.4 856243.8 1001743 1179562 1221474 910107.9 768005.9 497507.6 
 (117914.5) (117251.1) (159200) (158307.1) (157511.2) (156645) (184656.1) (155434.5) (114201.1) (164904.4) 
P4Approach7 465354 595752.2 764648.4 859726.6 940332.1 1082355 1136144 910309.7 819118.3 524207.9 
 (117914.5) (117251.1) (159200) (158307.1) (157511.2) (156645) (184656.1) (155434.5) (114201.1) (164904.4) 
P4Approach8 496459 592637.3 741183.4 856243.8 1001743 1179562 1221474 910107.9 768005.9 497507.6 
 (117914.5) (117251.1) (159200) (158307.1) (157511.2) (156645) (184656.1) (155434.5) (114201.1) (164904.4) 
P4Approach9 465354 588044.4 753413.5 851227.8 935611.3 1085911 1127198 910309.7 827357.4 532400.3 
 (117914.5) (117251.1) (159200) (158307.1) (157511.2) (156645) (184656.1) (155434.5) (114201.1) (164904.4) 
P4Approach10 480906.5 592267.8 750107.2 855860.5 969857.2 1131847 1176572 910208.8 795621.9 512905.8 
 (117914.5) (117251.1) (159200) (158307.1) (157511.2) (156645) (184656.1) (155434.5) (114201.1) (164904.4) 
P4Approach16 496459 592637.3 741183.4 856243.8 1001743 1179562 1221474 910107.9 768005.9 497507.6 
 (117914.5) (117251.1) (159200) (158307.1) (157511.2) (156645) (184656.1) (155434.5) (114201.1) (164904.4) 
P4Approach17 465354 595752.2 764648.4 859726.6 940332.1 1082355 1136144 910309.7 819118.3 524207.9 
 (117914.5) (117251.1) (159200) (158307.1) (157511.2) (156645) (184656.1) (155434.5) (114201.1) (164904.4) 
P4Approach18 496459 592637.3 741183.4 856243.8 1001743 1179562 1221474 910107.9 768005.9 497507.6 
 (117914.5) (117251.1) (159200) (158307.1) (157511.2) (156645) (184656.1) (155434.5) (114201.1) (164904.4) 
P4Approach19 465354 588044.4 753413.5 851227.8 935611.3 1085911 1127198 910309.7 827357.4 532400.3 
 (117914.5) (117251.1) (159200) (158307.1) (157511.2) (156645) (184656.1) (155434.5) (114201.1) (164904.4) 
P4Approach20 480906.5 592267.8 750107.2 855860.5 969857.2 1131847 1176572 910208.8 795621.9 512905.8 
 (117914.5) (117251.1) (159200) (158307.1) (157511.2) (156645) (184656.1) (155434.5) (114201.1) (164904.4) 
SI
P4Approach1 599602.3 610417.8 664529.8 790870.2 1004598 1475470 1678001 955366.9 727552 540693.3 
 (41323.34) (41216.81) (45044.44) (46463.08) (40746.6) (40732.7) (44523.56) (41892.19) (44973.76) (46732.08) 
P4Approach2 605923.9 585401.5 655301.6 798984.2 988621.6 1503238 1750469 937990.4 734514.5 542141.6 
 (41323.34) (41216.81) (45044.44) (46463.08) (40746.6) (40732.7) (44523.56) (41892.19) (44973.76) (46732.08) 
P4Approach3 599602.3 610417.8 664529.8 790870.2 1003311 1475470 1678001 955366.9 735157.4 540693.3 
 (41323.34) (41216.81) (45044.44) (46463.08) (40746.6) (40732.7) (44523.56) (41892.19) (44973.76) (46732.08) 
P4Approach4 597901.6 583541.9 655188.2 794667.8 990092.2 1484499 1741649 932551.1 740753.5 542310.9 
 (41323.34) (41216.81) (45044.44) (46463.08) (40746.6) (40732.7) (44523.56) (41892.19) (44973.76) (46732.08) 
P4Approach5 600757.5 597444.7 659887.3 793848.1 996655.5 1484670 1712030 945318.8 734494.3 541459.8 
 (41323.34) (41216.81) (45044.44) (46463.08) (40746.6) (40732.7) (44523.56) (41892.19) (44973.76) (46732.08) 
P4Approach6 599602.3 610417.8 664529.8 790870.2 1004598 1475470 1678001 955366.9 727552 540693.3 
 (41323.34) (41216.81) (45044.44) (46463.08) (40746.6) (40732.7) (44523.56) (41892.19) (44973.76) (46732.08) 
P4Approach7 605923.9 585401.5 655301.6 798984.2 988621.6 1503238 1750469 937990.4 734514.5 542141.6 
 (41323.34) (41216.81) (45044.44) (46463.08) (40746.6) (40732.7) (44523.56) (41892.19) (44973.76) (46732.08) 
P4Approach8 599602.3 610417.8 664529.8 790870.2 1003311 1475470 1678001 955366.9 735157.4 540693.3 
 (41323.34) (41216.81) (45044.44) (46463.08) (40746.6) (40732.7) (44523.56) (41892.19) (44973.76) (46732.08) 
P4Approach9 597901.6 583541.9 655188.2 794667.8 990092.2 1484499 1741649 932551.1 740753.5 542310.9 
 (41323.34) (41216.81) (45044.44) (46463.08) (40746.6) (40732.7) (44523.56) (41892.19) (44973.76) (46732.08) 
P4Approach10 600757.5 597444.7 659887.3 793848.1 996655.5 1484670 1712030 945318.8 734494.3 541459.8 
 (41323.34) (41216.81) (45044.44) (46463.08) (40746.6) (40732.7) (44523.56) (41892.19) (44973.76) (46732.08) 
SE
P4Approach1 3357141 3682037 3543000 4854035 6045062 11479348 6961839 3264220 2954035 3071685 
 (734657.7) (732588.8) (730375.8) (728071.7) (725546.5) (724859) (957644.6) (954642.1) (720065.7) (379813.9) 
P4Approach2 3130266 3339024 3379559 4653385 5769896 11484839 7800583 4009068 3688940 3200542 
 (734657.7) (732588.8) (730375.8) (728071.7) (725546.5) (724859) (957644.6) (954642.1) (720065.7) (379813.9) 
P4Approach3 3357141 3682037 3543000 4854035 6045062 11479348 6961839 3264220 2954035 3071685 
 (734657.7) (732588.8) (730375.8) (728071.7) (725546.5) (724859) (957644.6) (954642.1) (720065.7) (379813.9) 
P4Approach4 3049055 3254332 3301838 4584400 5691812 11384042 7664526 3900523 3609862 3119896 
 (734657.7) (732588.8) (730375.8) (728071.7) (725546.5) (724859) (957644.6) (954642.1) (720065.7) (379813.9) 
P4Approach5 3223401 3489358 3441850 4736464 5887958 11456894 7347197 3609508 3301718 3115952 
 (734657.7) (732588.8) (730375.8) (728071.7) (725546.5) (724859) (957644.6) (954642.1) (720065.7) (379813.9) 
