P4
BE
P4Approach1 385.76 384.52 418.26 412.46 409.89 413.47 434.2 417.06 411.95 393.88 394.9 
 (20.61) (20.59) (20.79) (11.8) (20.71) (20.79) (20.63) (11.65) (20.54) (11.54) (19.7) 
P4Approach2 404.48 386.94 419.03 416.13 414.91 394.54 404.61 418.68 424.74 392.17 394.67 
 (20.61) (20.59) (20.79) (11.8) (20.71) (20.79) (20.63) (11.65) (20.54) (11.54) (19.7) 
P4Approach3 388.27 384.52 418.37 412.46 407.05 413.43 432.85 417.92 413.49 393.88 394.9 
 (20.61) (20.59) (20.79) (11.8) (20.71) (20.79) (20.63) (11.65) (20.54) (11.54) (19.7) 
P4Approach4 404.48 386.94 419.03 416.13 415.34 393.23 400 418.47 425.39 391.43 393.4 
 (20.61) (20.59) (20.79) (11.8) (20.71) (20.79) (20.63) (11.65) (20.54) (11.54) (19.7) 
P4Approach5 395.75 385.73 418.67 414.29 411.8 403.67 417.91 418.03 418.89 392.84 394.47 
 (20.61) (20.59) (20.79) (11.8) (20.71) (20.79) (20.63) (11.65) (20.54) (11.54) (19.7) 
FR
P4Approach1 3103.74 3042.52 3005.9 2819.16 2691.79 2660.32 2790 3047.14 3221.27 2963.89 2911.23 
 (87.7) (87.43) (87.68) (46.59) (87.02) (86.98) (88.09) (46.87) (88.33) (51.45) (93.66) 
P4Approach2 3121.75 3018.02 3016.02 2809.94 2697.02 2722.08 2859.35 3017.78 3144.44 2955.32 2921.4 
 (87.7) (87.43) (87.68) (46.59) (87.02) (86.98) (88.09) (46.87) (88.33) (51.45) (93.66) 
P4Approach3 3103.74 3042.52 3005.9 2819.16 2691.79 2660.32 2790 3047.14 3221.27 2963.89 2911.23 
 (87.7) (87.43) (87.68) (46.59) (87.02) (86.98) (88.09) (46.87) (88.33) (51.45) (93.66) 
P4Approach4 3109.86 3038.69 2995.6 2816.56 2683.82 2679.78 2829.1 3056.69 3213.28 2954.67 2927.71 
 (87.7) (87.43) (87.68) (46.59) (87.02) (86.98) (88.09) (46.87) (88.33) (51.45) (93.66) 
P4Approach5 3109.77 3035.44 3005.85 2816.21 2691.11 2680.62 2817.11 3042.19 3200.06 2959.44 2917.89 
 (87.7) (87.43) (87.68) (46.59) (87.02) (86.98) (88.09) (46.87) (88.33) (51.45) (93.66) 
BG
P4Approach1 311.08 318.08 255.24 236.2 229.16 210.2 204.84 235.6 230.48 232.2 231.56 
 (20.5) (20.45) (20.19) (10.35) (20.12) (20.36) (20.33) (10.28) (20.03) (10.24) (19.95) 
P4Approach2 314.13 304.94 257.28 228.96 214.33 209.6 212.27 234.76 232.62 234.17 234.73 
 (20.5) (20.45) (20.19) (10.35) (20.12) (20.36) (20.33) (10.28) (20.03) (10.24) (19.95) 
P4Approach3 311.08 318.08 255.24 236.2 229.16 210.2 204.84 235.6 230.48 232.2 231.56 
 (20.5) (20.45) (20.19) (10.35) (20.12) (20.36) (20.33) (10.28) (20.03) (10.24) (19.95) 
P4Approach4 313.86 309.63 257.28 228.96 214.33 210.92 207.51 234.76 232.62 234.17 234.73 
 (20.5) (20.45) (20.19) (10.35) (20.12) (20.36) (20.33) (10.28) (20.03) (10.24) (19.95) 
P4Approach5 312.54 312.68 256.26 232.58 221.75 210.23 207.36 235.18 231.55 233.18 233.14 
 (20.5) (20.45) (20.19) (10.35) (20.12) (20.36) (20.33) (10.28) (20.03) (10.24) (19.95) 
DK
P4Approach1 195.17 185.16 177.2 170.78 167.51 175.89 183.47 186.27 184.26 191.69 195.56 
 (11.33) (11.29) (11.3) (7.39) (11.12) (11.11) (11.2) (7.35) (11.19) (7.25) (10.25) 
P4Approach2 189.21 190.64 181.57 172.59 171.77 185.95 182.8 182.75 180.33 191.35 198.11 
 (11.33) (11.29) (11.3) (7.39) (11.12) (11.11) (11.2) (7.35) (11.19) (7.25) (10.25) 
P4Approach3 195.17 185.16 177.2 170.78 167.51 175.89 183.47 186.27 184.26 191.69 195.56 
 (11.33) (11.29) (11.3) (7.39) (11.12) (11.11) (11.2) (7.35) (11.19) (7.25) (10.25) 
P4Approach4 189.21 190.64 181.57 172.59 171.77 185.95 182.8 182.75 180.33 191.35 198.11 
 (11.33) (11.29) (11.3) (7.39) (11.12) (11.11) (11.2) (7.35) (11.19) (7.25) (10.25) 
P4Approach5 192.19 187.9 179.39 171.68 169.64 180.92 183.14 184.51 182.29 191.52 196.83 
 (11.33) (11.29) (11.3) (7.39) (11.12) (11.11) (11.2) (7.35) (11.19) (7.25) (10.25) 
HR
P4Approach1 330.6 317.47 294.39 266.03 255.58 213.63 215.17 222.89 232.5 251.6 262.48 
 (15.37) (15.41) (15.31) (7.07) (14.93) (15.16) (15.45) (7.1) (15.32) (7.16) (15.33) 
P4Approach2 315.55 309.14 289.74 263.73 255.07 225.42 231.15 222.91 236.91 245.61 245.25 
 (15.37) (15.41) (15.31) (7.07) (14.93) (15.16) (15.45) (7.1) (15.32) (7.16) (15.33) 
P4Approach3 313.93 319.11 308 264.8 252.64 200.64 205.04 217.4 216.12 251.6 262.48 
 (15.37) (15.41) (15.31) (7.07) (14.93) (15.16) (15.45) (7.1) (15.32) (7.16) (15.33) 
P4Approach4 315.55 309.14 289.74 263.73 255.07 225.42 231.15 222.91 236.91 245.61 245.25 
 (15.37) (15.41) (15.31) (7.07) (14.93) (15.16) (15.45) (7.1) (15.32) (7.16) (15.33) 
P4Approach5 318.91 313.72 295.47 264.57 254.59 216.28 220.63 221.53 230.61 248.6 253.86 
 (15.37) (15.41) (15.31) (7.07) (14.93) (15.16) (15.45) (7.1) (15.32) (7.16) (15.33) 
DE
P4Approach1 2163.2 1868.06 1722.67 1736.22 1763.39 1819.13 1810.83 1741.26 1722.66 1756.76 1768.87 
 (158.52) (160.18) (159.86) (118.47) (159.73) (158.27) (156.4) (115.81) (155.12) (120.17) (162.55) 
P4Approach2 2037.57 1841.83 1840.02 1710.94 1732.52 1748.6 1745.74 1755.74 1761.55 1773.14 1700.39 
 (158.52) (160.18) (159.86) (118.47) (159.73) (158.27) (156.4) (115.81) (155.12) (120.17) (162.55) 
P4Approach3 2163.2 1883.35 1807.65 1736.22 1763.39 1819.13 1810.83 1748.62 1740.31 1756.76 1768.87 
 (158.52) (160.18) (159.86) (118.47) (159.73) (158.27) (156.4) (115.81) (155.12) (120.17) (162.55) 
P4Approach4 2060.98 1820.28 1840.16 1703.54 1726.68 1768.3 1786.19 1778.26 1785.14 1786.04 1722.48 
 (158.52) (160.18) (159.86) (118.47) (159.73) (158.27) (156.4) (115.81) (155.12) (120.17) (162.55) 
P4Approach5 2106.24 1853.38 1802.62 1721.73 1746.49 1788.79 1788.4 1755.97 1752.42 1768.18 1740.15 
 (158.52) (160.18) (159.86) (118.47) (159.73) (158.27) (156.4) (115.81) (155.12) (120.17) (162.55) 
HU
P4Approach1 301.45 285.68 257.07 241.71 234.92 228.61 218.32 218.97 213.5 209.52 213.44 
 (18.95) (18.9) (18.91) (14.33) (19.01) (18.96) (18.88) (14.21) (18.79) (14.58) (19.43) 
P4Approach2 288.32 273 257.24 257.12 255.15 233.33 209.22 225.22 223.1 215.59 220.27 
 (18.95) (18.9) (18.91) (14.33) (19.01) (18.96) (18.88) (14.21) (18.79) (14.58) (19.43) 
P4Approach3 301.45 285.68 257.07 241.71 234.92 228.61 218.32 216.13 208.33 209.52 213.44 
 (18.95) (18.9) (18.91) (14.33) (19.01) (18.96) (18.88) (14.21) (18.79) (14.58) (19.43) 
P4Approach4 288.32 275.46 257.01 253.32 253.57 233.07 209.22 225.22 223.1 215.59 220.27 
 (18.95) (18.9) (18.91) (14.33) (19.01) (18.96) (18.88) (14.21) (18.79) (14.58) (19.43) 
P4Approach5 294.89 279.95 257.09 248.46 244.64 230.91 213.77 221.39 217.01 212.55 216.86 
 (18.95) (18.9) (18.91) (14.33) (19.01) (18.96) (18.88) (14.21) (18.79) (14.58) (19.43) 
FI
P4Approach1 248.38 257.37 277.32 323.63 253.54 211 211.53 204.23 204.98 206.4 215.86 
 (13.21) (13.18) (13.19) (13.19) (13.28) (14.63) (13.24) (13.25) (13.22) (13) (12.98) 
P4Approach2 273.32 264.35 276.81 303.6 271.69 217.73 207 206.18 202.54 196.96 228.6 
 (13.21) (13.18) (13.19) (13.19) (13.28) (14.63) (13.24) (13.25) (13.22) (13) (12.98) 
P4Approach3 248.38 257.37 277.32 323.63 253.54 211 211.53 204.23 204.98 206.4 215.86 
 (13.21) (13.18) (13.19) (13.19) (13.28) (14.63) (13.24) (13.25) (13.22) (13) (12.98) 
P4Approach4 273.75 263.78 276.99 305.24 264.91 221.33 207.75 203.9 211.26 197.51 228.6 
 (13.21) (13.18) (13.19) (13.19) (13.28) (14.63) (13.24) (13.25) (13.22) (13) (12.98) 
P4Approach5 260.95 260.71 277.11 314.02 260.92 215.27 209.45 204.63 205.94 201.82 222.23 
 (13.21) (13.18) (13.19) (13.19) (13.28) (14.63) (13.24) (13.25) (13.22) (13) (12.98) 
NL
P4Approach1 606.05 602.61 580.39 561.04 538.45 516.58 499.92 511.05 512.54 501.31 474.77 
 (8.88) (8.87) (12.53) (8.86) (8.83) (8.85) (8.83) (8.88) (8.86) (8.98) (8.96) 
P4Approach2 588.14 604.41 608.85 566.76 541.56 522.7 514.93 516.85 524.38 499.71 483.29 
 (8.88) (8.87) (12.53) (8.86) (8.83) (8.85) (8.83) (8.88) (8.86) (8.98) (8.96) 
P4Approach3 606.05 602.61 580.39 561.04 538.45 516.58 499.92 511.05 512.54 501.31 474.77 
 (8.88) (8.87) (12.53) (8.86) (8.83) (8.85) (8.83) (8.88) (8.86) (8.98) (8.96) 
P4Approach4 588.14 604.41 608.85 566.76 541.56 522.7 514.93 516.85 524.38 499.71 483.29 
 (8.88) (8.87) (12.53) (8.86) (8.83) (8.85) (8.83) (8.88) (8.86) (8.98) (8.96) 
P4Approach5 597.1 603.51 594.62 563.9 540.01 519.64 507.43 513.95 518.46 500.51 479.03 
 (8.88) (8.87) (12.53) (8.86) (8.83) (8.85) (8.83) (8.88) (8.86) (8.98) (8.96) 
P4Approach6 606.05 602.61 580.39 561.04 538.45 516.58 499.92 511.05 512.54 501.31 474.77 
 (8.88) (8.87) (12.53) (8.86) (8.83) (8.85) (8.83) (8.88) (8.86) (8.98) (8.96) 
P4Approach7 588.14 604.41 608.85 566.76 541.56 522.7 514.93 516.85 524.38 499.71 483.29 
 (8.88) (8.87) (12.53) (8.86) (8.83) (8.85) (8.83) (8.88) (8.86) (8.98) (8.96) 
P4Approach8 606.05 602.61 580.39 561.04 538.45 516.58 499.92 511.05 512.54 501.31 474.77 
 (8.88) (8.87) (12.53) (8.86) (8.83) (8.85) (8.83) (8.88) (8.86) (8.98) (8.96) 
P4Approach9 588.14 604.41 608.85 566.76 541.56 522.7 514.93 516.85 524.38 499.71 483.29 
 (8.88) (8.87) (12.53) (8.86) (8.83) (8.85) (8.83) (8.88) (8.86) (8.98) (8.96) 
P4Approach10 597.1 603.51 594.62 563.9 540.01 519.64 507.43 513.95 518.46 500.51 479.03 
 (8.88) (8.87) (12.53) (8.86) (8.83) (8.85) (8.83) (8.88) (8.86) (8.98) (8.96) 
P4Approach16 606.05 602.61 580.39 561.04 538.45 516.58 499.92 511.05 512.54 501.31 474.77 
 (8.88) (8.87) (12.53) (8.86) (8.83) (8.85) (8.83) (8.88) (8.86) (8.98) (8.96) 
P4Approach17 588.14 604.41 608.85 566.76 541.56 522.7 514.93 516.85 524.38 499.71 483.29 
 (8.88) (8.87) (12.53) (8.86) (8.83) (8.85) (8.83) (8.88) (8.86) (8.98) (8.96) 
P4Approach18 606.05 602.61 580.39 561.04 538.45 516.58 499.92 511.05 512.54 501.31 474.77 
 (8.88) (8.87) (12.53) (8.86) (8.83) (8.85) (8.83) (8.88) (8.86) (8.98) (8.96) 
P4Approach19 588.14 604.41 608.85 566.76 541.56 522.7 514.93 516.85 524.38 499.71 483.29 
 (8.88) (8.87) (12.53) (8.86) (8.83) (8.85) (8.83) (8.88) (8.86) (8.98) (8.96) 
P4Approach20 597.1 603.51 594.62 563.9 540.01 519.64 507.43 513.95 518.46 500.51 479.03 
 (8.88) (8.87) (12.53) (8.86) (8.83) (8.85) (8.83) (8.88) (8.86) (8.98) (8.96) 
PT
P4Approach1 612.62 627.07 623.36 595.28 587.76 562.22 549.29 555.12 554.98 553.06 553.75 
 (17.66) (17.55) (17.52) (10.23) (17.65) (17.77) (17.7) (10.26) (17.64) (10.22) (17.76) 
P4Approach2 599.68 620.3 630.41 592.27 591.51 566.29 541.78 559.34 564.14 554.17 552.84 
 (17.66) (17.55) (17.52) (10.23) (17.65) (17.77) (17.7) (10.26) (17.64) (10.22) (17.76) 
P4Approach3 612.62 627.07 647.74 595.28 587.76 562.22 549.29 555.12 554.98 553.06 553.75 
 (17.66) (17.55) (17.52) (10.23) (17.65) (17.77) (17.7) (10.26) (17.64) (10.22) (17.76) 
P4Approach4 599.68 620.3 630.41 592.27 592.01 566.29 540.13 558.32 567.18 554.17 552.84 
 (17.66) (17.55) (17.52) (10.23) (17.65) (17.77) (17.7) (10.26) (17.64) (10.22) (17.76) 
P4Approach5 606.15 623.68 632.98 593.77 589.76 564.25 545.12 556.98 560.32 553.61 553.29 
 (17.66) (17.55) (17.52) (10.23) (17.65) (17.77) (17.7) (10.26) (17.64) (10.22) (17.76) 
P4Approach6 612.62 627.07 623.36 595.28 587.76 562.22 549.29 555.12 554.98 553.06 553.75 
 (17.66) (17.55) (17.52) (10.23) (17.65) (17.77) (17.7) (10.26) (17.64) (10.22) (17.76) 
P4Approach7 599.68 620.3 630.41 592.27 591.51 566.29 541.78 559.34 564.14 554.17 552.84 
 (17.66) (17.55) (17.52) (10.23) (17.65) (17.77) (17.7) (10.26) (17.64) (10.22) (17.76) 
P4Approach8 612.62 627.07 647.74 595.28 587.76 562.22 549.29 555.12 554.98 553.06 553.75 
 (17.66) (17.55) (17.52) (10.23) (17.65) (17.77) (17.7) (10.26) (17.64) (10.22) (17.76) 
P4Approach9 599.68 620.3 630.41 592.27 592.01 566.29 540.13 558.32 567.18 554.17 552.84 
 (17.66) (17.55) (17.52) (10.23) (17.65) (17.77) (17.7) (10.26) (17.64) (10.22) (17.76) 
P4Approach10 606.15 623.68 632.98 593.77 589.76 564.25 545.12 556.98 560.32 553.61 553.29 
 (17.66) (17.55) (17.52) (10.23) (17.65) (17.77) (17.7) (10.26) (17.64) (10.22) (17.76) 
P4Approach16 612.62 627.07 623.36 595.28 587.76 562.22 549.29 555.12 554.98 553.06 553.75 
 (17.66) (17.55) (17.52) (10.23) (17.65) (17.77) (17.7) (10.26) (17.64) (10.22) (17.76) 
P4Approach17 599.68 620.3 630.41 592.27 591.51 566.29 541.78 559.34 564.14 554.17 552.84 
 (17.66) (17.55) (17.52) (10.23) (17.65) (17.77) (17.7) (10.26) (17.64) (10.22) (17.76) 
P4Approach18 612.62 627.07 647.74 595.28 587.76 562.22 549.29 555.12 554.98 553.06 553.75 
 (17.66) (17.55) (17.52) (10.23) (17.65) (17.77) (17.7) (10.26) (17.64) (10.22) (17.76) 
P4Approach19 599.68 620.3 630.41 592.27 592.01 566.29 540.13 558.32 567.18 554.17 552.84 
 (17.66) (17.55) (17.52) (10.23) (17.65) (17.77) (17.7) (10.26) (17.64) (10.22) (17.76) 
P4Approach20 606.15 623.68 632.98 593.77 589.76 564.25 545.12 556.98 560.32 553.61 553.29 
 (17.66) (17.55) (17.52) (10.23) (17.65) (17.77) (17.7) (10.26) (17.64) (10.22) (17.76) 
LV
P4Approach1 107.76 110.76 109.88 95.6 96.12 89.22 92.56 88.4 87.12 91.2 90.56 
 (8.69) (8.69) (8.67) (4.06) (8.66) (8.64) (8.57) (4) (8.5) (3.99) (8.42) 
P4Approach2 110.03 109.62 103.45 97.1 100.24 87.84 94.9 87.12 84.5 93.08 94.05 
 (8.69) (8.69) (8.67) (4.06) (8.66) (8.64) (8.57) (4) (8.5) (3.99) (8.42) 
P4Approach3 107.76 110.76 109.88 95.6 96.12 89.22 92.56 88.4 87.12 91.2 90.56 
 (8.69) (8.69) (8.67) (4.06) (8.66) (8.64) (8.57) (4) (8.5) (3.99) (8.42) 
P4Approach4 108.66 109.62 105.01 96.7 99.28 89.64 95.64 87 84.47 92.87 92.83 
 (8.69) (8.69) (8.67) (4.06) (8.66) (8.64) (8.57) (4) (8.5) (3.99) (8.42) 
P4Approach5 108.55 110.19 107.06 96.25 97.94 88.98 93.91 87.73 85.8 92.09 92 
 (8.69) (8.69) (8.67) (4.06) (8.66) (8.64) (8.57) (4) (8.5) (3.99) (8.42) 
EU28
P4Approach1 22649.43 22115.87 21202.38 20832.6 20391.84 20292.68 20222.83 20101.1 20222.54 20516.79 20383.29 
 (478.01) (478.01) (477.87) (303.56) (474.82) (473.49) (471.05) (302.74) (471.32) (301.84) (480.49) 
P4Approach2 22745.97 22142.66 21516.25 20896.35 20535.77 19940.24 19715.87 20425.6 20670.39 20472.12 20021.81 
 (478.01) (478.01) (477.87) (303.56) (474.82) (473.49) (471.05) (302.74) (471.32) (301.84) (480.49) 
P4Approach3 22649.43 22115.87 21202.38 20832.6 20391.84 20292.68 20222.83 20101.1 20222.54 20516.79 20383.29 
 (478.01) (478.01) (477.87) (303.56) (474.82) (473.49) (471.05) (302.74) (471.32) (301.84) (480.49) 
P4Approach4 22745.97 22142.66 21516.25 20896.35 20535.77 19940.24 19715.87 20408.18 20637.06 20410 20194.27 
 (478.01) (478.01) (477.87) (303.56) (474.82) (473.49) (471.05) (302.74) (471.32) (301.84) (480.49) 
P4Approach5 22697.7 22129.26 21359.31 20864.48 20463.81 20116.46 19969.35 20259 20438.14 20478.93 20245.67 
 (478.01) (478.01) (477.87) (303.56) (474.82) (473.49) (471.05) (302.74) (471.32) (301.84) (480.49) 
P4Approach6 22649.43 22115.87 21202.38 20832.6 20391.84 20292.68 20222.83 20101.1 20222.54 20516.79 20383.29 
 (478.01) (478.01) (477.87) (303.56) (474.82) (473.49) (471.05) (302.74) (471.32) (301.84) (480.49) 
P4Approach7 22745.97 22142.66 21516.25 20896.35 20535.77 19940.24 19715.87 20425.6 20670.39 20472.12 20021.81 
 (478.01) (478.01) (477.87) (303.56) (474.82) (473.49) (471.05) (302.74) (471.32) (301.84) (480.49) 
P4Approach8 22649.43 22115.87 21202.38 20832.6 20391.84 20292.68 20222.83 20101.1 20222.54 20516.79 20383.29 
 (478.01) (478.01) (477.87) (303.56) (474.82) (473.49) (471.05) (302.74) (471.32) (301.84) (480.49) 
P4Approach9 22745.97 22142.66 21516.25 20896.35 20535.77 19940.24 19715.87 20408.18 20637.06 20410 20194.27 
 (478.01) (478.01) (477.87) (303.56) (474.82) (473.49) (471.05) (302.74) (471.32) (301.84) (480.49) 
P4Approach10 22697.7 22129.26 21359.31 20864.48 20463.81 20116.46 19969.35 20259 20438.14 20478.93 20245.67 
 (478.01) (478.01) (477.87) (303.56) (474.82) (473.49) (471.05) (302.74) (471.32) (301.84) (480.49) 
P4Approach11 22649.43 22115.87 21202.38 20832.6 20391.84 20292.68 20222.83 20101.1 20222.54 20516.79 20383.29 
 (478.01) (478.01) (477.87) (303.56) (474.82) (473.49) (471.05) (302.74) (471.32) (301.84) (480.49) 
P4Approach12 22745.97 22142.66 21516.25 20896.35 20535.77 19940.24 19715.87 20425.6 20670.39 20472.12 20021.81 
 (478.01) (478.01) (477.87) (303.56) (474.82) (473.49) (471.05) (302.74) (471.32) (301.84) (480.49) 
P4Approach13 22649.43 22115.87 21202.38 20832.6 20391.84 20292.68 20222.83 20101.1 20222.54 20516.79 20383.29 
 (478.01) (478.01) (477.87) (303.56) (474.82) (473.49) (471.05) (302.74) (471.32) (301.84) (480.49) 
P4Approach14 22745.97 22142.66 21516.25 20896.35 20535.77 19940.24 19715.87 20408.18 20637.06 20410 20194.27 
 (478.01) (478.01) (477.87) (303.56) (474.82) (473.49) (471.05) (302.74) (471.32) (301.84) (480.49) 
P4Approach15 22697.7 22129.26 21359.31 20864.48 20463.81 20116.46 19969.35 20259 20438.14 20478.93 20245.67 
 (478.01) (478.01) (477.87) (303.56) (474.82) (473.49) (471.05) (302.74) (471.32) (301.84) (480.49) 
P4Approach16 22649.43 22115.87 21202.38 20832.6 20391.84 20292.68 20222.83 20101.1 20222.54 20516.79 20383.29 
 (478.01) (478.01) (477.87) (303.56) (474.82) (473.49) (471.05) (302.74) (471.32) (301.84) (480.49) 
P4Approach17 22745.97 22142.66 21516.25 20896.35 20535.77 19940.24 19715.87 20425.6 20670.39 20472.12 20021.81 
 (478.01) (478.01) (477.87) (303.56) (474.82) (473.49) (471.05) (302.74) (471.32) (301.84) (480.49) 
P4Approach18 22649.43 22115.87 21202.38 20832.6 20391.84 20292.68 20222.83 20101.1 20222.54 20516.79 20383.29 
 (478.01) (478.01) (477.87) (303.56) (474.82) (473.49) (471.05) (302.74) (471.32) (301.84) (480.49) 
P4Approach19 22745.97 22142.66 21516.25 20896.35 20535.77 19940.24 19715.87 20408.18 20637.06 20410 20194.27 
 (478.01) (478.01) (477.87) (303.56) (474.82) (473.49) (471.05) (302.74) (471.32) (301.84) (480.49) 
P4Approach20 22697.7 22129.26 21359.31 20864.48 20463.81 20116.46 19969.35 20259 20438.14 20478.93 20245.67 
 (478.01) (478.01) (477.87) (303.56) (474.82) (473.49) (471.05) (302.74) (471.32) (301.84) (480.49) 
LT
P4Approach1 152.56 154.63 135.11 122.34 123.95 111.4 107.37 118.99 115.77 111.44 112.69 
 (13.25) (13.26) (13.27) (6.26) (13.54) (13.5) (13.33) (6.25) (13.26) (6.37) (13.53) 
P4Approach2 136.14 154.6 130.7 124.11 127.89 105.57 95.85 119.84 121.46 113.08 119.51 
 (13.25) (13.26) (13.27) (6.26) (13.54) (13.5) (13.33) (6.25) (13.26) (6.37) (13.53) 
P4Approach3 152.56 154.63 135.11 122.34 123.95 111.4 107.37 118.99 115.77 111.44 112.69 
 (13.25) (13.26) (13.27) (6.26) (13.54) (13.5) (13.33) (6.25) (13.26) (6.37) (13.53) 
P4Approach4 140.19 151.86 134.09 121.37 123.37 108.5 99.46 118.04 118.07 112.56 117.94 
 (13.25) (13.26) (13.27) (6.26) (13.54) (13.5) (13.33) (6.25) (13.26) (6.37) (13.53) 
P4Approach5 145.36 153.93 133.75 122.54 124.79 109.22 102.51 118.97 117.77 112.13 115.71 
 (13.25) (13.26) (13.27) (6.26) (13.54) (13.5) (13.33) (6.25) (13.26) (6.37) (13.53) 
RO
P4Approach1 637.78 603.59 562.36 554.81 545.44 584.63 573.33 517.87 536.44 529.6 543.73 
 (36.06) (36.09) (36.05) (30.23) (36.5) (36.79) (36.47) (29.93) (35.85) (29.86) (36.64) 
P4Approach2 614.35 613.52 605.23 556.1 574.69 574.56 570.85 528.87 529.62 540.23 533.92 
 (36.06) (36.09) (36.05) (30.23) (36.5) (36.79) (36.47) (29.93) (35.85) (29.86) (36.64) 
P4Approach3 637.78 603.59 562.36 554.81 545.44 584.63 573.33 517.87 536.44 529.6 543.73 
 (36.06) (36.09) (36.05) (30.23) (36.5) (36.79) (36.47) (29.93) (35.85) (29.86) (36.64) 
P4Approach4 612.97 613.6 605.62 555.37 575.73 580 574.29 532.21 534.43 542.21 534.59 
 (36.06) (36.09) (36.05) (30.23) (36.5) (36.79) (36.47) (29.93) (35.85) (29.86) (36.64) 
P4Approach5 625.72 608.58 583.89 555.27 560.32 580.96 572.95 524.2 534.24 535.41 538.99 
 (36.06) (36.09) (36.05) (30.23) (36.5) (36.79) (36.47) (29.93) (35.85) (29.86) (36.64) 
PL
P4Approach1 1360.75 1304.77 1189.51 1008.92 960.59 1002.17 985.94 959.27 926.57 946.26 996.2 
 (81.38) (81.3) (81.09) (42.47) (83.39) (83.4) (81.49) (42.24) (81.09) (43) (82.11) 
P4Approach2 1312.66 1250.5 1183.37 1049.8 1009.16 1026.32 1019.55 964.9 944.91 939.72 939.61 
 (81.38) (81.3) (81.09) (42.47) (83.39) (83.4) (81.49) (42.24) (81.09) (43) (82.11) 
P4Approach3 1360.75 1304.77 1189.51 1008.92 960.59 1002.17 985.94 959.27 926.57 946.26 996.2 
 (81.38) (81.3) (81.09) (42.47) (83.39) (83.4) (81.49) (42.24) (81.09) (43) (82.11) 
P4Approach4 1307.43 1251.94 1178.29 1049.8 1009.16 1026.32 1019.55 964.9 944.91 939.72 939.61 
 (81.38) (81.3) (81.09) (42.47) (83.39) (83.4) (81.49) (42.24) (81.09) (43) (82.11) 
P4Approach5 1335.4 1277.99 1185.17 1029.36 984.87 1014.24 1002.74 962.09 935.74 942.99 967.9 
 (81.38) (81.3) (81.09) (42.47) (83.39) (83.4) (81.49) (42.24) (81.09) (43) (82.11) 
EL
P4Approach1 1179.47 1167.24 1173.84 1147.31 1128.82 1105 1103.54 1079.47 1069.57 1119.16 1100.29 
 (31.89) (31.82) (31.86) (31.79) (31.66) (31.81) (31.78) (31.84) (31.77) (32.15) (32.11) 
P4Approach2 1179.58 1181.1 1215.89 1161.28 1155.36 1100.79 1111.31 1088.24 1077.36 1136.7 1061.19 
 (31.89) (31.82) (31.86) (31.79) (31.66) (31.81) (31.78) (31.84) (31.77) (32.15) (32.11) 
P4Approach3 1179.47 1167.24 1173.84 1147.31 1128.82 1105 1103.54 1079.47 1069.57 1119.16 1100.29 
 (31.89) (31.82) (31.86) (31.79) (31.66) (31.81) (31.78) (31.84) (31.77) (32.15) (32.11) 
P4Approach4 1168.57 1192.07 1217.85 1156.34 1165.75 1091.58 1100.32 1073.06 1088.87 1134.63 1069.43 
 (31.89) (31.82) (31.86) (31.79) (31.66) (31.81) (31.78) (31.84) (31.77) (32.15) (32.11) 
P4Approach5 1176.77 1176.91 1195.35 1153.06 1144.68 1100.59 1104.68 1080.06 1076.34 1127.41 1082.8 
 (31.89) (31.82) (31.86) (31.79) (31.66) (31.81) (31.78) (31.84) (31.77) (32.15) (32.11) 
EE
P4Approach1 46.06 42.81 40.51 46.05 45.35 45.78 45.81 50.42 52.43 47.87 47.82 
 (9.65) (9.63) (9.61) (6.96) (9.47) (9.45) (9.52) (6.9) (9.48) (6.9) (9.22) 
P4Approach2 43.6 44.3 44.94 46.41 45.31 40.76 42.32 48.39 50.08 48.5 48.72 
 (9.65) (9.63) (9.61) (6.96) (9.47) (9.45) (9.52) (6.9) (9.48) (6.9) (9.22) 
P4Approach3 44 44 45 47 47 45 45 48 48 48 48 
 (9.65) (9.63) (9.61) (6.96) (9.47) (9.45) (9.52) (6.9) (9.48) (6.9) (9.22) 
P4Approach4 45.23 44.43 45.94 47.09 46.26 41.06 43.51 48.86 49.59 47.99 47.99 
 (9.65) (9.63) (9.61) (6.96) (9.47) (9.45) (9.52) (6.9) (9.48) (6.9) (9.22) 
P4Approach5 44.72 43.88 44.1 46.64 45.98 43.15 44.16 48.92 50.02 48.09 48.13 
 (9.65) (9.63) (9.61) (6.96) (9.47) (9.45) (9.52) (6.9) (9.48) (6.9) (9.22) 
IT
P4Approach1 3147.43 3155.78 2917.77 2979.65 2789.71 2550.79 2428.58 2956.21 3225.49 3278.87 3001.9 
 (143.86) (143.84) (143.6) (123.73) (143.11) (142.81) (143.28) (123.76) (143.65) (123.29) (143.09) 
P4Approach2 3056.81 3054.27 2947.67 3003.38 2881.17 2679.95 2536.55 2913.27 3116.31 3141.23 2955.82 
 (143.86) (143.84) (143.6) (123.73) (143.11) (142.81) (143.28) (123.76) (143.65) (123.29) (143.09) 
P4Approach3 3213.41 3191.7 2933.01 2997.39 2805.52 2556.17 2448.67 2973.2 3238.51 3278.87 3001.9 
 (143.86) (143.84) (143.6) (123.73) (143.11) (142.81) (143.28) (123.76) (143.65) (123.29) (143.09) 
P4Approach4 2982.19 3094.39 2939.07 3016.04 2881.38 2670.64 2558.93 2921.25 3119.57 3167.6 2946.46 
 (143.86) (143.84) (143.6) (123.73) (143.11) (142.81) (143.28) (123.76) (143.65) (123.29) (143.09) 
P4Approach5 3099.96 3124.03 2934.38 2999.12 2839.45 2614.38 2493.18 2940.98 3174.97 3216.64 2976.52 
 (143.86) (143.84) (143.6) (123.73) (143.11) (142.81) (143.28) (123.76) (143.65) (123.29) (143.09) 
CZ
P4Approach1 246.58 238.54 229.41 206.5 205.44 209.39 225.74 210.76 206.11 204.21 204.35 
 (21.1) (21.07) (21.03) (18.19) (21.01) (20.98) (20.88) (18.2) (20.95) (18.32) (21.01) 
P4Approach2 242.28 234.91 237.94 210.24 201.86 210.24 208.11 210.68 208.12 192.35 207.87 
 (21.1) (21.07) (21.03) (18.19) (21.01) (20.98) (20.88) (18.2) (20.95) (18.32) (21.01) 
P4Approach3 246.58 238.54 229.41 206.5 205.44 208.04 225.74 210.76 206.11 204.21 204.35 
 (21.1) (21.07) (21.03) (18.19) (21.01) (20.98) (20.88) (18.2) (20.95) (18.32) (21.01) 
P4Approach4 237.44 245.48 246.01 212.84 209.85 216.48 210.25 212.03 211.13 187.91 201.5 
 (21.1) (21.07) (21.03) (18.19) (21.01) (20.98) (20.88) (18.2) (20.95) (18.32) (21.01) 
P4Approach5 243.22 239.37 235.69 209.02 205.65 211.04 217.46 211.06 207.87 197.17 204.52 
 (21.1) (21.07) (21.03) (18.19) (21.01) (20.98) (20.88) (18.2) (20.95) (18.32) (21.01) 
CY
P4Approach1 76.5 70.07 50.08 42.27 45.45 47.93 45.66 47.51 45.15 51.01 52.1 
 (2.97) (2.98) (3.07) (1.99) (3.12) (3.08) (3.14) (2) (3.09) (1.91) (3.05) 
P4Approach2 74.04 69.62 47.1 40.72 43.09 50.39 47.68 48.31 44.1 50.01 50.19 
 (2.97) (2.98) (3.07) (1.99) (3.12) (3.08) (3.14) (2) (3.09) (1.91) (3.05) 
P4Approach3 76.5 70.07 47.67 42.27 45.45 47.93 45.66 47.51 45.15 51.04 51.99 
 (2.97) (2.98) (3.07) (1.99) (3.12) (3.08) (3.14) (2) (3.09) (1.91) (3.05) 
P4Approach4 73.97 69.88 47.1 40.72 43.09 50.39 47.68 48.31 44.1 50.01 50.19 
 (2.97) (2.98) (3.07) (1.99) (3.12) (3.08) (3.14) (2) (3.09) (1.91) (3.05) 
P4Approach5 75.25 69.91 47.99 41.5 44.27 49.16 46.67 47.91 44.63 50.52 51.12 
 (2.97) (2.98) (3.07) (1.99) (3.12) (3.08) (3.14) (2) (3.09) (1.91) (3.05) 
AT
P4Approach1 286.13 282.19 266.18 244.63 236.97 273.21 276.24 290.67 283.61 254.9 258.33 
 (21.31) (21.27) (21.22) (17.03) (21.16) (21.46) (21.52) (17.17) (21.49) (17.04) (21.08) 
P4Approach2 265.24 274.64 274.33 263.29 269.93 285.37 266.68 288.49 272.32 274.2 263.13 
 (21.31) (21.27) (21.22) (17.03) (21.16) (21.46) (21.52) (17.17) (21.49) (17.04) (21.08) 
P4Approach3 286.13 282.19 266.18 244.63 236.97 273.21 276.24 290.67 283.61 254.9 258.33 
 (21.31) (21.27) (21.22) (17.03) (21.16) (21.46) (21.52) (17.17) (21.49) (17.04) (21.08) 
P4Approach4 265.1 278.23 275.35 265.37 270.82 282.62 268.06 290.19 271.4 275.72 264.88 
 (21.31) (21.27) (21.22) (17.03) (21.16) (21.46) (21.52) (17.17) (21.49) (17.04) (21.08) 
P4Approach5 275.65 279.31 270.51 254.48 253.67 278.6 271.8 290 277.73 264.93 261.17 
 (21.31) (21.27) (21.22) (17.03) (21.16) (21.46) (21.52) (17.17) (21.49) (17.04) (21.08) 
IE
P4Approach1 182.61 187.92 186.59 181.84 172.28 178.25 194.22 181.76 162.78 152 151.34 
 (5.09) (5.07) (5.05) (5.04) (5.1) (5.05) (5.08) (5.08) (5.14) (0) (4.98) 
P4Approach2 180.21 187.95 187.16 183.06 175.45 178.26 189.58 176.61 157.96 152 152.8 
 (5.09) (5.07) (5.05) (5.04) (5.1) (5.05) (5.08) (5.08) (5.14) (0) (4.98) 
P4Approach3 182.61 187.92 186.59 181.84 172.28 178.25 194.22 181.76 162.53 152 151.34 
 (5.09) (5.07) (5.05) (5.04) (5.1) (5.05) (5.08) (5.08) (5.14) (0) (4.98) 
P4Approach4 180.12 187.95 187.16 182.79 176.11 178.19 189.98 176.41 158.46 152 151.77 
 (5.09) (5.07) (5.05) (5.04) (5.1) (5.05) (5.08) (5.08) (5.14) (0) (4.98) 
P4Approach5 181.39 187.93 186.88 182.38 174.03 178.24 192 179.13 160.43 152 151.81 
 (5.09) (5.07) (5.05) (5.04) (5.1) (5.05) (5.08) (5.08) (5.14) (0) (4.98) 
P4Approach16 182.61 187.92 186.59 181.84 172.28 178.25 194.22 181.76 162.78 152 151.34 
 (5.09) (5.07) (5.05) (5.04) (5.1) (5.05) (5.08) (5.08) (5.14) (0) (4.98) 
P4Approach17 180.21 187.95 187.16 183.06 175.45 178.26 189.58 176.61 157.96 152 152.8 
 (5.09) (5.07) (5.05) (5.04) (5.1) (5.05) (5.08) (5.08) (5.14) (0) (4.98) 
P4Approach18 182.61 187.92 186.59 181.84 172.28 178.25 194.22 181.76 162.53 152 151.34 
 (5.09) (5.07) (5.05) (5.04) (5.1) (5.05) (5.08) (5.08) (5.14) (0) (4.98) 
P4Approach19 180.12 187.95 187.16 182.79 176.11 178.19 189.98 176.41 158.46 152 151.77 
 (5.09) (5.07) (5.05) (5.04) (5.1) (5.05) (5.08) (5.08) (5.14) (0) (4.98) 
P4Approach20 181.39 187.93 186.88 182.38 174.03 178.24 192 179.13 160.43 152 151.81 
 (5.09) (5.07) (5.05) (5.04) (5.1) (5.05) (5.08) (5.08) (5.14) (0) (4.98) 
ES
P4Approach1 4719.78 4654.05 4580.75 4546.3 4492.08 4371.54 4351.47 4342.96 4354.84 4379.54 4336.38 
 (99.12) (98.9) (98.74) (52.85) (99) (98.88) (98.43) (53.14) (98.58) (58.12) (106.07) 
P4Approach2 4752.04 4699.1 4670.88 4538.52 4414.23 4241.31 4281 4344.92 4387.35 4357.04 4296.68 
 (99.12) (98.9) (98.74) (52.85) (99) (98.88) (98.43) (53.14) (98.58) (58.12) (106.07) 
P4Approach3 4719.78 4654.05 4580.75 4546.3 4492.08 4371.54 4351.47 4342.96 4354.84 4431.46 4456.64 
 (99.12) (98.9) (98.74) (52.85) (99) (98.88) (98.43) (53.14) (98.58) (58.12) (106.07) 
P4Approach4 4715.32 4718.69 4687.57 4549.34 4433.25 4227.82 4261.4 4343.94 4372.19 4361.21 4314.38 
 (99.12) (98.9) (98.74) (52.85) (99) (98.88) (98.43) (53.14) (98.58) (58.12) (106.07) 
P4Approach5 4726.73 4681.47 4629.98 4545.12 4457.91 4303.05 4311.33 4343.7 4367.3 4382.31 4351.02 
 (99.12) (98.9) (98.74) (52.85) (99) (98.88) (98.43) (53.14) (98.58) (58.12) (106.07) 
P4Approach6 4719.78 4654.05 4580.75 4546.3 4492.08 4371.54 4351.47 4342.96 4354.84 4379.54 4336.38 
 (99.12) (98.9) (98.74) (52.85) (99) (98.88) (98.43) (53.14) (98.58) (58.12) (106.07) 
P4Approach7 4752.04 4699.1 4670.88 4538.52 4414.23 4241.31 4281 4344.92 4387.35 4357.04 4296.68 
 (99.12) (98.9) (98.74) (52.85) (99) (98.88) (98.43) (53.14) (98.58) (58.12) (106.07) 
P4Approach8 4719.78 4654.05 4580.75 4546.3 4492.08 4371.54 4351.47 4342.96 4354.84 4431.46 4456.64 
 (99.12) (98.9) (98.74) (52.85) (99) (98.88) (98.43) (53.14) (98.58) (58.12) (106.07) 
P4Approach9 4715.32 4718.69 4687.57 4549.34 4433.25 4227.82 4261.4 4343.94 4372.19 4361.21 4314.38 
 (99.12) (98.9) (98.74) (52.85) (99) (98.88) (98.43) (53.14) (98.58) (58.12) (106.07) 
P4Approach10 4726.73 4681.47 4629.98 4545.12 4457.91 4303.05 4311.33 4343.7 4367.3 4382.31 4351.02 
 (99.12) (98.9) (98.74) (52.85) (99) (98.88) (98.43) (53.14) (98.58) (58.12) (106.07) 
P4Approach16 4719.78 4654.05 4580.75 4546.3 4492.08 4371.54 4351.47 4342.96 4354.84 4379.54 4336.38 
 (99.12) (98.9) (98.74) (52.85) (99) (98.88) (98.43) (53.14) (98.58) (58.12) (106.07) 
P4Approach17 4752.04 4699.1 4670.88 4538.52 4414.23 4241.31 4281 4344.92 4387.35 4357.04 4296.68 
 (99.12) (98.9) (98.74) (52.85) (99) (98.88) (98.43) (53.14) (98.58) (58.12) (106.07) 
P4Approach18 4719.78 4654.05 4580.75 4546.3 4492.08 4371.54 4351.47 4342.96 4354.84 4431.46 4456.64 
 (99.12) (98.9) (98.74) (52.85) (99) (98.88) (98.43) (53.14) (98.58) (58.12) (106.07) 
P4Approach19 4715.32 4718.69 4687.57 4549.34 4433.25 4227.82 4261.4 4343.94 4372.19 4361.21 4314.38 
 (99.12) (98.9) (98.74) (52.85) (99) (98.88) (98.43) (53.14) (98.58) (58.12) (106.07) 
P4Approach20 4726.73 4681.47 4629.98 4545.12 4457.91 4303.05 4311.33 4343.7 4367.3 4382.31 4351.02 
 (99.12) (98.9) (98.74) (52.85) (99) (98.88) (98.43) (53.14) (98.58) (58.12) (106.07) 
EA19
P4Approach1 17396.81 16912.14 16369.54 16145.41 15711.71 15533.85 15551.51 15582.31 15872.78 16087.11 15656.91 
 (372.63) (369.53) (372.92) (248.29) (366.95) (370.43) (366.41) (246.85) (364.46) (248.34) (369.59) 
P4Approach2 17364.68 16965.03 16582.61 16230.17 15889.2 15251.13 15124.94 15907.28 16259.37 16104.77 15883.3 
 (372.63) (369.53) (372.92) (248.29) (366.95) (370.43) (366.41) (246.85) (364.46) (248.34) (369.59) 
P4Approach3 17396.81 16912.14 16369.54 16145.41 15711.71 15533.85 15551.51 15582.31 15872.78 16087.11 15656.91 
 (372.63) (369.53) (372.92) (248.29) (366.95) (370.43) (366.41) (246.85) (364.46) (248.34) (369.59) 
P4Approach4 17364.68 16965.03 16582.61 16230.17 15889.2 15251.13 15124.94 15907.28 16259.37 16104.77 15883.3 
 (372.63) (369.53) (372.92) (248.29) (366.95) (370.43) (366.41) (246.85) (364.46) (248.34) (369.59) 
P4Approach5 17380.74 16938.59 16476.08 16187.79 15800.46 15392.49 15338.23 15744.8 16066.07 16095.94 15770.1 
 (372.63) (369.53) (372.92) (248.29) (366.95) (370.43) (366.41) (246.85) (364.46) (248.34) (369.59) 
P4Approach16 17396.81 16912.14 16369.54 16145.41 15711.71 15533.85 15551.51 15582.31 15872.78 16087.11 15656.91 
 (372.63) (369.53) (372.92) (248.29) (366.95) (370.43) (366.41) (246.85) (364.46) (248.34) (369.59) 
P4Approach17 17364.68 16965.03 16582.61 16230.17 15889.2 15251.13 15124.94 15907.28 16259.37 16104.77 15883.3 
 (372.63) (369.53) (372.92) (248.29) (366.95) (370.43) (366.41) (246.85) (364.46) (248.34) (369.59) 
P4Approach18 17396.81 16912.14 16369.54 16145.41 15711.71 15533.85 15551.51 15582.31 15872.78 16087.11 15656.91 
 (372.63) (369.53) (372.92) (248.29) (366.95) (370.43) (366.41) (246.85) (364.46) (248.34) (369.59) 
P4Approach19 17364.68 16965.03 16582.61 16230.17 15889.2 15251.13 15124.94 15907.28 16259.37 16104.77 15883.3 
 (372.63) (369.53) (372.92) (248.29) (366.95) (370.43) (366.41) (246.85) (364.46) (248.34) (369.59) 
P4Approach20 17380.74 16938.59 16476.08 16187.79 15800.46 15392.49 15338.23 15744.8 16066.07 16095.94 15770.1 
 (372.63) (369.53) (372.92) (248.29) (366.95) (370.43) (366.41) (246.85) (364.46) (248.34) (369.59) 
SK
P4Approach1 303.47 280.41 269.29 264.99 263.88 262.33 255.52 256.61 250.43 255.12 263.61 
 (17.02) (17.09) (17.06) (9.55) (16.92) (16.95) (16.97) (9.51) (16.9) (9.33) (16.88) 
P4Approach2 290.43 273.81 270.29 268.38 270.7 267.65 262.34 260.18 257.86 248.93 246.13 
 (17.02) (17.09) (17.06) (9.55) (16.92) (16.95) (16.97) (9.51) (16.9) (9.33) (16.88) 
P4Approach3 303.47 280.41 269.29 264.99 263.88 262.33 255.52 256.61 250.43 255.12 263.61 
 (17.02) (17.09) (17.06) (9.55) (16.92) (16.95) (16.97) (9.51) (16.9) (9.33) (16.88) 
P4Approach4 290.44 273.77 270.11 268.31 270.21 267.39 263.08 259.1 256.29 248.79 245.89 
 (17.02) (17.09) (17.06) (9.55) (16.92) (16.95) (16.97) (9.51) (16.9) (9.33) (16.88) 
P4Approach5 296.95 277.1 269.75 266.67 267.17 264.93 259.12 258.13 253.75 251.99 254.81 
 (17.02) (17.09) (17.06) (9.55) (16.92) (16.95) (16.97) (9.51) (16.9) (9.33) (16.88) 
SI
P4Approach1 94.23 93.96 82.07 74.68 73.4 76.76 75.97 73.26 75.51 73.09 73.92 
 (3.83) (3.84) (3.84) (2.16) (3.84) (3.82) (3.82) (2.14) (3.8) (2.18) (3.86) 
P4Approach2 98.32 94.89 80.95 72.19 68.67 75.35 74.46 71.96 74.3 73.44 76.26 
 (3.83) (3.84) (3.84) (2.16) (3.84) (3.82) (3.82) (2.14) (3.8) (2.18) (3.86) 
P4Approach3 94.23 93.96 82.07 74.68 73.4 76.76 75.97 73.26 75.51 73.09 73.92 
 (3.83) (3.84) (3.84) (2.16) (3.84) (3.82) (3.82) (2.14) (3.8) (2.18) (3.86) 
P4Approach4 95.31 93.56 80.49 73.46 71.69 75.36 74.38 71.6 72.91 73.26 75.88 
 (3.83) (3.84) (3.84) (2.16) (3.84) (3.82) (3.82) (2.14) (3.8) (2.18) (3.86) 
P4Approach5 95.52 94.09 81.4 73.75 71.79 76.06 75.19 72.52 74.56 73.22 75 
 (3.83) (3.84) (3.84) (2.16) (3.84) (3.82) (3.82) (2.14) (3.8) (2.18) (3.86) 
UK
P4Approach1 1645.16 1584.08 1535.85 1531.56 1592.12 1624.01 1675.94 1662.3 1638.13 1522.52 1525.8 
 (80.05) (80.2) (97.35) (79.78) (80.18) (79.66) (79.46) (79.32) (79.35) (79.24) (79.05) 
P4Approach2 1607.35 1533.73 1492.11 1561.3 1621.3 1595.39 1630.15 1632.46 1639 1430.98 1467.84 
 (80.05) (80.2) (97.35) (79.78) (80.18) (79.66) (79.46) (79.32) (79.35) (79.24) (79.05) 
P4Approach3 1645.16 1584.08 1535.85 1531.56 1592.12 1624.01 1675.94 1662.3 1638.13 1522.52 1525.8 
 (80.05) (80.2) (97.35) (79.78) (80.18) (79.66) (79.46) (79.32) (79.35) (79.24) (79.05) 
P4Approach4 1607.78 1535.99 1495.6 1556.23 1602.1 1584.49 1624.08 1625.13 1622.01 1428.5 1475.68 
 (80.05) (80.2) (97.35) (79.78) (80.18) (79.66) (79.46) (79.32) (79.35) (79.24) (79.05) 
P4Approach5 1626.36 1559.47 1514.85 1545.16 1601.91 1606.98 1651.53 1645.55 1634.32 1476.13 1498.78 
 (80.05) (80.2) (97.35) (79.78) (80.18) (79.66) (79.46) (79.32) (79.35) (79.24) (79.05) 
SE
P4Approach1 390.41 389.43 410.36 377.45 449.28 351.7 334.63 344.45 330.42 322.16 329.29 
 (19.41) (19.36) (19.35) (19.41) (19.91) (22.91) (19.49) (19.48) (19.52) (19.26) (19.22) 
P4Approach2 384.51 386.99 408.98 386.25 429.99 333.6 328.98 346.43 336.07 323.06 330.48 
 (19.41) (19.36) (19.35) (19.41) (19.91) (22.91) (19.49) (19.48) (19.52) (19.26) (19.22) 
P4Approach3 390.41 389.43 410.36 377.45 449.28 351.7 334.63 344.45 330.42 322.16 331.64 
 (19.41) (19.36) (19.35) (19.41) (19.91) (22.91) (19.49) (19.48) (19.52) (19.26) (19.22) 
P4Approach4 384.3 385.43 407.67 385.97 429.9 332.82 330.77 346.11 336.03 322.82 329.81 
 (19.41) (19.36) (19.35) (19.41) (19.91) (22.91) (19.49) (19.48) (19.52) (19.26) (19.22) 
P4Approach5 387.41 387.82 409.34 381.78 439.61 342.45 332.25 345.36 333.23 322.55 330.3 
 (19.41) (19.36) (19.35) (19.41) (19.91) (22.91) (19.49) (19.48) (19.52) (19.26) (19.22) 
P2
P1
IE
P1ApproachRNA 183 190 189 187 173 174 192 192 182 172 168 
 (40.4623) (41.1343) (41.9746) (42.7665) (44.2817) (45.2783) (45.5669) (46.0978) (46.6166) (47.4498) (48.2482) 
