P4
BE
P4Approach1 380 386 385 418 412 410 413 434 417 412 394 395 
P4Approach2 397 404 387 419 416 415 395 405 419 425 392 395 
P4Approach3 384 388 385 418 412 407 413 433 418 413 394 395 
P4Approach4 397 404 387 419 416 415 393 400 418 425 391 393 
P4Approach5 390 396 386 419 414 412 404 418 418 419 393 394 
FR
P4Approach1 3146 3104 3043 3006 2819 2692 2660 2790 3047 3221 2964 2911 
P4Approach2 3108 3122 3018 3016 2810 2697 2722 2859 3018 3144 2955 2921 
P4Approach3 3146 3104 3043 3006 2819 2692 2660 2790 3047 3221 2964 2911 
P4Approach4 3110 3110 3039 2996 2817 2684 2680 2829 3057 3213 2955 2928 
P4Approach5 3128 3110 3035 3006 2816 2691 2681 2817 3042 3200 2959 2918 
BG
P4Approach1 313 311 318 255 236 229 210 205 236 230 232 232 
P4Approach2 314 314 305 257 229 214 210 212 235 233 234 235 
P4Approach3 313 311 318 255 236 229 210 205 236 230 232 232 
P4Approach4 310 314 310 257 229 214 211 208 235 233 234 235 
P4Approach5 312 313 313 256 233 222 210 207 235 232 233 233 
DK
P4Approach1 187 195 185 177 171 168 176 183 186 184 192 196 
P4Approach2 172 189 191 182 173 172 186 183 183 180 191 198 
P4Approach3 187 195 185 177 171 168 176 183 186 184 192 196 
P4Approach4 172 189 191 182 173 172 186 183 183 180 191 198 
P4Approach5 180 192 188 179 172 170 181 183 185 182 192 197 
HR
P4Approach1 343 331 317 294 266 256 214 215 223 233 252 262 
P4Approach2 331 316 309 290 264 255 225 231 223 237 246 245 
P4Approach3 338 314 319 308 265 253 201 205 217 216 252 262 
P4Approach4 331 316 309 290 264 255 225 231 223 237 246 245 
P4Approach5 336 319 314 295 265 255 216 221 222 231 249 254 
DE
P4Approach1 2134 2163 1868 1723 1736 1763 1819 1811 1741 1723 1757 1769 
P4Approach2 1975 2038 1842 1840 1711 1733 1749 1746 1756 1762 1773 1700 
P4Approach3 2134 2163 1883 1808 1736 1763 1819 1811 1749 1740 1757 1769 
P4Approach4 1985 2061 1820 1840 1704 1727 1768 1786 1778 1785 1786 1722 
P4Approach5 2057 2106 1853 1803 1722 1746 1789 1788 1756 1752 1768 1740 
HU
P4Approach1 297 301 286 257 242 235 229 218 219 213 210 213 
P4Approach2 290 288 273 257 257 255 233 209 225 223 216 220 
P4Approach3 297 301 286 257 242 235 229 218 216 208 210 213 
P4Approach4 290 288 275 257 253 254 233 209 225 223 216 220 
P4Approach5 293 295 280 257 248 245 231 214 221 217 213 217 
FI
P4Approach1 258 248 257 277 324 254 211 212 204 205 206 216 
P4Approach2 238 273 264 277 304 272 218 207 206 203 197 229 
P4Approach3 258 248 257 277 324 254 211 212 204 205 206 216 
P4Approach4 238 274 264 277 305 265 221 208 204 211 198 229 
P4Approach5 248 261 261 277 314 261 215 209 205 206 202 222 
NL
P4Approach1 612 606 603 580 561 538 517 500 511 513 501 475 
P4Approach2 598 588 604 609 567 542 523 515 517 524 500 483 
P4Approach3 612 606 603 580 561 538 517 500 511 513 501 475 
P4Approach4 598 588 604 609 567 542 523 515 517 524 500 483 
P4Approach5 605 597 604 595 564 540 520 507 514 518 501 479 
P4Approach6 612 606 603 580 561 538 517 500 511 513 501 475 
P4Approach7 598 588 604 609 567 542 523 515 517 524 500 483 
P4Approach8 612 606 603 580 561 538 517 500 511 513 501 475 
P4Approach9 598 588 604 609 567 542 523 515 517 524 500 483 
P4Approach10 605 597 604 595 564 540 520 507 514 518 501 479 
P4Approach16 612 606 603 580 561 538 517 500 511 513 501 475 
P4Approach17 598 588 604 609 567 542 523 515 517 524 500 483 
P4Approach18 612 606 603 580 561 538 517 500 511 513 501 475 
P4Approach19 598 588 604 609 567 542 523 515 517 524 500 483 
P4Approach20 605 597 604 595 564 540 520 507 514 518 501 479 
PT
P4Approach1 648 613 627 623 595 588 562 549 555 555 553 554 
P4Approach2 654 600 620 630 592 592 566 542 559 564 554 553 
P4Approach3 650 613 627 648 595 588 562 549 555 555 553 554 
P4Approach4 654 600 620 630 592 592 566 540 558 567 554 553 
P4Approach5 651 606 624 633 594 590 564 545 557 560 554 553 
P4Approach6 648 613 627 623 595 588 562 549 555 555 553 554 
P4Approach7 654 600 620 630 592 592 566 542 559 564 554 553 
P4Approach8 650 613 627 648 595 588 562 549 555 555 553 554 
P4Approach9 654 600 620 630 592 592 566 540 558 567 554 553 
P4Approach10 651 606 624 633 594 590 564 545 557 560 554 553 
P4Approach16 648 613 627 623 595 588 562 549 555 555 553 554 
P4Approach17 654 600 620 630 592 592 566 542 559 564 554 553 
P4Approach18 650 613 627 648 595 588 562 549 555 555 553 554 
P4Approach19 654 600 620 630 592 592 566 540 558 567 554 553 
P4Approach20 651 606 624 633 594 590 564 545 557 560 554 553 
LV
P4Approach1 101 108 111 110 96 96 89 93 88 87 91 91 
P4Approach2 101 110 110 103 97 100 88 95 87 85 93 94 
P4Approach3 101 108 111 110 96 96 89 93 88 87 91 91 
P4Approach4 103 109 110 105 97 99 90 96 87 84 93 93 
P4Approach5 102 109 110 107 96 98 89 94 88 86 92 92 
EU28
P4Approach1 22888 22649 22116 21202 20833 20392 20293 20223 20101 20223 20517 20383 
P4Approach2 22064 22746 22143 21516 20896 20536 19940 19716 20426 20670 20472 20022 
P4Approach3 22888 22649 22116 21202 20833 20392 20293 20223 20101 20223 20517 20383 
P4Approach4 22064 22746 22143 21516 20896 20536 19940 19716 20408 20637 20410 20194 
P4Approach5 22476 22698 22129 21359 20864 20464 20116 19969 20259 20438 20479 20246 
P4Approach6 22888 22649 22116 21202 20833 20392 20293 20223 20101 20223 20517 20383 
P4Approach7 22064 22746 22143 21516 20896 20536 19940 19716 20426 20670 20472 20022 
P4Approach8 22888 22649 22116 21202 20833 20392 20293 20223 20101 20223 20517 20383 
P4Approach9 22064 22746 22143 21516 20896 20536 19940 19716 20408 20637 20410 20194 
P4Approach10 22476 22698 22129 21359 20864 20464 20116 19969 20259 20438 20479 20246 
P4Approach11 22888 22649 22116 21202 20833 20392 20293 20223 20101 20223 20517 20383 
P4Approach12 22064 22746 22143 21516 20896 20536 19940 19716 20426 20670 20472 20022 
P4Approach13 22888 22649 22116 21202 20833 20392 20293 20223 20101 20223 20517 20383 
P4Approach14 22064 22746 22143 21516 20896 20536 19940 19716 20408 20637 20410 20194 
P4Approach15 22476 22698 22129 21359 20864 20464 20116 19969 20259 20438 20479 20246 
P4Approach16 22888 22649 22116 21202 20833 20392 20293 20223 20101 20223 20517 20383 
P4Approach17 22064 22746 22143 21516 20896 20536 19940 19716 20426 20670 20472 20022 
P4Approach18 22888 22649 22116 21202 20833 20392 20293 20223 20101 20223 20517 20383 
P4Approach19 22064 22746 22143 21516 20896 20536 19940 19716 20408 20637 20410 20194 
P4Approach20 22476 22698 22129 21359 20864 20464 20116 19969 20259 20438 20479 20246 
LT
P4Approach1 129 153 155 135 122 124 111 107 119 116 111 113 
P4Approach2 122 136 155 131 124 128 106 96 120 121 113 120 
P4Approach3 129 153 155 135 122 124 111 107 119 116 111 113 
P4Approach4 125 140 152 134 121 123 109 99 118 118 113 118 
P4Approach5 126 145 154 134 123 125 109 103 119 118 112 116 
RO
P4Approach1 648 638 604 562 555 545 585 573 518 536 530 544 
P4Approach2 625 614 614 605 556 575 575 571 529 530 540 534 
P4Approach3 648 638 604 562 555 545 585 573 518 536 530 544 
P4Approach4 623 613 614 606 555 576 580 574 532 534 542 535 
P4Approach5 636 626 609 584 555 560 581 573 524 534 535 539 
PL
P4Approach1 1373 1361 1305 1190 1009 961 1002 986 959 927 946 996 
P4Approach2 1305 1313 1251 1183 1050 1009 1026 1020 965 945 940 940 
P4Approach3 1373 1361 1305 1190 1009 961 1002 986 959 927 946 996 
P4Approach4 1313 1307 1252 1178 1050 1009 1026 1020 965 945 940 940 
P4Approach5 1341 1335 1278 1185 1029 985 1014 1003 962 936 943 968 
EL
P4Approach1 1185 1179 1167 1174 1147 1129 1105 1104 1079 1070 1119 1100 
P4Approach2 1177 1180 1181 1216 1161 1155 1101 1111 1088 1077 1137 1061 
P4Approach3 1185 1179 1167 1174 1147 1129 1105 1104 1079 1070 1119 1100 
P4Approach4 1178 1169 1192 1218 1156 1166 1092 1100 1073 1089 1135 1069 
P4Approach5 1181 1177 1177 1195 1153 1145 1101 1105 1080 1076 1127 1083 
EE
P4Approach1 43 46 43 41 46 45 46 46 50 52 48 48 
P4Approach2 41 44 44 45 46 45 41 42 48 50 48 49 
P4Approach3 41 44 44 45 47 47 45 45 48 48 48 48 
P4Approach4 42 45 44 46 47 46 41 44 49 50 48 48 
P4Approach5 42 45 44 44 47 46 43 44 49 50 48 48 
IT
P4Approach1 2952 3147 3156 2918 2980 2790 2551 2429 2956 3225 3279 3002 
P4Approach2 2901 3057 3054 2948 3003 2881 2680 2537 2913 3116 3141 2956 
P4Approach3 2995 3213 3192 2933 2997 2806 2556 2449 2973 3239 3279 3002 
P4Approach4 2784 2982 3094 2939 3016 2881 2671 2559 2921 3120 3168 2946 
P4Approach5 2908 3100 3124 2934 2999 2839 2614 2493 2941 3175 3217 2977 
CZ
P4Approach1 251 247 239 229 206 205 209 226 211 206 204 204 
P4Approach2 249 242 235 238 210 202 210 208 211 208 192 208 
P4Approach3 251 247 239 229 206 205 208 226 211 206 204 204 
P4Approach4 249 237 245 246 213 210 216 210 212 211 188 202 
P4Approach5 250 243 239 236 209 206 211 217 211 208 197 205 
CY
P4Approach1 74 76 70 50 42 45 48 46 48 45 51 52 
P4Approach2 73 74 70 47 41 43 50 48 48 44 50 50 
P4Approach3 74 76 70 48 42 45 48 46 48 45 51 52 
P4Approach4 72 74 70 47 41 43 50 48 48 44 50 50 
P4Approach5 73 75 70 48 41 44 49 47 48 45 51 51 
AT
P4Approach1 286 286 282 266 245 237 273 276 291 284 255 258 
P4Approach2 264 265 275 274 263 270 285 267 288 272 274 263 
P4Approach3 286 286 282 266 245 237 273 276 291 284 255 258 
P4Approach4 264 265 278 275 265 271 283 268 290 271 276 265 
P4Approach5 275 276 279 271 254 254 279 272 290 278 265 261 
IE
P4Approach1 186 183 188 187 182 172 178 194 182 163 152 151 
P4Approach2 189 180 188 187 183 175 178 190 177 158 152 153 
P4Approach3 186 183 188 187 182 172 178 194 182 163 152 151 
P4Approach4 189 180 188 187 183 176 178 190 176 158 152 152 
P4Approach5 187 181 188 187 182 174 178 192 179 160 152 152 
P4Approach16 186 183 188 187 182 172 178 194 182 163 152 151 
P4Approach17 189 180 188 187 183 175 178 190 177 158 152 153 
P4Approach18 186 183 188 187 182 172 178 194 182 163 152 151 
P4Approach19 189 180 188 187 183 176 178 190 176 158 152 152 
P4Approach20 187 181 188 187 182 174 178 192 179 160 152 152 
ES
P4Approach1 4977 4720 4654 4581 4546 4492 4372 4351 4343 4355 4380 4336 
P4Approach2 4959 4752 4699 4671 4539 4414 4241 4281 4345 4387 4357 4297 
P4Approach3 4977 4720 4654 4581 4546 4492 4372 4351 4343 4355 4431 4457 
P4Approach4 4946 4715 4719 4688 4549 4433 4228 4261 4344 4372 4361 4314 
P4Approach5 4965 4727 4681 4630 4545 4458 4303 4311 4344 4367 4382 4351 
P4Approach6 4977 4720 4654 4581 4546 4492 4372 4351 4343 4355 4380 4336 
P4Approach7 4959 4752 4699 4671 4539 4414 4241 4281 4345 4387 4357 4297 
P4Approach8 4977 4720 4654 4581 4546 4492 4372 4351 4343 4355 4431 4457 
P4Approach9 4946 4715 4719 4688 4549 4433 4228 4261 4344 4372 4361 4314 
P4Approach10 4965 4727 4681 4630 4545 4458 4303 4311 4344 4367 4382 4351 
P4Approach16 4977 4720 4654 4581 4546 4492 4372 4351 4343 4355 4380 4336 
P4Approach17 4959 4752 4699 4671 4539 4414 4241 4281 4345 4387 4357 4297 
P4Approach18 4977 4720 4654 4581 4546 4492 4372 4351 4343 4355 4431 4457 
P4Approach19 4946 4715 4719 4688 4549 4433 4228 4261 4344 4372 4361 4314 
P4Approach20 4965 4727 4681 4630 4545 4458 4303 4311 4344 4367 4382 4351 
EA19
P4Approach1 17666 17397 16912 16370 16145 15712 15534 15552 15582 15873 16087 15657 
P4Approach2 16916 17365 16965 16583 16230 15889 15251 15125 15907 16259 16105 15883 
P4Approach3 17666 17397 16912 16370 16145 15712 15534 15552 15582 15873 16087 15657 
P4Approach4 16916 17365 16965 16583 16230 15889 15251 15125 15907 16259 16105 15883 
P4Approach5 17291 17381 16939 16476 16188 15800 15392 15338 15745 16066 16096 15770 
P4Approach16 17666 17397 16912 16370 16145 15712 15534 15552 15582 15873 16087 15657 
P4Approach17 16916 17365 16965 16583 16230 15889 15251 15125 15907 16259 16105 15883 
P4Approach18 17666 17397 16912 16370 16145 15712 15534 15552 15582 15873 16087 15657 
P4Approach19 16916 17365 16965 16583 16230 15889 15251 15125 15907 16259 16105 15883 
P4Approach20 17291 17381 16939 16476 16188 15800 15392 15338 15745 16066 16096 15770 
SK
P4Approach1 319 303 280 269 265 264 262 256 257 250 255 264 
P4Approach2 295 290 274 270 268 271 268 262 260 258 249 246 
P4Approach3 319 303 280 269 265 264 262 256 257 250 255 264 
P4Approach4 295 290 274 270 268 270 267 263 259 256 249 246 
P4Approach5 307 297 277 270 267 267 265 259 258 254 252 255 
SI
P4Approach1 91 94 94 82 75 73 77 76 73 76 73 74 
P4Approach2 95 98 95 81 72 69 75 74 72 74 73 76 
P4Approach3 91 94 94 82 75 73 77 76 73 76 73 74 
P4Approach4 94 95 94 80 73 72 75 74 72 73 73 76 
P4Approach5 93 96 94 81 74 72 76 75 73 75 73 75 
UK
P4Approach1 1630 1645 1584 1536 1532 1592 1624 1676 1662 1638 1523 1526 
P4Approach2 1592 1607 1534 1492 1561 1621 1595 1630 1632 1639 1431 1468 
P4Approach3 1630 1645 1584 1536 1532 1592 1624 1676 1662 1638 1523 1526 
P4Approach4 1592 1608 1536 1496 1556 1602 1584 1624 1625 1622 1429 1476 
P4Approach5 1611 1626 1559 1515 1545 1602 1607 1652 1646 1634 1476 1499 
SE
P4Approach1 399 390 389 410 377 449 352 335 344 330 322 329 
P4Approach2 386 385 387 409 386 430 334 329 346 336 323 330 
P4Approach3 399 390 389 410 377 449 352 335 344 330 322 332 
P4Approach4 386 384 385 408 386 430 333 331 346 336 323 330 
P4Approach5 392 387 388 409 382 440 342 332 345 333 323 330 
P2
BE
P2Approach1  427  393  395  436  425  420  392  395  407  407  408  404 
FR
P2Approach1  2996  3147  3140  3122  3124  3050  2821  2821  2830  2840  2909  2917 
BG
P2Approach1  292  298  295  258  252  250  235  236  251  252  235  233 
DK
P2Approach1  179  177  183  185  185  184  180  177  184  185  190  191 
HR
P2Approach1  284  326  325  306  307  303  227  217  219  219  222  238 
DE
P2Approach1  1901  2009  1851  1942  1943  1950  1822  1816  1850  1854  1708  1780 
HU
P2Approach1  303  274  270  270  265  262  244  224  218  214  218  210 
FI
P2Approach1  240  242  256  259  303  290  234  220  224  247  211  223 
NL
P2Approach1  605  616  606  590  609  605  557  518  485  492  519  479 
PT
P2Approach1  609  605  628  636  635  635  570  540  538  532  544  549 
LV
P2Approach1  96  104  104  108  110  112  96  95  93  93  89  92 
LT
P2Approach1  125  135  145  142  143  143  117  113  131  132  119  109 
RO
P2Approach1  629  621  612  613  621  623  592  586  555  564  529  548 
PL
P2Approach1  1128  1222  1302  1299  1311  1321  1049  1006  1001  988  940  919 
GR
P2Approach1  1167  1157  1155  1155  1156  1152  1112  1111  1072  1070  1065  1052 
EE
P2Approach1  36  46  46  46  47  47  47  48  52  53  57  50 
IT
P2Approach1  3046  3064  3229  3133  3102  3075  2885  2785  2707  2827  3043  3036 
CZ
P2Approach1  258  246  249  254  260  263  214  225  236  239  218  208 
CY
P2Approach1  60  69  69  57  57  57  45  47  49  48  48  44 
AT
P2Approach1  241  243  260  237  255  245  257  255  252  246  261  243 
EU
P2Approach1  22172  22367  22600  21000  22000  22000  20500  20200  20100  20200  20300  20206 
IE
P2Approach1  184  180  189  189  185  184  175  177  190  189  167  150 
ES
P2Approach1  4639  4625  4686  4701  4645  4609  4420  4348  4250  4187  4271  4335 
SK
P2Approach1  293  295  290  288  289  290  262  261  261  260  256  252 
SI
P2Approach1  90  92  95  86  86  85  77  74  75  74  72  74 
UK
P2Approach1  1799  1660  1653  1647  1553  1545  1537  1564  1610  1610  1700  1642 
SE
P2Approach1  429  386  396  385  388  393  350  344  347  366  338  338 
P1
IE
P1ApproachRNA 184 183 190 189 187 173 174 192 192 182 172 168 
