P4
BE
P4Approach1 389 392 390 416 434 435 418 423 413 413 392 389 
P4Approach2 392 393 389 422 436 437 407 412 413 413 393 396 
P4Approach3 389 392 390 416 434 435 418 423 413 413 392 389 
P4Approach4 392 392 389 424 436 437 407 412 413 413 395 398 
P4Approach5 391 392 389 419 435 436 413 418 413 413 393 393 
FR
P4Approach1 2930 2970 2977 2990 2883 2861 2878 2927 3174 3209 2821 2794 
P4Approach2 2961 3024 2968 2971 2893 2872 2896 2971 3126 3100 2818 2801 
P4Approach3 2930 2970 2977 2990 2883 2861 2878 2927 3174 3209 2821 2794 
P4Approach4 2931 2982 2984 2999 2887 2873 2898 2948 3158 3171 2818 2801 
P4Approach5 2938 2986 2976 2988 2886 2866 2887 2943 3158 3172 2820 2797 
BG
P4Approach1 296 296 279 242 229 225 226 224 252 249 238 234 
P4Approach2 296 296 280 243 229 225 228 226 252 250 238 235 
P4Approach3 296 296 279 242 229 225 226 224 252 249 238 234 
P4Approach4 296 296 280 243 230 225 226 225 252 249 238 235 
P4Approach5 296 296 280 243 229 225 227 225 252 249 238 235 
DK
P4Approach1 175 176 175 174 181 181 186 183 188 188 199 200 
P4Approach2 178 176 177 178 181 182 185 181 189 188 199 199 
P4Approach3 175 176 175 174 181 181 186 183 188 188 199 200 
P4Approach4 178 176 177 178 181 182 185 181 190 189 199 199 
P4Approach5 176 176 176 176 181 181 186 182 189 188 199 199 
HR
P4Approach1 312 307 308 286 280 278 236 241 235 233 236 237 
P4Approach2 313 308 310 287 280 278 237 242 235 230 239 246 
P4Approach3 312 307 308 286 280 278 236 241 235 233 236 237 
P4Approach4 313 308 310 287 280 279 239 242 235 233 237 240 
P4Approach5 313 307 309 286 280 278 237 242 235 232 237 240 
DE
P4Approach1 1896 1902 1785 1773 1762 1749 1791 1784 1816 1813 1769 1756 
P4Approach2 1894 1898 1786 1772 1763 1749 1791 1782 1815 1811 1767 1753 
P4Approach3 1896 1902 1785 1773 1762 1749 1791 1784 1816 1813 1769 1756 
P4Approach4 1897 1900 1784 1770 1763 1748 1792 1783 1816 1812 1767 1753 
P4Approach5 1896 1900 1785 1772 1763 1749 1791 1783 1816 1812 1768 1755 
HU
P4Approach1 282 281 267 255 251 249 238 220 228 227 218 216 
P4Approach2 280 272 263 258 251 248 236 222 227 223 212 208 
P4Approach3 282 281 267 255 251 249 238 220 228 227 218 216 
P4Approach4 286 282 270 254 251 246 230 215 225 221 213 209 
P4Approach5 283 279 267 256 251 248 236 219 227 225 215 212 
FI
P4Approach1 257 251 247 249 243 242 241 242 236 230 231 236 
P4Approach2 257 251 247 249 243 242 241 242 236 230 231 235 
P4Approach3 257 251 247 249 243 242 241 242 236 230 231 236 
P4Approach4 257 252 247 249 243 242 241 242 236 230 231 235 
P4Approach5 257 251 247 249 243 242 241 242 236 230 231 235 
NL
P4Approach1 581 564 577 575 569 554 542 533 509 498 492 493 
P4Approach2 577 564 578 581 569 554 542 534 510 498 492 493 
P4Approach3 581 564 577 575 569 554 542 533 509 498 492 493 
P4Approach4 577 563 578 580 568 555 541 533 509 497 494 495 
P4Approach5 579 564 578 578 569 554 542 533 510 498 493 493 
P4Approach6 581 564 577 575 569 554 542 533 509 498 492 493 
P4Approach7 577 564 578 581 569 554 542 534 510 498 492 493 
P4Approach8 581 564 577 575 569 554 542 533 509 498 492 493 
P4Approach9 577 563 578 580 568 555 541 533 509 497 494 495 
P4Approach10 579 564 578 578 569 554 542 533 510 498 493 493 
P4Approach16 581 564 577 575 569 554 542 533 509 498 492 493 
P4Approach17 577 564 578 581 569 554 542 534 510 498 492 493 
P4Approach18 581 564 577 575 569 554 542 533 509 498 492 493 
P4Approach19 577 563 578 580 568 555 541 533 509 497 494 495 
P4Approach20 579 564 578 578 569 554 542 533 510 498 493 493 
PT
P4Approach1 640 586 615 623 608 606 576 558 561 560 552 550 
P4Approach2 636 583 615 622 607 606 578 564 559 557 550 546 
P4Approach3 640 586 615 623 608 606 576 558 561 560 552 550 
P4Approach4 639 587 614 623 608 606 578 559 560 559 552 550 
P4Approach5 639 586 615 623 608 606 577 560 560 559 551 549 
P4Approach6 640 586 615 623 608 606 576 558 561 560 552 550 
P4Approach7 636 583 615 622 607 606 578 564 559 557 550 546 
P4Approach8 640 586 615 623 608 606 576 558 561 560 552 550 
P4Approach9 639 587 614 623 608 606 578 559 560 559 552 550 
P4Approach10 639 586 615 623 608 606 577 560 560 559 551 549 
P4Approach16 640 586 615 623 608 606 576 558 561 560 552 550 
P4Approach17 636 583 615 622 607 606 578 564 559 557 550 546 
P4Approach18 640 586 615 623 608 606 576 558 561 560 552 550 
P4Approach19 639 587 614 623 608 606 578 559 560 559 552 550 
P4Approach20 639 586 615 623 608 606 577 560 560 559 551 549 
LV
P4Approach1 101 102 108 101 96 96 96 101 90 89 93 93 
P4Approach2 100 103 107 98 98 100 96 100 90 89 94 94 
P4Approach3 101 102 108 101 96 96 96 101 90 89 93 93 
P4Approach4 103 102 109 99 97 99 95 100 90 89 94 94 
P4Approach5 102 102 108 99 97 98 96 100 90 89 94 93 
EU28
P4Approach1 21905 21791 21568 21516 21093 20953 20915 20847 20943 20916 20291 20147 
P4Approach2 21972 21714 21608 21582 21054 20933 21012 20870 20889 20836 20325 20253 
P4Approach3 21905 21791 21568 21516 21093 20953 20915 20847 20943 20916 20291 20147 
P4Approach4 21953 21695 21625 21570 21060 20922 20929 20845 20876 20819 20306 20169 
P4Approach5 21934 21748 21592 21546 21075 20940 20943 20852 20913 20872 20304 20179 
P4Approach6 21905 21791 21568 21516 21093 20953 20915 20847 20943 20916 20291 20147 
P4Approach7 21972 21714 21608 21582 21054 20933 21012 20870 20889 20836 20325 20253 
P4Approach8 21905 21791 21568 21516 21093 20953 20915 20847 20943 20916 20291 20147 
P4Approach9 21953 21695 21625 21570 21060 20922 20929 20845 20876 20819 20306 20169 
P4Approach10 21934 21748 21592 21546 21075 20940 20943 20852 20913 20872 20304 20179 
P4Approach11 21905 21791 21568 21516 21093 20953 20915 20847 20943 20916 20291 20147 
P4Approach12 21972 21714 21608 21582 21054 20933 21012 20870 20889 20836 20325 20253 
P4Approach13 21905 21791 21568 21516 21093 20953 20915 20847 20943 20916 20291 20147 
P4Approach14 21953 21695 21625 21570 21060 20922 20929 20845 20876 20819 20306 20169 
P4Approach15 21934 21748 21592 21546 21075 20940 20943 20852 20913 20872 20304 20179 
P4Approach16 21905 21791 21568 21516 21093 20953 20915 20847 20943 20916 20291 20147 
P4Approach17 21972 21714 21608 21582 21054 20933 21012 20870 20889 20836 20325 20253 
P4Approach18 21905 21791 21568 21516 21093 20953 20915 20847 20943 20916 20291 20147 
P4Approach19 21953 21695 21625 21570 21060 20922 20929 20845 20876 20819 20306 20169 
P4Approach20 21934 21748 21592 21546 21075 20940 20943 20852 20913 20872 20304 20179 
LT
P4Approach1 115 125 134 127 119 117 114 107 125 124 113 113 
P4Approach2 114 127 133 125 121 117 111 110 124 121 113 114 
P4Approach3 115 125 134 127 119 117 114 107 125 124 113 113 
P4Approach4 114 126 132 126 119 117 113 110 125 122 113 113 
P4Approach5 114 126 133 127 119 117 113 109 125 122 113 113 
RO
P4Approach1 616 624 601 590 568 566 578 567 528 524 519 518 
P4Approach2 603 610 602 576 576 573 574 552 527 536 514 508 
P4Approach3 616 624 601 590 568 566 578 567 528 524 519 518 
P4Approach4 603 610 602 576 576 573 574 552 527 536 514 508 
P4Approach5 610 617 602 583 572 569 576 560 528 530 517 513 
PL
P4Approach1 1226 1194 1165 1177 1073 1065 1084 1062 996 983 969 959 
P4Approach2 1220 1189 1163 1178 1073 1064 1080 1045 990 966 965 946 
P4Approach3 1226 1194 1165 1177 1073 1065 1084 1062 996 983 969 959 
P4Approach4 1220 1189 1163 1177 1072 1061 1090 1054 992 971 966 950 
P4Approach5 1223 1192 1164 1177 1073 1064 1084 1056 994 976 967 954 
EL
P4Approach1 1161 1171 1127 1158 1145 1139 1085 1101 1110 1106 1117 1096 
P4Approach2 1158 1168 1123 1156 1143 1137 1082 1099 1106 1103 1114 1093 
P4Approach3 1158 1168 1124 1155 1143 1137 1082 1098 1106 1103 1114 1093 
P4Approach4 1158 1168 1123 1156 1143 1137 1082 1099 1106 1103 1114 1093 
P4Approach5 1158 1169 1124 1156 1143 1137 1083 1100 1107 1104 1115 1094 
EE
P4Approach1 44 46 43 45 47 48 44 48 49 49 50 50 
P4Approach2 44 48 43 45 48 47 44 47 48 49 49 49 
P4Approach3 44 46 43 45 47 48 44 48 49 49 50 50 
P4Approach4 45 46 43 45 47 48 43 48 48 48 49 48 
P4Approach5 44 47 43 45 47 48 44 48 48 49 50 50 
IT
P4Approach1 2839 2867 2936 2970 2976 2973 2943 2976 2928 2924 2993 2994 
P4Approach2 2903 2849 2912 2971 2983 2980 2966 3012 2913 2928 2986 2973 
P4Approach3 2839 2867 2936 2970 2976 2973 2943 2976 2928 2924 2993 2994 
P4Approach4 2914 2872 2958 2987 2990 2993 2957 2990 2935 2939 2993 2996 
P4Approach5 2874 2864 2935 2974 2981 2980 2952 2988 2926 2929 2991 2989 
CZ
P4Approach1 238 230 238 239 217 215 212 219 209 206 203 202 
P4Approach2 238 227 236 237 216 214 209 217 206 203 214 206 
P4Approach3 238 230 238 239 217 215 212 219 209 206 203 202 
P4Approach4 239 227 236 236 216 214 209 217 206 202 212 205 
P4Approach5 238 228 237 238 217 215 211 218 207 204 208 204 
CY
P4Approach1 66 66 64 50 46 46 46 45 51 50 51 51 
P4Approach2 68 66 63 50 46 46 46 45 51 51 51 51 
P4Approach3 66 66 63 49 45 45 45 44 50 50 51 51 
P4Approach4 66 66 63 50 46 46 45 45 51 51 51 51 
P4Approach5 66 66 63 50 46 46 45 45 51 50 51 51 
AT
P4Approach1 263 259 265 272 255 252 285 281 287 290 261 257 
P4Approach2 258 256 261 265 257 257 274 278 285 282 266 266 
P4Approach3 256 258 265 269 258 252 285 278 287 290 261 257 
P4Approach4 257 256 260 262 257 257 275 276 285 283 264 262 
P4Approach5 258 257 263 267 257 254 280 278 286 287 263 261 
IE
P4Approach1 191 185 189 186 182 169 168 182 181 167 161 159 
P4Approach2 190 184 189 186 180 170 168 181 182 167 161 158 
P4Approach3 191 185 189 186 182 169 168 182 181 167 161 159 
P4Approach4 191 185 190 186 182 170 168 181 182 168 161 158 
P4Approach5 191 185 189 186 181 170 168 182 182 168 161 158 
P4Approach16 191 185 189 186 182 169 168 182 181 167 161 159 
P4Approach17 190 184 189 186 180 170 168 181 182 167 161 158 
P4Approach18 191 185 189 186 182 169 168 182 181 167 161 159 
P4Approach19 191 185 190 186 182 170 168 181 182 168 161 158 
P4Approach20 191 185 189 186 181 170 168 182 182 168 161 158 
ES
P4Approach1 4877 4680 4581 4586 4570 4533 4431 4450 4416 4392 4355 4331 
P4Approach2 4854 4660 4575 4584 4570 4534 4432 4451 4416 4395 4353 4331 
P4Approach3 4877 4680 4581 4586 4570 4533 4431 4450 4416 4392 4355 4331 
P4Approach4 4875 4664 4570 4585 4570 4540 4431 4452 4420 4401 4355 4332 
P4Approach5 4871 4671 4577 4586 4570 4535 4431 4451 4417 4395 4354 4331 
P4Approach6 4877 4680 4581 4586 4570 4533 4431 4450 4416 4392 4355 4331 
P4Approach7 4854 4660 4575 4584 4570 4534 4432 4451 4416 4395 4353 4331 
P4Approach8 4877 4680 4581 4586 4570 4533 4431 4450 4416 4392 4355 4331 
P4Approach9 4875 4664 4570 4585 4570 4540 4431 4452 4420 4401 4355 4332 
P4Approach10 4871 4671 4577 4586 4570 4535 4431 4451 4417 4395 4354 4331 
P4Approach16 4877 4680 4581 4586 4570 4533 4431 4450 4416 4392 4355 4331 
P4Approach17 4854 4660 4575 4584 4570 4534 4432 4451 4416 4395 4353 4331 
P4Approach18 4877 4680 4581 4586 4570 4533 4431 4450 4416 4392 4355 4331 
P4Approach19 4875 4664 4570 4585 4570 4540 4431 4452 4420 4401 4355 4332 
P4Approach20 4871 4671 4577 4586 4570 4535 4431 4451 4417 4395 4354 4331 
EA19
P4Approach1 16750 16607 16503 16527 16318 16197 16088 16175 16324 16325 15787 15664 
P4Approach2 16815 16521 16473 16544 16287 16176 16127 16209 16297 16287 15796 15716 
P4Approach3 16750 16607 16503 16527 16318 16197 16088 16175 16324 16325 15787 15664 
P4Approach4 16843 16526 16437 16522 16288 16178 16129 16173 16317 16316 15784 15655 
P4Approach5 16789 16565 16479 16530 16303 16187 16108 16183 16315 16313 15788 15675 
P4Approach16 16750 16607 16503 16527 16318 16197 16088 16175 16324 16325 15787 15664 
P4Approach17 16815 16521 16473 16544 16287 16176 16127 16209 16297 16287 15796 15716 
P4Approach18 16750 16607 16503 16527 16318 16197 16088 16175 16324 16325 15787 15664 
P4Approach19 16843 16526 16437 16522 16288 16178 16129 16173 16317 16316 15784 15655 
P4Approach20 16789 16565 16479 16530 16303 16187 16108 16183 16315 16313 15788 15675 
SK
P4Approach1 284 281 272 280 281 280 273 265 260 258 247 243 
P4Approach2 286 282 273 280 281 280 273 261 259 255 246 242 
P4Approach3 284 281 272 280 281 280 273 265 260 258 247 243 
P4Approach4 286 283 274 280 281 280 274 262 259 255 246 242 
P4Approach5 285 282 273 280 281 280 273 263 259 256 246 242 
SI
P4Approach1 87 92 90 79 77 76 80 78 76 76 74 74 
P4Approach2 88 92 90 79 76 76 80 79 77 76 75 74 
P4Approach3 87 92 90 79 77 76 80 78 76 76 74 74 
P4Approach4 87 92 90 79 77 76 80 79 77 76 75 74 
P4Approach5 87 92 90 79 77 76 80 78 76 76 74 74 
UK
P4Approach1 1600 1631 1602 1592 1594 1608 1584 1617 1588 1636 1529 1558 
P4Approach2 1593 1619 1605 1589 1577 1596 1579 1627 1602 1649 1545 1572 
P4Approach3 1600 1631 1602 1592 1594 1608 1584 1617 1588 1636 1529 1558 
P4Approach4 1596 1618 1593 1572 1577 1596 1595 1629 1603 1648 1545 1568 
P4Approach5 1597 1625 1601 1586 1585 1602 1585 1622 1595 1642 1537 1564 
SE
P4Approach1 368 366 370 376 364 372 372 361 371 363 363 362 
P4Approach2 368 363 374 374 365 375 371 363 367 362 367 359 
P4Approach3 368 366 370 376 364 372 372 361 371 363 363 362 
P4Approach4 366 365 371 375 365 374 375 363 371 360 365 363 
P4Approach5 368 365 371 375 364 373 373 362 370 362 364 362 
P2
BE
FR
BG
DK
HR
DE
HU
FI
NL
PT
LV
LT
RO
PL
GR
EE
IT
CZ
CY
AT
EU
IE
ES
SK
SI
UK
SE
P1
IE
P1ApproachRNA 187 191 195 193 188 171 171 185 185 177 171 170 
